1.7,0.68771041983303,0.67973777431143,-3.2978606688858e-05,1.7003173115249e-05
1.70025,0.69195075814451,0.67537706897388,-3.2893022667159e-05,1.7196610596334e-05
1.7005,0.69616372527175,0.6709884796357,-3.2806441276527e-05,1.7389934471446e-05
1.70075,0.70034913934984,0.66657218127233,-3.2718862691286e-05,1.7583140350663e-05
1.701,0.70450681965569,0.66212834983112,-3.263028710622e-05,1.7776223864376e-05
1.70125,0.70863658660904,0.657657162224,-3.2540714736112e-05,1.7969180663548e-05
1.7015,0.71273826177319,0.6531587963204,-3.245014581528e-05,1.8162006419956e-05
1.70175,0.71681166785585,0.64863343094019,-3.2358580597115e-05,1.8354696826429e-05
1.702,0.72085662870996,0.64408124584668,-3.2266019353604e-05,1.8547247597078e-05
1.70225,0.72487296933442,0.63950242173979,-3.2172462374853e-05,1.873965446753e-05
1.7025,0.72886051587487,0.63489714024925,-3.2077909968611e-05,1.8931913195135e-05
1.70275,0.73281909562441,0.63026558392789,-3.198236245978e-05,1.9124019559192e-05
1.703,0.73674853702433,0.62560793624506,-3.1885820189929e-05,1.9315969361145e-05
1.70325,0.7406486696648,0.62092438158006,-3.1788283516797e-05,1.9507758424789e-05
1.7035,0.7445193242856,0.61621510521575,-3.1689752813801e-05,1.9699382596459e-05
1.70375,0.74836033277675,0.61148029333214,-3.1590228469529e-05,1.9890837745221e-05
1.704,0.75217152817924,0.60672013300015,-3.1489710887236e-05,2.0082119763048e-05
1.70425,0.75595274468568,0.60193481217544,-3.1388200484338e-05,2.0273224564995e-05
1.7045,0.75970381764095,0.59712451969223,-3.1285697691896e-05,2.0464148089365e-05
1.70475,0.76342458354291,0.59228944525734,-3.1182202954098e-05,2.0654886297866e-05
1.705,0.767114880043,0.58742977944419,-3.1077716727742e-05,2.084543517577e-05
1.70525,0.77077454594696,0.58254571368696,-3.0972239481711e-05,2.103579073205e-05
1.7055,0.77440342121546,0.57763744027478,-3.0865771696445e-05,2.1225948999527e-05
1.70575,0.77800134696476,0.57270515234601,-3.0758313863408e-05,2.1415906034995e-05
1.706,0.78156816546745,0.56774904388259,-3.0649866484558e-05,2.160565791935e-05
1.70625,0.78510372015303,0.56276930970449,-3.0540430071807e-05,2.1795200757706e-05
1.7065,0.78860785560868,0.55776614546419,-3.0430005146481e-05,2.1984530679508e-05
1.70675,0.79208041757991,0.55273974764126,-3.0318592238774e-05,2.2173643838631e-05
1.707,0.7955212529713,0.54769031353703,-3.0206191887204e-05,2.236253641348e-05
1.70725,0.79893020984719,0.54261804126923,-3.0092804638061e-05,2.2551204607079e-05
1.7075,0.80230713743244,0.53752312976687,-2.9978431044854e-05,2.2739644647152e-05
1.70775,0.80565188611314,0.53240577876502,-2.9863071667754e-05,2.2927852786197e-05
1.708,0.80896430743743,0.52726618879973,-2.974672707304e-05,2.3115825301557e-05
1.70825,0.81224425411623,0.52210456120306,-2.9629397832529e-05,2.3303558495476e-05
1.7085,0.81549158002407,0.51692109809805,-2.9511084523019e-05,2.3491048695156e-05
1.70875,0.81870614019989,0.51171600239386,-2.9391787725719e-05,2.3678292252799e-05
1.709,0.82188779084788,0.50648947778097,-2.9271508025679e-05,2.3865285545648e-05
1.70925,0.82503638933838,0.5012417287263,-2.9150246011217e-05,2.4052024976018e-05
1.7095,0.82815179420871,0.49597296046863,-2.9028002273348e-05,2.4238506971317e-05
1.70975,0.83123386516409,0.49068337901381,-2.8904777405201e-05,2.4424727984067e-05
1.71,0.8342824630786,0.48537319113025,-2.8780572001445e-05,2.4610684491906e-05
1.71025,0.83729744999614,0.4800426043443,-2.8655386657703e-05,2.4796372997595e-05
1.7105,0.84027868913135,0.47469182693582,-2.8529221969971e-05,2.498179002901e-05
1.71075,0.84322604487071,0.46932106793363,-2.8402078534027e-05,2.5166932139128e-05
1.711,0.84613938277352,0.46393053711125,-2.8273956944849e-05,2.5351795906005e-05
1.71125,0.849018569573,0.45852044498242,-2.8144857796016e-05,2.553637793275e-05
1.7115,0.85186347317738,0.45309100279688,-2.8014781679125e-05,2.5720674847486e-05
1.71175,0.85467396267101,0.44764242253611,-2.7883729183185e-05,2.5904683303306e-05
1.712,0.85744990831558,0.44217491690908,-2.775170089403e-05,2.6088399978224e-05
1.71225,0.86019118155125,0.4366886993481,-2.7618697393715e-05,2.6271821575115e-05
1.7125,0.86289765499791,0.43118398400474,-2.7484719259914e-05,2.6454944821646e-05
1.71275,0.86556920245644,0.42566098574566,-2.7349767065321e-05,2.6637766470207e-05
1.713,0.86820569891002,0.42011992014864,-2.7213841377047e-05,2.6820283297821e-05
1.71325,0.87080702052541,0.41456100349856,-2.7076942756007e-05,2.7002492106064e-05
1.7135,0.87337304465436,0.40898445278338,-2.6939071756318e-05,2.7184389720957e-05
1.71375,0.875903649835,0.40339048569028,-2.6800228924688e-05,2.7365972992872e-05
1.714,0.87839871579327,0.39777932060169,-2.6660414799804e-05,2.7547238796409e-05
1.71425,0.8808581234444,0.39215117659149,-2.6519629911718e-05,2.7728184030284e-05
1.7145,0.8832817548944,0.38650627342109,-2.6377874781237e-05,2.7908805617192e-05
1.71475,0.88566949344166,0.3808448315357,-2.6235149919301e-05,2.8089100503681e-05
1.715,0.88802122357847,0.37516707206051,-2.6091455826371e-05,2.8269065659998e-05
1.71525,0.89033683099267,0.36947321679693,-2.5946792991805e-05,2.8448698079945e-05
1.7155,0.89261620256934,0.3637634882189,-2.5801161893242e-05,2.8627994780713e-05
1.71575,0.89485922639246,0.35803810946916,-2.5654562995977e-05,2.8806952802721e-05
1.716,0.89706579174667,0.35229730435556,-2.5506996752337e-05,2.8985569209435e-05
1.71625,0.89923578911904,0.34654129734743,-2.5358463601062e-05,2.9163841087188e-05
1.7165,0.90136911020089,0.34077031357194,-2.5208963966671e-05,2.9341765544987e-05
1.71675,0.90346564788965,0.33498457881045,-2.505849825884e-05,2.9519339714315e-05
1.717,0.90552529629074,0.32918431949494,-2.490706687177e-05,2.9696560748923e-05
1.71725,0.90754795071955,0.32336976270441,-2.4754670183562e-05,2.9873425824616e-05
1.7175,0.90953350770335,0.31754113616132,-2.4601308555578e-05,3.0049932139028e-05
1.71775,0.91148186498337,0.31169866822803,-2.4446982331814e-05,3.0226076911392e-05
1.718,0.91339292151679,0.30584258790322,-2.4291691838267e-05,3.0401857382302e-05
1.71825,0.91526657747889,0.29997312481845,-2.4135437382293e-05,3.057727081346e-05
1.7185,0.91710273426515,0.29409050923453,-2.3978219251979e-05,3.0752314487428e-05
1.71875,0.91890129449345,0.28819497203807,-2.3820037715499e-05,3.0926985707361e-05
1.719,0.92066216200624,0.28228674473797,-2.366089302048e-05,3.1101281796731e-05
1.71925,0.92238524187284,0.27636605946187,-2.3500785393357e-05,3.1275200099054e-05
1.7195,0.92407044039168,0.27043314895271,-2.3339715038737e-05,3.1448737977597e-05
1.71975,0.92571766509268,0.26448824656524,-2.3177682138754e-05,3.1621892815082e-05
1.72,0.92732682473959,0.25853158626247,-2.3014686852423e-05,3.1794662013382e-05
1.72025,0.92889782933237,0.25256340261224,-2.2850729315e-05,3.1967042993207e-05
1.7205,0.93043059010971,0.24658393078371,-2.2685809637334e-05,3.2139033193781e-05
1.72075,0.93192501955141,0.24059340654387,-2.2519927905218e-05,3.2310630072514e-05
1.721,0.93338103138101,0.23459206625405,-2.2353084178743e-05,3.2481831104661e-05
1.72125,0.93479854056823,0.22858014686642,-2.2185278491649e-05,3.2652633782979e-05
1.7215,0.93617746333167,0.22255788592051,-2.2016510850669e-05,3.2823035617362e-05
1.72175,0.93751771714136,0.2165255215397,-2.1846781234884e-05,3.2993034134488e-05
1.722,0.93881922072147,0.21048329242769,-2.1676089595067e-05,3.3162626877437e-05
1.72225,0.94008189405299,0.20443143786499,-2.1504435853024e-05,3.3331811405313e-05
1.7225,0.94130565837648,0.19837019770543,-2.1331819900946e-05,3.3500585292852e-05
1.72275,0.94249043619481,0.19229981237256,-2.1158241600747e-05,3.3668946130024e-05
1.723,0.94363615127601,0.18622052285616,-2.0983700783406e-05,3.3836891521622e-05
1.72325,0.94474272865607,0.18013257070864,-2.0808197248309e-05,3.4004419086847e-05
1.7235,0.94581009464183,0.17403619804149,-2.0631730762587e-05,3.417152645888e-05
1.72375,0.94683817681386,0.16793164752172,-2.0454301060454e-05,3.4338211284447e-05
1.724,0.94782690402942,0.16181916236819,-2.0275907842542e-05,3.4504471223375e-05
1.72425,0.94877620642544,0.15569898634809,-2.0096550775238e-05,3.4670303948135e-05
1.7245,0.94968601542144,0.14957136377322,-1.9916229490018e-05,3.4835707143383e-05
1.72475,0.95055626372266,0.1434365394964,-1.9734943582775e-05,3.5000678505484e-05
1.725,0.95138688532303,0.13729475890781,-1.9552692613154e-05,3.5165215742033e-05
1.72525,0.95217781550832,0.13114626793124,-1.9369476103878e-05,3.5329316571359e-05
1.7255,0.95292899085918,0.12499131302049,-1.9185293540078e-05,3.5492978722027e-05
1.72575,0.95364034925437,0.11883014115556,-1.9000144368617e-05,3.5656199932327e-05
1.726,0.95431182987382,0.11266299983892,-1.8814027997416e-05,3.5818977949751e-05
1.72625,0.95494337320193,0.1064901370918,-1.8626943794775e-05,3.5981310530464e-05
1.7265,0.95553492103069,0.10031180145035,-1.8438891088695e-05,3.6143195438763e-05
1.72675,0.95608641646299,0.094128241961826,-1.8249869166197e-05,3.6304630446523e-05
1.727,0.95659780391584,0.087939708180801,-1.8059877272641e-05,3.6465613332642e-05
1.72725,0.95706902912369,0.081746450165253,-1.786891461104e-05,3.6626141882464e-05
1.7275,0.95750003914171,0.075548718472724,-1.7676980341373e-05,3.6786213887199e-05
1.72775,0.95789078234912,0.069346764156394,-1.7484073579902e-05,3.6945827143331e-05
1.728,0.95824120845257,0.063140838761128,-1.7290193398475e-05,3.7104979452014e-05
1.72825,0.95855126848948,0.056931194319551,-1.7095338823841e-05,3.7263668618457e-05
1.7285,0.95882091483141,0.050718083348041,-1.6899508836951e-05,3.7421892451303e-05
1.72875,0.95905010118751,0.044501758842695,-1.6702702372265e-05,3.7579648761986e-05
1.729,0.9592387826079,0.038282474275327,-1.6504918317053e-05,3.7736935364091e-05
1.72925,0.95938691548714,0.03206048358935,-1.6306155510696e-05,3.7893750072689e-05
1.7295,0.95949445756764,0.025836041195716,-1.6106412743979e-05,3.8050090703672e-05
1.72975,0.95956136794315,0.019609401968766,-1.5905688758394e-05,3.8205955073067e-05
1.73,0.95958760706223,0.013380821242059,-1.5703982245427e-05,3.8361340996343e-05
1.73025,0.95957313673175,0.0071505548042188,-1.5501291845848e-05,3.8516246287706e-05
1.7305,0.95951792012036,0.00091885889467229,-1.5297616149005e-05,3.8670668759382e-05
1.73075,0.95942192176202,-0.0053140098005591,-1.5092953692105e-05,3.8824606220884e-05
1.731,0.95928510755952,-0.011547794153157,-1.4887302959495e-05,3.897805647827e-05
1.73125,0.959107444788,-0.01778223659683,-1.4680662381951e-05,3.9131017333386e-05
1.7315,0.95888890209847,-0.024017079131623,-1.4473030335944e-05,3.92834865831e-05
1.73175,0.95862944952136,-0.030252063328301,-1.4264405142927e-05,3.9435462018518e-05
1.732,0.95832905847009,-0.03648693033277,-1.4054785068598e-05,3.958694142419e-05
1.73225,0.95798770174454,-0.042721420870476,-1.3844168322173e-05,3.9737922577299e-05
1.7325,0.9576053535347,-0.048955275250883,-1.3632553055654e-05,3.9888403246839e-05
1.73275,0.95718198942412,-0.055188233371986,-1.341993736309e-05,4.0038381192782e-05
1.733,0.95671758639357,-0.061420034724795,-1.3206319279836e-05,4.018785416522e-05
1.73325,0.95621212282448,-0.067650418397936,-1.2991696781814e-05,4.0336819903506e-05
1.7335,0.95566557850257,-0.0738791230822,-1.2776067784766e-05,4.048527613537e-05
1.73375,0.95507793462138,-0.080105887075173,-1.2559430143503e-05,4.0633220576024e-05
1.734,0.95444917378579,-0.086330448285901,-1.2341781651153e-05,4.0780650927254e-05
1.73425,0.9537792800156,-0.092552544239532,-1.2123120038407e-05,4.092756487649e-05
1.7345,0.95306823874902,-0.098771912082059,-1.1903442972756e-05,4.1073960095866e-05
1.73475,0.95231603684626,-0.10498828858502,-1.1682748057731e-05,4.1219834241261e-05
1.735,0.95152266259297,-0.1112014101503,-1.1461032832138e-05,4.1365184951327e-05
1.73525,0.95068810570382,-0.11741101281491,-1.1238294769282e-05,4.1510009846492e-05
1.7355,0.949812357326,-0.12361683225578,-1.10145312762e-05,4.1654306527957e-05
1.73575,0.94889541004265,-0.12981860379465,-1.0789739692876e-05,4.1798072576666e-05
1.736,0.94793725787642,-0.13601606240297,-1.0563917291466e-05,4.1941305552264e-05
1.73625,0.94693789629289,-0.14220894270673,-1.0337061275509e-05,4.2084002992036e-05
1.7365,0.94589732220405,-0.14839697899145,-1.0109168779139e-05,4.2226162409824e-05
1.73675,0.94481553397169,-0.15457990520712,-9.8802368662887e-06,4.236778129493e-05
1.737,0.94369253141092,-0.16075745497318,-9.6502625298967e-06,4.2508857110997e-05
1.73725,0.94252831579348,-0.16692936158355,-9.4192426911001e-06,4.2649387294868e-05
1.7375,0.94132288985117,-0.17309535801162,-9.1871741984323e-06,4.2789369255434e-05
1.73775,0.94007625777926,-0.17925517691536,-8.954053827011e-06,4.2928800372448e-05
1.738,0.93878842523977,-0.18540855064235,-8.7198782777229e-06,4.3067677995334e-05
1.73825,0.93745939936484,-0.1915552112349,-8.4846441764061e-06,4.3205999441955e-05
1.7385,0.93608918876005,-0.19769489043518,-8.2483480730241e-06,4.3343761997382e-05
1.73875,0.93467780350769,-0.20382731969034,-8.0109864408394e-06,4.3480962912622e-05
1.739,0.93322525517003,-0.20995223015768,-7.7725556755799e-06,4.3617599403332e-05
1.73925,0.93173155679255,-0.21606935270984,-7.5330520946003e-06,4.3753668648507e-05
1.7395,0.93019672290716,-0.22217841793998,-7.2924719360414e-06,4.3889167789149e-05
1.73975,0.92862076953542,-0.22827915616697,-7.0508113579821e-06,4.4024093926904e-05
1.74,0.92700371419164,-0.23437129744069,-6.8080664375871e-06,4.4158444122682e-05
1.74025,0.92534557588607,-0.24045457154717,-6.5642331702513e-06,4.4292215395244e-05
1.7405,0.92364637512795,-0.24652870801393,-6.319307468737e-06,4.4425404719769e-05
1.74075,0.92190613392865,-0.25259343611521,-6.0732851623082e-06,4.4558009026395e-05
1.741,0.92012487580467,-0.25864848487721,-5.8261619958586e-06,4.4690025198724e-05
1.74125,0.91830262578066,-0.26469358308345,-5.5779336290347e-06,4.4821450072313e-05
1.7415,0.91643941039241,-0.27072845928001,-5.328595635355e-06,4.4952280433122e-05
1.74175,0.9145352576898,-0.27675284178081,-5.0781435013232e-06,4.5082513015946e-05
1.742,0.91259019723969,-0.28276645867301,-4.8265726255356e-06,4.5212144502809e-05
1.74225,0.91060426012886,-0.28876903782217,-4.5738783177858e-06,4.5341171521327e-05
1.7425,0.90857747896677,-0.29476030687771,-4.3200557981611e-06,4.5469590643049e-05
1.74275,0.90650988788846,-0.3007399932781,-4.0651001961372e-06,4.5597398381754e-05
1.743,0.90440152255725,-0.30670782425625,-3.8090065496655e-06,4.5724591191725e-05
1.74325,0.90225242016753,-0.31266352684477,-3.5517698042549e-06,4.5851165465983e-05
1.7435,0.90006261944744,-0.31860682788129,-3.2933848120515e-06,4.5977117534493e-05
1.74375,0.8978321606615,-0.32453745401374,-3.0338463309102e-06,4.6102443662328e-05
1.744,0.8955610856133,-0.33045513170567,-2.7731490234616e-06,4.6227140047801e-05
1.74425,0.89324943764802,-0.33635958724149,-2.511287456177e-06,4.6351202820564e-05
1.7445,0.89089726165501,-0.34225054673178,-2.2482560984236e-06,4.6474628039658e-05
1.74475,0.88850460407028,-0.34812773611848,-1.9840493215192e-06,4.6597411691537e-05
1.745,0.88607151287896,-0.35399088118018,-1.7186613977798e-06,4.6719549688047e-05
1.74525,0.88359803761773,-0.35983970753735,-1.4520864995618e-06,4.6841037864359e-05
1.7455,0.88108422937719,-0.36567394065748,-1.1843186983022e-06,4.6961871976872e-05
1.74575,0.87853014080422,-0.37149330586032,-9.1535196355165e-07,4.7082047701064e-05
1.746,0.87593582610424,-0.37729752832302,-6.451801620036e-07,4.7201560629304e-05
1.74625,0.87330134104348,-0.38308633308523,-3.7379705652072e-07,4.7320406268614e-05
1.7465,0.87062674295122,-0.38885944505424,-1.0119630515399e-07,4.7438580038397e-05
1.74675,0.86791209072189,-0.39461658901005,1.7262853983887e-07,4.75560772681e-05
1.747,0.86515744481727,-0.40035748961038,4.476840329814e-07,4.7672893194846e-05
1.74725,0.86236286726851,-0.4060818713957,7.2397683657013e-07,4.7789022961009e-05
1.7475,0.85952842167821,-0.4117894587942,1.0015137216678e-06,4.7904461611733e-05
1.74775,0.85665417322238,-0.41747997612669,1.2803015691019e-06,4.8019204092409e-05
1.748,0.85374018865241,-0.42315314761152,1.5603473704672e-06,4.8133245246097e-05
1.74825,0.85078653629698,-0.42880869736939,1.8416582291275e-06,4.8246579810882e-05
1.7485,0.84779328606392,-0.43444634942817,2.1242413612253e-06,4.835920241719e-05
1.74875,0.84476050944202,-0.44006582772762,2.4081040966889e-06,4.8471107585035e-05
1.749,0.8416882795028,-0.44566685612407,2.6932538802446e-06,4.8582289721213e-05
1.74925,0.83857667090228,-0.45124915839509,2.9796982724315e-06,4.8692743116432e-05
1.7495,0.83542575988265,-0.45681245824403,3.2674449506138e-06,4.8802461942379e-05
1.74975,0.8322356242739,-0.46235647930454,3.5565017099984e-06,4.8911440248729e-05
1.75,0.82900634349546,-0.46788094514504,3.8468764646518e-06,4.9019671960083e-05
1.75025,0.82573799855774,-0.47338557927304,4.1385772485156e-06,4.9127150872839e-05
1.7505,0.82243067206368,-0.47887010513954,4.4316122164254e-06,4.9233870651995e-05
1.75075,0.8190844482102,-0.48433424614317,4.725989645125e-06,4.9339824827887e-05
1.751,0.81569941278967,-0.4897777256344,5.0217179342827e-06,4.944500679284e-05
1.75125,0.81227565319132,-0.49520026691963,5.3188056075054e-06,4.9549409797763e-05
1.7515,0.80881325840256,-0.50060159326514,5.6172613133484e-06,4.9653026948649e-05
1.75175,0.80531231901038,-0.50598142790099,5.9170938263246e-06,4.9755851203011e-05
1.752,0.80177292720254,-0.51133949402492,6.2183120479099e-06,4.9857875366227e-05
1.75225,0.79819517676895,-0.51667551480595,6.5209250075427e-06,4.9959092087809e-05
1.7525,0.79457916310278,-0.5219892133881,6.8249418636214e-06,5.0059493857584e-05
1.75275,0.79092498320168,-0.52728031289386,7.1303719044928e-06,5.0159073001786e-05
1.753,0.78723273566896,-0.5325485364276,7.4372245494363e-06,5.025782167906e-05
1.75325,0.78350252071468,-0.53779360707893,7.7455093496412e-06,5.0355731876374e-05
1.7535,0.77973444015673,-0.54301524792584,8.0552359891724e-06,5.0452795404836e-05
1.75375,0.77592859742191,-0.54821318203779,8.3664142859301e-06,5.0549003895415e-05
1.754,0.77208509754696,-0.55338713247868,8.6790541925984e-06,5.0644348794555e-05
1.75425,0.76820404717956,-0.55853682230968,8.9931657975799e-06,5.0738821359697e-05
1.7545,0.76428555457928,-0.56366197459191,9.3087593259221e-06,5.083241265469e-05
1.75475,0.76032972961858,-0.56876231238902,9.6258451402248e-06,5.0925113545088e-05
1.755,0.75633668378374,-0.57383755876964,9.9444337415366e-06,5.1016914693349e-05
1.75525,0.75230653017574,-0.57888743680964,1.0264535770233e-05,5.1107806553908e-05
1.7555,0.74823938351116,-0.58391166959428,1.0586162006874e-05,5.1197779368133e-05
1.75575,0.74413536012311,-0.58890998022021,1.0909323373049e-05,5.1286823159171e-05
1.756,0.73999457796205,-0.59388209179732,1.1234030932191e-05,5.1374927726658e-05
1.75625,0.73581715659664,-0.59882772745036,1.1560295890376e-05,5.1462082641302e-05
1.7565,0.73160321721463,-0.60374661032051,1.1888129597092e-05,5.1548277239346e-05
1.75675,0.72735288262363,-0.60863846356668,1.2217543545985e-05,5.1633500616884e-05
1.757,0.72306627725203,-0.61350301036671,1.2548549375574e-05,5.1717741624042e-05
1.75725,0.71874352714974,-0.61833997391833,1.2881158869936e-05,5.1800988859023e-05
1.7575,0.71438475998911,-0.62314907743994,1.3215383959357e-05,5.1883230661995e-05
1.75775,0.70999010506569,-0.62793004417127,1.3551236720946e-05,5.1964455108834e-05
1.758,0.70555969329913,-0.63268259737377,1.3888729379215e-05,5.2044650004717e-05
1.75825,0.701093657234,-0.63740646033081,1.4227874306616e-05,5.2123802877546e-05
1.7585,0.69659213104067,-0.64210135634768,1.456868402403e-05,5.2201900971217e-05
1.75875,0.6920552505162,-0.64676700875143,1.4911171201218e-05,5.2278931238716e-05
1.759,0.68748315308521,-0.65140314089039,1.5255348657213e-05,5.2354880335044e-05
1.75925,0.68287597780084,-0.65600947613356,1.5601229360666e-05,5.2429734609966e-05
1.7595,0.67823386534571,-0.6605857378697,1.5948826430135e-05,5.2503480100573e-05
1.75975,0.67355695803287,-0.66513164950623,1.6298153134303e-05,5.2576102523661e-05
1.76,0.66884539980683,-0.6696469344679,1.6649222892149e-05,5.2647587267916e-05
1.76025,0.66409933624465,-0.67413131619513,1.7002049273039e-05,5.2717919385899e-05
1.7605,0.659318914557,-0.6785845181422,1.7356645996744e-05,5.2787083585825e-05
1.76075,0.65450428358934,-0.6830062637751,1.771302693339e-05,5.2855064223138e-05
1.761,0.64965559382312,-0.68739627656914,1.8071206103312e-05,5.2921845291867e-05
1.76125,0.64477299737705,-0.69175428000631,1.843119767684e-05,5.2987410415761e-05
1.7615,0.63985664800841,-0.69607999757232,1.879301597397e-05,5.3051742839193e-05
1.76175,0.63490670111444,-0.70037315275337,1.915667546396e-05,5.3114825417836e-05
1.762,0.62992331373385,-0.7046334690326,1.9522190764801e-05,5.3176640609089e-05
1.76225,0.62490664454834,-0.70886066988629,1.9889576642592e-05,5.3237170462269e-05
1.7625,0.61985685388421,-0.71305447877971,2.0258848010798e-05,5.3296396608531e-05
1.76275,0.61477410371415,-0.71721461916264,2.063001992937e-05,5.3354300250541e-05
1.763,0.609658557659,-0.72134081446461,2.1003107603754e-05,5.3410862151873e-05
1.76325,0.60451038098972,-0.72543278808976,2.1378126383746e-05,5.3466062626126e-05
1.7635,0.59932974062941,-0.72949026341138,2.1755091762206e-05,5.3519881525769e-05
1.76375,0.59411680515548,-0.73351296376612,2.2134019373614e-05,5.3572298230677e-05
1.764,0.58887174480193,-0.73750061244782,2.2514924992469e-05,5.3623291636382e-05
1.76425,0.58359473146175,-0.74145293270092,2.2897824531502e-05,5.3672840142004e-05
1.7645,0.57828593868949,-0.74536964771364,2.3282734039711e-05,5.3720921637871e-05
1.76475,0.572945541704,-0.74925048061062,2.3669669700206e-05,5.3767513492811e-05
1.765,0.56757371739123,-0.75309515444524,2.4058647827835e-05,5.3812592541108e-05
1.76525,0.5621706443073,-0.75690339219158,2.4449684866607e-05,5.3856135069115e-05
1.7655,0.5567365026817,-0.76067491673586,2.4842797386873e-05,5.3898116801513e-05
1.76575,0.55127147442065,-0.76440945086755,2.5238002082269e-05,5.3938512887208e-05
1.766,0.54577574311074,-0.76810671727002,2.5635315766401e-05,5.3977297884855e-05
1.76625,0.54024949402266,-0.77176643851073,2.6034755369256e-05,5.4014445747993e-05
1.7665,0.53469291411522,-0.77538833703101,2.643633793333e-05,5.4049929809797e-05
1.76675,0.52910619203956,-0.77897213513534,2.6840080609446e-05,5.4083722767419e-05
1.767,0.52348951814366,-0.78251755498019,2.7246000652254e-05,5.4115796665916e-05
1.76725,0.51784308447696,-0.78602431856234,2.7654115415399e-05,5.4146122881757e-05
1.7675,0.51216708479539,-0.78949214770677,2.8064442346314e-05,5.4174672105885e-05
1.76775,0.50646171456661,-0.79292076405394,2.8476998980653e-05,5.4201414326345e-05
1.768,0.50072717097547,-0.79630988904669,2.8891802936313e-05,5.4226318810438e-05
1.76825,0.49496365292988,-0.79965924391651,2.9308871907037e-05,5.4249354086419e-05
1.7685,0.48917136106691,-0.8029685496693,2.9728223655574e-05,5.4270487924702e-05
1.76875,0.48335049775925,-0.80623752707058,3.0149876006361e-05,5.428968731858e-05
1.769,0.477501267122,-0.80946589663014,3.0573846837716e-05,5.4306918464436e-05
1.76925,0.47162387501978,-0.81265337858614,3.1000154073504e-05,5.4322146741433e-05
1.7695,0.46571852907431,-0.81579969288852,3.1428815674241e-05,5.4335336690684e-05
1.76975,0.45978543867222,-0.81890455918198,3.1859849627626e-05,5.4346451993868e-05
1.77,0.45382481497343,-0.82196769678815,3.2293273938438e-05,5.4355455451307e-05
1.77025,0.44783687091982,-0.82498882468726,3.2729106617796e-05,5.4362308959466e-05
1.7705,0.44182182124439,-0.82796766149915,3.3167365671721e-05,5.4366973487877e-05
1.77075,0.43577988248088,-0.83090392546356,3.360806908897e-05,5.4369409055484e-05
1.771,0.42971127297388,-0.83379733441983,3.4051234828102e-05,5.4369574706373e-05
1.77125,0.42361621288935,-0.83664760578583,3.4496880803735e-05,5.4367428484898e-05
1.7715,0.41749492422581,-0.83945445653626,3.4945024871941e-05,5.4362927410183e-05
1.77175,0.41134763082588,-0.84221760318017,3.5395684814738e-05,5.4356027449989e-05
1.772,0.40517455838853,-0.8449367617378,3.5848878323629e-05,5.4346683493933e-05
1.77225,0.39897593448187,-0.84761164771663,3.6304622982126e-05,5.433484932606e-05
1.7725,0.39275198855647,-0.85024197608669,3.6762936247211e-05,5.4320477596746e-05
1.77275,0.38650295195945,-0.85282746125504,3.7223835429671e-05,5.4303519793927e-05
1.773,0.3802290579491,-0.85536781703951,3.7687337673246e-05,5.4283926213658e-05
1.77325,0.37393054171025,-0.85786275664159,3.8153459932519e-05,5.4261645929975e-05
1.7735,0.36760764037035,-0.86031199261849,3.8622218949482e-05,5.4236626764073e-05
1.77375,0.36126059301625,-0.86271523685429,3.9093631228706e-05,5.4208815252782e-05
1.774,0.3548896407118,-0.86507220053035,3.9567713011025e-05,5.4178156616352e-05
1.77425,0.3484950265162,-0.86738259409465,4.0044480245667e-05,5.4144594725534e-05
1.7745,0.34207699550321,-0.86964612723039,4.0523948560736e-05,5.4108072067959e-05
1.77475,0.33563579478126,-0.87186250882351,4.1006133231952e-05,5.4068529713827e-05
1.775,0.32917167351436,-0.87403144692936,4.1491049149553e-05,5.4025907280908e-05
1.77525,0.32268488294404,-0.87615264873836,4.1978710783264e-05,5.3980142898848e-05
1.7755,0.31617567641223,-0.87822582054064,4.2469132145207e-05,5.3931173172822e-05
1.77575,0.30964430938512,-0.8802506676897,4.2962326750663e-05,5.3878933146511e-05
1.776,0.30309103947813,-0.88222689456503,4.3458307576537e-05,5.3823356264461e-05
1.77625,0.29651612648194,-0.88415420453363,4.3957087017421e-05,5.3764374333805e-05
1.7765,0.28991983238959,-0.88603229991049,4.4458676839119e-05,5.3701917485415e-05
1.77675,0.28330242142492,-0.88786088191795,4.496308812947e-05,5.3635914134482e-05
1.777,0.27666416007208,-0.8896396506439,4.5470331246356e-05,5.3566290940588e-05
1.77725,0.27000531710637,-0.89136830499888,4.5980415762709e-05,5.34929727673e-05
1.7775,0.26332616362645,-0.89304654267194,4.6493350408362e-05,5.341588264134e-05
1.77775,0.25662697308782,-0.89467406008534,4.700914300858e-05,5.3334941711392e-05
1.778,0.24990802133788,-0.89625055234798,4.7527800419066e-05,5.3250069206615e-05
1.77825,0.24316958665229,-0.89777571320762,4.8049328457272e-05,5.3161182394937e-05
1.7785,0.23641194977306,-0.89924923500178,4.8573731829808e-05,5.306819654122e-05
1.77875,0.22963539394812,-0.90067080860733,4.9101014055715e-05,5.2971024865394e-05
1.779,0.22284020497261,-0.90204012338876,4.9631177385416e-05,5.2869578500674e-05
1.77925,0.21602667123187,-0.90335686714509,5.0164222715084e-05,5.2763766451984e-05
1.7795,0.20919508374632,-0.90462072605533,5.0700149496187e-05,5.2653495554734e-05
1.77975,0.20234573621806,-0.90583138462259,5.1238955639968e-05,5.2538670434113e-05
1.78,0.19547892507959,-0.90698852561672,5.1780637416571e-05,5.2419193465058e-05
1.78025,0.18859494954446,-0.9080918300154,5.2325189348549e-05,5.2294964733127e-05
1.7805,0.18169411165997,-0.90914097694383,5.2872604098456e-05,5.2165881996466e-05
1.78075,0.17477671636221,-0.91013564361277,5.3422872350216e-05,5.2031840649148e-05
1.781,0.16784307153326,-0.9110755052551,5.397598268396e-05,5.1892733686127e-05
1.78125,0.16089348806076,-0.91196023506069,5.4531921443994e-05,5.1748451670136e-05
1.7815,0.15392827990002,-0.91278950410969,5.5090672599561e-05,5.1598882700853e-05
1.78175,0.14694776413855,-0.91356298130414,5.5652217598045e-05,5.1443912386708e-05
1.782,0.13995226106344,-0.9142803332979,5.6216535210256e-05,5.128342381975e-05
1.78225,0.13294209423127,-0.91494122442477,5.678360136741e-05,5.1117297554018e-05
1.7825,0.12591759054112,-0.91554531662494,5.7353388989444e-05,5.0945411587928e-05
1.78275,0.1188790803104,-0.91609226936958,5.7925867804244e-05,5.0767641351222e-05
1.783,0.11182689735392,-0.91658173958364,5.8501004157413e-05,5.0583859697088e-05
1.78325,0.10476137906605,-0.91701338156675,5.9078760812167e-05,5.0393936900128e-05
1.7835,0.097682866506404,-0.91738684691224,5.9659096738948e-05,5.0197740660894e-05
1.78375,0.090591704488911,-0.91770178442424,6.0241966894356e-05,4.9995136117815e-05
1.784,0.083488241674568,-0.91795784003278,6.0827321988994e-05,4.9785985867386e-05
1.78425,0.076372830667986,-0.91815465670693,6.1415108243832e-05,4.9570149993601e-05
1.7845,0.069245828117844,-0.91829187436591,6.2005267134718e-05,4.9347486107675e-05
1.78475,0.06210759482151,-0.91836912978812,6.2597735124646e-05,4.9117849399232e-05
1.785,0.054958495833871,-0.91838605651806,6.3192443383475e-05,4.8881092700209e-05
1.78525,0.047798900580618,-0.91834228477119,6.3789317494769e-05,4.8637066562865e-05
1.7855,0.040629182976202,-0.91823744133654,6.4388277149494e-05,4.8385619353396e-05
1.78575,0.033449721546531,-0.91807114947724,6.4989235826361e-05,4.8126597362795e-05
1.786,0.026260899556752,-0.91784302882872,6.5592100458666e-05,4.7859844936733e-05
1.78625,0.019063105144212,-0.91755269529477,6.6196771087537e-05,4.758520462639e-05
1.7865,0.011856731456831,-0.91719976094124,6.680314050162e-05,4.7302517362322e-05
1.78675,0.0046421767972078,-0.91678383388752,6.7411093863308e-05,4.7011622653636e-05
1.787,-0.0025801552274469,-0.91630451819564,6.8020508321796e-05,4.6712358814902e-05
1.78725,-0.0098098555492388,-0.91576141375705,6.863125261334e-05,4.6404563223433e-05
1.7875,-0.017046509477059,-0.91515411617701,6.9243186649327e-05,4.6088072609772e-05
1.78775,-0.024289696527491,-0.91448221665663,6.9856161092945e-05,4.5762723384398e-05
1.788,-0.031538990248684,-0.91374530187251,7.0470016925479e-05,4.542835200392e-05
1.78825,-0.038793958037059,-0.9129429538539,7.108458500356e-05,4.5084795380203e-05
1.7885,-0.046054160946485,-0.9120747498575,7.1699685608994e-05,4.4731891336114e-05
1.78875,-0.053319153489542,-0.91114026223981,7.2315127993165e-05,4.4369479111803e-05
1.789,-0.060588483430698,-0.91013905832705,7.2930709918435e-05,4.3997399925612e-05
1.78925,-0.067861691570869,-0.9090707002826,7.3546217199421e-05,4.3615497593968e-05
1.7895,-0.075138311523146,-0.90793474497206,7.4161423247583e-05,4.3223619214754e-05
1.78975,-0.082417869479267,-0.90673074382586,7.4776088623135e-05,4.2821615918885e-05
1.79,-0.089699883966371,-0.90545824269948,7.5389960598997e-05,4.2409343694919e-05
1.79025,-0.096983865593735,-0.90411678173124,7.6002772742239e-05,4.1986664291654e-05
1.7905,-0.10426931678901,-0.90270589519782,7.6614244519327e-05,4.1553446203757e-05
1.79075,-0.11155573152347,-0.90122511136735,7.7224080932406e-05,4.1109565745426e-05
1.791,-0.11884259502584,-0.89967395235028,7.7831972194892e-05,4.0654908217038e-05
1.79125,-0.1261293834843,-0.89805193394804,7.8437593455765e-05,4.0189369169579e-05
1.7915,-0.13341556373593,-0.89635856549945,7.9040604583208e-05,3.9712855771341e-05
1.79175,-0.14070059294329,-0.89459334972512,7.9640650019551e-05,3.9225288280959e-05
1.792,-0.14798391825747,-0.89275578256977,8.0237358720932e-05,3.8726601630312e-05
1.79225,-0.15526497646697,-0.89084535304266,8.0830344196628e-05,3.8216747119979e-05
1.7925,-0.16254319363195,-0.88886154305618,8.1419204664616e-05,3.7695694228981e-05
1.79275,-0.16981798470303,-0.88680382726277,8.2003523341635e-05,3.7163432539269e-05
1.793,-0.17708875312418,-0.88467167289024,8.2582868887786e-05,3.6619973773836e-05
1.79325,-0.18435489041871,-0.88246453957577,8.3156796027463e-05,3.6065353945461e-05
1.7935,-0.19161577575799,-0.88018187919853,8.3724846370214e-05,3.549963561076e-05
1.79375,-0.19887077551181,-0.87782313571143,8.4286549456827e-05,3.4922910221543e-05
1.794,-0.20611924277981,-0.87538774497193,8.4841424057578e-05,3.4335300562262e-05
1.79425,-0.21336051690297,-0.87287513457226,8.5388979750978e-05,3.3736963258629e-05
1.7945,-0.22059392295447,-0.87028472366938,8.5928718812562e-05,3.3128091338233e-05
1.79475,-0.22781877120883,-0.86761592281488,8.6460138444011e-05,3.2508916819143e-05
1.795,-0.23503435658851,-0.8648681337851,8.6982733373257e-05,3.1879713297028e-05
1.79525,-0.24223995808694,-0.86204074941194,8.7495998855874e-05,3.1240798495286e-05
1.7955,-0.24943483816682,-0.85913315341472,8.7999434106972e-05,3.0592536736031e-05
1.79575,-0.25661824213291,-0.85614472023341,8.8492546190769e-05,2.9935341282564e-05
1.796,-0.26378939747777,-0.85307481486385,8.897485439181e-05,2.9269676496335e-05
1.79625,-0.2709475131996,-0.84992279269533,8.9445895087293e-05,2.8596059743308e-05
1.7965,-0.27809177909081,-0.84668799935121,8.9905227133854e-05,2.7915062976443e-05
1.79675,-0.28522136499595,-0.8433697705331,9.0352437774368e-05,2.722731391278e-05
1.797,-0.29233542003788,-0.83996743186927,9.0787149060526e-05,2.6533496715641e-05
1.79725,-0.2994330718105,-0.83648029876817,9.1209024775082e-05,2.5834352085203e-05
1.7975,-0.3065134255368,-0.8329076762776,9.1617777823569e-05,2.513067665439e-05
1.79775,-0.31357556319054,-0.82924885895056,9.2013178048858e-05,2.4423321582331e-05
1.798,-0.3206185425801,-0.82550313071877,9.2395060403293e-05,2.3713190234951e-05
1.79825,-0.3276413963927,-0.82166976477471,9.2763333392323e-05,2.3001234842307e-05
1.7985,-0.3346431311974,-0.81774802346338,9.3117987680867e-05,2.2288452025648e-05
1.79875,-0.3416227264049,-0.81373715818508,9.3459104729546e-05,2.1575877094548e-05
1.799,-0.34857913318246,-0.80963640931039,9.3786865302909e-05,2.0864577026494e-05
1.79925,-0.35551127332184,-0.80544500610877,9.4101557666814e-05,2.015564205857e-05
1.7995,-0.36241803805823,-0.80116216669251,9.4403585268019e-05,1.9450175843913e-05
1.79975,-0.36929828683819,-0.79678709797742,9.4693473667167e-05,1.8749284154592e-05
1.8,-0.37615084603419,-0.79231899566242,9.4971876478015e-05,1.805406214778e-05
1.80025,-0.38297450760365,-0.78775704422967,9.5239580052428e-05,1.736558025306e-05
1.8005,-0.38976802769005,-0.7831004169676,9.549750664409e-05,1.6684868785049e-05
1.80075,-0.39653012516356,-0.77834827601909,9.5746715785492e-05,1.6012901436195e-05
1.801,-0.40325948009888,-0.77349977245726,9.5988403624139e-05,1.5350577857959e-05
1.80125,-0.40995473218729,-0.76855404639167,9.6223899986282e-05,1.4698705593115e-05
1.8015,-0.41661447908065,-0.76351022710775,9.6454662970666e-05,1.4057981674807e-05
1.80175,-0.42323727466406,-0.75836743324273,9.6682270921238e-05,1.3428974256999e-05
1.802,-0.4298216272547,-0.75312477300147,9.6908411686066e-05,1.2812104682884e-05
1.80225,-0.4363659977235,-0.74778134441586,9.7134869139062e-05,1.2207630429719e-05
1.8025,-0.4428687975369,-0.74233623565182,9.7363507019464e-05,1.1615629387619e-05
1.80275,-0.44932838671523,-0.73678852536822,9.7596250228985e-05,1.1035985933394e-05
1.803,-0.45574307170472,-0.7311372831325,9.783506381463e-05,1.0468379246634e-05
1.80325,-0.46211110315975,-0.72538156989771,9.8081929952491e-05,9.9122742826811e-06
1.8035,-0.46843067363182,-0.71952043854687,9.8338823330006e-05,9.3669157657723e-06
1.80375,-0.47469991516212,-0.71355293451013,9.8607685396764e-05,8.8313254961823e-06
1.804,-0.48091689677385,-0.70747809646127,9.889039801254e-05,8.3043031799554e-06
1.80425,-0.48707962186111,-0.70129495710031,9.9188757062213e-05,7.784430891739e-06
1.8045,-0.49318602547049,-0.69500254402959,9.9504446627394e-05,7.2700811746374e-06
1.80475,-0.49923397147203,-0.68859988073127,9.983901430228e-05,6.7594286707189e-06
1.805,-0.50522124961593,-0.68208598765474,0.00010019384821565,6.2504650671546e-06
1.80525,-0.51114557247138,-0.67545988342328,0.00010057015627294,5.7410170413843e-06
1.8055,-0.51700457224424,-0.66872058616964,0.00010096894806416,5.228766799161e-06
1.80575,-0.52279579746995,-0.66186711501146,0.00010139101979808,4.7112747262669e-06
1.806,-0.52851670957856,-0.65489849167779,0.00010183694252536,4.1860036214236e-06
1.80625,-0.53416467932876,-0.64781374229918,0.00010230705380794,3.6503439465739e-06
1.8065,-0.53973698310782,-0.64061189937436,0.00010280145288424,3.1016395221134e-06
1.80675,-0.54523079909495,-0.63329200392815,0.0001033199992748,2.5372131082098e-06
1.807,-0.55064320328561,-0.6258531078753,0.00010386231467583,1.9543913472462e-06
1.80725,-0.5559711653747,-0.61829427660723,0.00010442778790292,1.3505285939046e-06
1.8075,-0.56121154449721,-0.61061459181878,0.00010501558257601,7.2302922473353e-07
1.80775,-0.56636108482508,-0.60281315459404,0.0001056246471834,6.9368094254422e-08
1.808,-0.57141641101996,-0.59488908877143,0.000106253727126,-6.1289111455543e-07
1.80825,-0.57637402354205,-0.58684154460941,0.00010690137832482,-1.3260798153107e-06
1.8085,-0.58123029381611,-0.57866970277614,0.00010756598197259,-2.0724108086596e-06
1.80875,-0.58598145925671,-0.57037277868766,0.00010824576002319,-2.8539669533572e-06
1.809,-0.59062361815584,-0.56195002722068,0.0001089387910379,-3.6726921664985e-06
1.80925,-0.59515272443726,-0.55340074782852,0.00010964302604259,-4.5303846443061e-06
1.8095,-0.59956458228349,-0.54472429008954,0.00011035630409211,-5.4286921484782e-06
1.80975,-0.60385484064288,-0.53592005972029,0.00011107636728507,-6.3691091676628e-06
1.81,-0.60801898762608,-0.52698752508692,0.00011180087502047,-7.3529757390107e-06
1.81025,-0.61205234480355,-0.51792622425082,0.00011252741733666,-8.3814777002737e-06
1.8105,-0.61595006141775,-0.50873577258636,0.00011325352721938,-9.4556481374687e-06
1.81075,-0.61970710852671,-0.49941587101105,0.00011397669180923,-1.0576369795528e-05
1.811,-0.62331827309854,-0.48996631487033,0.00011469436247764,-1.1744378228257e-05
1.81125,-0.62677815207979,-0.48038700352186,0.00011540396377509,-1.2960265477805e-05
1.8115,-0.63008114646459,-0.47067795066605,0.00011610290128369,-1.4224484091625e-05
1.81175,-0.63322145539541,-0.46083929547216,0.00011678856843048,-1.5537351305054e-05
1.812,-0.63619307033136,-0.45087131455149,0.00011745835233625,-1.6899053239322e-05
1.81225,-0.638989769325,-0.44077443483099,0.00011810963878878,-1.8309648987064e-05
1.8125,-0.64160511145447,-0.43054924738327,0.00011873981643911,-1.9769074479335e-05
1.81275,-0.64403243146434,-0.42019652227032,0.00011934628032554,-2.1277146049392e-05
1.813,-0.64626483467565,-0.40971722446027,0.00011992643483287,-2.2833563628561e-05
1.81325,-0.64829519223333,-0.39911253087778,0.0001204776961944,-2.4437913527995e-05
1.8135,-0.65011613676818,-0.38838384864971,0.00012099749464233,-2.6089670777077e-05
1.81375,-0.65172005855962,-0.37753283460826,0.00012148327630841,-2.7788201004393e-05
1.814,-0.65309910229616,-0.36656141611404,0.00012193250497136,-2.9532761860592e-05
1.81425,-0.65424516454159,-0.35547181326058,0.0001223426637419,-3.1322503994347e-05
1.8145,-0.6551498920272,-0.34426656252047,0.00012271125676912,-3.3156471602772e-05
1.81475,-0.65580468090361,-0.3329485418913,0.00012303581104498,-3.5033602586455e-05
1.815,-0.65620067710013,-0.32152099759537,0.00012331387837615,-3.6952728346806e-05
1.81525,-0.65632877795478,-0.30998757238299,0.00012354303758483,-3.8912573269645e-05
1.8155,-0.65617963529476,-0.29835233548241,0.00012372089699254,-4.0911753944304e-05
1.81575,-0.65574366016426,-0.28661981423131,0.00012384509723358,-4.2948778171865e-05
1.816,-0.65501102941534,-0.27479502741493,0.00012391331443684,-4.5022043819709e-05
1.81625,-0.65397169439672,-0.2628835203227,0.00012392326380786,-4.7129837582455e-05
1.8165,-0.65261539199548,-0.25089140152065,0.00012387270363517,-4.9270333711587e-05
1.81675,-0.65093165830786,-0.23882538131841,0.00012375943973823,-5.1441592777704e-05
1.817,-0.64890984523624,-0.22669281188766,0.00012358133036675,-5.3641560530555e-05
1.81725,-0.6465391403313,-0.21450172896415,0.00012333629155427,-5.5868066922526e-05
1.8175,-0.64380859021943,-0.20226089503508,0.00012302230292182,-5.8118825361532e-05
1.81775,-0.64070712797667,-0.18997984387992,0.00012263741392035,-6.0391432258781e-05
1.818,-0.63722360482984,-0.17766892629319,0.00012217975049366,-6.2683366936085e-05
1.81825,-0.63334682658412,-0.16533935677313,0.0001216475221366,-6.4991991955954e-05
1.8185,-0.62906559519151,-0.15300326090924,0.00012103902931625,-6.7314553935767e-05
1.81875,-0.62436875588772,-0.14067372314546,0.00012035267121681,-6.9648184904655e-05
1.819,-0.61924525033252,-0.12836483453141,0.00011958695376247,-7.1989904258664e-05
1.81925,-0.61368417619196,-0.11609174000489,0.0001187404978653,-7.4336621365703e-05
1.8195,-0.60767485359646,-0.10387068467107,0.00011781204783926,-7.668513886736e-05
1.81975,-0.6012068988967,-0.09171905846034,0.00011680047991484,-7.9032156719263e-05
1.82,-0.5942703061173,-0.079655438456321,0.00011570481078331,-8.1374277005589e-05
1.82025,-0.58685553647425,-0.067699628088728,0.00011452420609393,-8.370800955665e-05
1.8205,-0.578953616275,-0.055872692284438,0.00011325798882287,-8.6029778390778e-05
1.82075,-0.57055624345679,-0.044196987563538,0.00011190564742832,-8.8335928993642e-05
1.821,-0.56165590293834,-0.032696185958814,0.00011046684370293,-9.0622736439143e-05
1.82125,-0.55224599085903,-0.021395291527801,0.00010894142023235,-9.2886414346518e-05
1.8215,-0.54232094765696,-0.010320648118824,0.00010732940736687,-9.5123124658316e-05
1.82175,-0.53187639979052,0.00050006304966147,0.00010563102961327,-9.7328988213421e-05
1.822,-0.52090930973572,0.011037837530707,0.00010384671135428,-9.9500096078525e-05
1.82225,-0.50941813369166,0.021262375126358,0.00010197708180545,-0.00010163252159065
1.8225,-0.49740298619957,0.031142122377587,0.0001000229791226,-0.00010372233305235
1.82275,-0.48486581062547,0.040644331781062,9.7985453577727e-05,-0.00010576560701045
1.823,-0.47181055417447,0.049735139454754,9.5865769727372e-05,-0.00010775844203902
1.82325,-0.45824334579781,0.058379662943623,9.3665407505094e-05,-0.0001096969729372
1.8235,-0.44417267502531,0.066542120782217,9.138606217844e-05,-0.00011157738524359
1.82375,-0.42960956941087,0.074185975303484,8.9029643120939e-05,-0.00011339592996079
1.824,-0.4145677679247,0.081274099996622,8.6598271360906e-05,-0.0001151489383765
1.82425,-0.39906388726962,0.087768972464151,8.4094275881075e-05,-0.00011683283686209
1.8245,-0.38311757775438,0.093632893703204,8.1520188656267e-05,-0.00011844416152506
1.82475,-0.36675166503321,0.09882823403505,7.8878738430021e-05,-0.00011997957258948
1.825,-0.34999227373636,0.10331770552652,7.6172843245404e-05,-0.00012143586837701
1.82525,-0.33286892878517,0.10706466018829,7.3405601759686e-05,-0.0001228099987626
1.8255,-0.31541463002629,0.11003341260134,7.0580283386981e-05,-0.00012409907798101
1.82575,-0.29766589575196,0.11218958492074,6.7700317327116e-05,-0.00012530039666509
1.826,-0.27966277071496,0.11350047144821,6.4769280552705e-05,-0.00012641143300304
1.82625,-0.26144879441593,0.11393541916624,6.1790884839104e-05,-0.0001274298629097
1.8265,-0.24307092575344,0.11346621980939,5.8768962933877e-05,-0.00012835356911676
1.82675,-0.22457942059649,0.11206750823736,5.5707453972924e-05,-0.00012918064909757
1.827,-0.20602765947087,0.1097171611004,5.2610388259486e-05,-0.00012990942175503
1.82725,-0.18747192335116,0.10639668908393,4.9481871529877e-05,-0.00013053843281402
1.8275,-0.16897111650964,0.10209161542196,4.6326068835397e-05,-0.00013106645887444
1.82775,-0.15058643648284,0.096791832915084,4.3147188173863e-05,-0.00013149251009577
1.828,-0.13238099245223,0.090491931414877,3.9949464006192e-05,-0.00013181583149894
1.82825,-0.11441937466641,0.083191487674279,3.6737140793424e-05,-0.00013203590288714
1.8285,-0.096767178921783,0.074895309642164,3.3514456687862e-05,-0.00013215243740159
1.82875,-0.079490491516025,0.065613627717599,3.0285627508181e-05,-0.00013216537874325
1.829,-0.062655341444914,0.055362226186641,2.705483112302e-05,-0.00013207489710526
1.82925,-0.046327127868948,0.044162509039384,2.3826192360521e-05,-0.00013188138387356
1.8295,-0.030570031974997,0.03204149559219,2.0603768552763e-05,-0.00013158544516511
1.82975,-0.015446423245469,0.01903174279244,1.7391535814367e-05,-0.00013118789428361
1.83,-0.0010162707726475,0.0051711927186655,1.4193376143825e-05,-0.00013068974318138
1.83025,0.012663429421699,-0.0094970544455475,1.1013065424437e-05,-0.00013009219302392
1.8305,0.025539200108891,-0.024925039851697,7.8542623896956e-06,-0.00012939662395917
1.83075,0.037561591018706,-0.04106031389619,4.7204986054272e-06,-0.00012860458419803
1.831,0.048685639544786,-0.057846366897485,1.6151695082867e-06,-0.00012771777851526
1.83125,0.058871275107889,-0.075223115223502,-1.4584734721883e-06,-0.00012673805628094
1.8315,0.068083659607169,-0.093127434149405,-4.4973296931743e-06,-0.00012566739913217
1.83175,0.076293457942759,-0.11149372758884,-7.4984549766982e-06,-0.00012450790839309
1.832,0.083477034328008,-0.13025452401645,-1.0459066194353e-05,-0.00012326179234784
1.83225,0.089616571957465,-0.14934108741524,-1.33765447771e-05,-0.00012193135346698
1.8325,0.094700115483394,-0.16868403195063,-1.6248439178022e-05,-0.00012051897568268
1.83275,0.098721537607352,-0.18821392929162,-1.9072466324522e-05,-0.0001190271118015
1.833,0.10168043284342,-0.20786189804722,-2.1846512103906e-05,-0.00011745827113697
1.83325,0.10358194309542,-0.2275601656284,-2.4568630932649e-05,-0.00011581500743676
1.8335,0.10443652106037,-0.24724259393813,-2.7237044465077e-05,-0.00011409990717135
1.83375,0.10425963858621,-0.26684516157668,-2.9850139501348e-05,-0.00011231557824305
1.834,0.10307144794923,-0.28630639666965,-3.2406465157835e-05,-0.00011046463916626
1.83425,0.10089640456556,-0.30556775591927,-3.4904729365246e-05,-0.00010854970876166
1.8345,0.09776285991453,-0.32457394698614,-3.7343794760974e-05,-0.00010657339639904
1.83475,0.093702633445345,-0.34327319277453,-3.9722674042553e-05,-0.00010453829281593
1.835,0.088750571987475,-0.36161743757313,-4.204052484867e-05,-0.00010244696153174
1.83525,0.082944104722641,-0.37956249625329,-4.4296644232894e-05,-0.00010030193087025
1.8355,0.076322801140038,-0.397068148823,-4.6490462793608e-05,-9.8105686596646e-05
1.83575,0.068927938627547,-0.41409818355425,-4.8621538521116e-05,-9.5860665169704e-05
1.836,0.060802085490912,-0.4306203926364,-5.0689550420137e-05,-9.3569247603857e-05
1.83625,0.051988704279071,-0.44660652485734,-5.2694291962702e-05,-9.1233753931348e-05
1.8365,0.042531779363938,-0.46203220018231,-5.4635664422884e-05,-8.8856438250261e-05
1.83675,0.032475471807009,-0.47687679130204,-5.6513670141158e-05,-8.643948434045e-05
1.837,0.021863803670857,-0.49112327727162,-5.8328405762259e-05,-8.3985001826252e-05
1.83725,0.010740373120802,-0.50475807428086,-6.0080055486447e-05,-8.1495022862219e-05
1.8375,-0.00085189907396918,-0.51777084840675,-6.1768884370174e-05,-7.8971499315878e-05
1.83775,-0.012870991679146,-0.53015431492075,-6.339523170813e-05,-7.6416300419915e-05
1.838,-0.025275974369512,-0.54190402837954,-6.4959504524796e-05,-7.3831210864923e-05
1.83825,-0.038027169397473,-0.55301816733843,-6.6462171199889e-05,-7.1217929302965e-05
1.8385,-0.051086284985772,-0.56349731710838,-6.7903755248433e-05,-6.857806723178e-05
1.83875,-0.064416522159107,-0.57334425354804,-6.9284829272727e-05,-6.5913148229328e-05
1.839,-0.077982656934708,-0.58256373045415,-7.0606009100249e-05,-6.3224607508407e-05
1.83925,-0.091751099924479,-0.59116227269751,-7.1867948118416e-05,-6.0513791761634e-05
1.8395,-0.1056899354723,-0.59914797685713,-7.3071331814289e-05,-5.7781959267535e-05
1.83975,-0.11976894246613,-0.60653032073765,-7.4216872524657e-05,-5.5030280229378e-05
1.84,-0.13395959893635,-0.61331998281856,-7.5305304399453e-05,-5.2259837319329e-05
1.84025,-0.14823507248758,-0.61952867238256,-7.6337378579324e-05,-4.9471626401488e-05
1.8405,-0.16257019851817,-0.62516897080273,-7.7313858586032e-05,-4.6666557408646e-05
1.84075,-0.17694144806829,-0.6302541842368,-7.8235515922649e-05,-4.3845455348717e-05
1.841,-0.19132688700916,-0.6347982077787,-7.9103125878816e-05,-4.1009061418115e-05
1.84125,-0.20570612814851,-0.63881540095134,-7.9917463534888e-05,-3.8158034200684e-05
1.8415,-0.22006027768605,-0.64232047428898,-8.0679299957508e-05,-3.5292950931982e-05
1.84175,-0.23437187731008,-0.64532838664832,-8.1389398578018e-05,-3.2414308810108e-05
1.842,-0.24862484308657,-0.64785425280291,-8.2048511744081e-05,-2.9522526335528e-05
1.84225,-0.2628044021574,-0.64991326081304,-8.2657377434067e-05,-2.6617944663501e-05
1.8425,-0.27689702813596,-0.65152059861871,-8.3216716122943e-05,-2.3700828954019e-05
1.84275,-0.29089037596795,-0.65269138927592,-8.3727227787759e-05,-2.0771369705288e-05
1.843,-0.30477321691398,-0.65344063424199,-8.418958904025e-05,-1.7829684057781e-05
1.84325,-0.31853537420786,-0.65378316411297,-8.4604450373524e-05,-1.4875817057108e-05
1.8435,-0.3321676598518,-0.65373359622255,-8.4972433509368e-05,-1.1909742864729e-05
1.84375,-0.34566181292591,-0.65330629852586,-8.5294128832279e-05,-8.931365906565e-06
1.844,-0.35901043971446,-0.65251535921117,-8.5570092895921e-05,-5.9405219503956e-06
1.84425,-0.37220695588592,-0.65137456150629,-8.5800845987339e-05,-2.9369791036184e-06
1.8445,-0.38524553090493,-0.64989736317392,-8.598686973389e-05,7.9561276196439e-08
1.84475,-0.39812103480466,-0.64809688021912,-8.6128604737448e-05,3.1094637650183e-06
1.845,-0.41082898740413,-0.64598587436255,-8.6226448220058e-05,6.1531581567104e-06
1.84525,-0.42336551001783,-0.64357674386414,-8.6280751664733e-05,9.2111388538785e-06
1.8455,-0.43572727967385,-0.64088151731255,-8.6291818434646e-05,1.2283964370644e-05
1.84575,-0.44791148583021,-0.63791185002616,-8.6259901353382e-05,1.5372256952284e-05
1.846,-0.4599157895572,-0.63467902274084,-8.6185200228301e-05,1.8476702316299e-05
1.84625,-0.47173828513642,-0.63119394228784,-8.606785929839e-05,2.159804951919e-05
1.8465,-0.48337746401224,-0.62746714399222,-8.5907964587111e-05,2.4737110952808e-05
1.84675,-0.49483218102118,-0.62350879554768,-8.5705541139922e-05,2.7894762473998e-05
1.847,-0.50610162281591,-0.61932870214739,-8.5460550125002e-05,3.1071943670879e-05
1.84725,-0.51718527839429,-0.61493631267308,-8.5172885774604e-05,3.4269658268922e-05
1.8475,-0.52808291164045,-0.61034072676479,-8.4842372143047e-05,3.7488974679784e-05
1.84775,-0.53879453578164,-0.60555070261343,-8.4468759655838e-05,4.0731026695512e-05
1.848,-0.54932038966418,-0.60057466533546,-8.4051721422674e-05,4.3997014330636e-05
1.84825,-0.55966091575145,-0.59542071580516,-8.3590849285076e-05,4.7288204814252e-05
1.8485,-0.56981673974807,-0.59009663983503,-8.3085649567209e-05,5.0605933733946e-05
1.84875,-0.5797886517562,-0.5846099176076,-8.2535538495895e-05,5.395160633307e-05
1.849,-0.58957758887226,-0.5789677332747,-8.193983725302e-05,5.7326698962389e-05
1.84925,-0.59918461913502,-0.57317698465068,-8.129776662033e-05,6.0732760686559e-05
1.8495,-0.6086109267396,-0.56724429293633,-8.0608441173038e-05,6.4171415045331e-05
1.84975,-0.61785779843499,-0.56117601241863,-7.9870862974644e-05,6.7644361968463e-05
1.85,-0.62692661102636,-0.55497824009999,-7.9083914720855e-05,7.1153379842354e-05
1.85025,-0.63581881990764,-0.54865682521708,-7.824635227542e-05,7.470032772524e-05
1.8505,-0.64453594855276,-0.54221737861618,-7.735679653502e-05,7.8287147706158e-05
1.85075,-0.65307957889863,-0.53566528195717,-7.6413724553994e-05,8.1915867401195e-05
1.851,-0.66145134255604,-0.52900569672341,-7.5415459852516e-05,8.5588602578159e-05
1.85125,-0.66965291278845,-0.52224357301928,-7.4360161823885e-05,8.9307559898064e-05
1.8515,-0.67768599720258,-0.51538365814043,-7.3245814147549e-05,9.3075039758626e-05
1.85175,-0.68555233109749,-0.5084305049059,-7.207021210451e-05,9.6893439220648e-05
1.852,-0.69325367142291,-0.50138847974358,-7.0830948680446e-05,0.00010076525499353
1.85225,-0.7007917913003,-0.49426177052328,-6.952539932925e-05,0.00010469308645002
1.8525,-0.70816847506311,-0.48705439413402,-6.8150705255607e-05,0.00010867963863316
1.85275,-0.71538551377612,-0.47977020380373,-6.6703755059289e-05,0.00011272772520979
1.853,-0.72244470119599,-0.47241289616138,-6.5181164566173e-05,0.00011684027131449
1.85325,-0.72934783013797,-0.46498601804311,-6.3579254651068e-05,0.00012102031621517
1.8535,-0.73609668921621,-0.45749297304462,-6.1894026835192e-05,0.00012527101571656
1.85375,-0.74269305992743,-0.44993702782356,-6.0121136416255e-05,0.00012959564419935
1.854,-0.74913871404965,-0.4423213181563,-5.8255862861305e-05,0.00013399759617104
1.85425,-0.75543541133028,-0.43464885475389,-5.6293077161409e-05,0.00013848038717791
1.8545,-0.76158489743913,-0.4269225288431,-5.4227205812689e-05,0.00014304765389593
1.85475,-0.76758890216409,-0.41914511751824,-5.2052191049646e-05,0.00014770315317989
1.855,-0.77344913782907,-0.41131928887029,-4.976144691405e-05,0.00015245075980438
1.85525,-0.77916729791459,-0.40344760689992,-4.7347810695322e-05,0.00015729446257417
1.8555,-0.78474505586407,-0.39553253622096,-4.4803489226119e-05,0.00016223835841537
1.85575,-0.79018406405887,-0.38757644656152,-4.2119999459762e-05,0.00016728664397751
1.856,-0.79548595294762,-0.37958161706929,-3.9288102693512e-05,0.00017244360418035
1.85625,-0.80065233031567,-0.37155024042826,-3.6297731734295e-05,0.00017771359702133
1.8565,-0.80568478068205,-0.36348442679365,-3.3137910231019e-05,0.00018310103381897
1.85675,-0.81058486481215,-0.3553862075518,-2.9796663321109e-05,0.00018861035389665
1.857,-0.8153541193354,-0.34725753891182,-2.6260918659484e-05,0.00019424599250571
1.85725,-0.81999405645797,-0.33910030533575,-2.2516396817913e-05,0.00020001234053818
1.8575,-0.82450616376124,-0.33091632281341,-1.8547489964447e-05,0.00020591369427988
1.85775,-0.82889190407799,-0.32270734198851,-1.4337127661192e-05,0.00021195419309257
1.858,-0.83315271543818,-0.31447505114226,-9.8666285605391e-06,0.00021813774247719
1.85825,-0.83729001107764,-0.30622107904009,-5.1155367441076e-06,0.00022446791944417
1.8585,-0.8413051795029,-0.29794699764778,-6.1441448975599e-08,0.00023094785648234
1.85875,-0.84519958460642,-0.28965432472226,5.3202210206152e-06,0.00023758009965611
1.859,-0.84897456582675,-0.28134452628272,1.1056384264966e-05,0.00024436643544538
1.85925,-0.85263143834848,-0.27301901896723,1.7176588467043e-05,0.00025130767984779
1.8595,-0.85617149333764,-0.26467917227993,2.3713237194784e-05,0.00025840342195739
1.85975,-0.85959599820836,-0.25632631073371,3.0701874117393e-05,0.00026565171268478
1.86,-0.86290619691677,-0.24796171589299,3.8181478491934e-05,0.00027304868745737
1.86025,-0.86610331027899,-0.23958662832119,4.6194776923996e-05,0.00028058810960362
1.8605,-0.86918853630978,-0.23120224943727,5.4788566987744e-05,0.0002882608186576
1.86075,-0.87216305057919,-0.22280974328526,6.4014045611045e-05,0.000296054065012
1.861,-0.87502800658432,-0.21441023822104,7.3927131437976e-05,0.00030395070922004
1.86125,-0.87778453613415,-0.20600482852005,8.4588765348524e-05,0.00031192826086835
1.8615,-0.88043374974489,-0.19759457590955,9.6065166533772e-05,0.00031995772846598
1.86175,-0.88297673704421,-0.18918051102898,0.0001084280124828,0.0003280022484918
1.862,-0.88541456718238,-0.18076363482179,0.00012175449932139,0.00033601545907828
1.86225,-0.88774828924875,-0.17234491986179,0.00013612722343833,0.00034393958252849
1.8625,-0.88997893269211,-0.16392531161729,0.00015163380546569,0.00035170318210973
1.86275,-0.89210750774367,-0.15550572965575,0.00016836615268731,0.00035921856405714
1.863,-0.89413500584137,-0.14708706879174,0.00018641922525945,0.00036637880792921
1.86325,-0.89606240005453,-0.13867020018108,0.00020588913514207,0.0003730544308614
1.8635,-0.89789064550787,-0.13025597236331,0.00022687036523088,0.00037908972855416
1.86375,-0.89962067980402,-0.12184521225534,0.00024945185246225,0.00038429889404733
1.864,-0.90125342344374,-0.11343872609819,0.00027371163813136,0.00038846210175476
1.86425,-0.9027897802433,-0.10503730035927,0.00029970976125716,0.00039132186674975
1.8645,-0.9042306377482,-0.096641702592247,0.00032747907285278,0.00039258015483912
1.86475,-0.90557686764281,-0.088252682256397,0.00035701370507345,0.00039189693041662
1.865,-0.90682932615557,-0.079870971497405,0.00038825507363824,0.00038889107992901
1.86525,-0.90798885445913,-0.071497285891501,0.00042107556735329,0.00038314491504351
1.8655,-0.90905627906514,-0.063132325154514,0.00045526053010258,0.0003742136893017
1.86575,-0.91003241221352,-0.054776773817545,0.0004904898013046,0.0003616416644159
1.866,-0.91091805225566,-0.046431301870955,0.00052632094505778,0.00034498610240919
1.86625,-0.91171398403171,-0.03809656537786,0.00056217728352677,0.0003238499685026
1.8665,-0.91242097924131,-0.029773207058903,0.00059734475418014,0.00029792294392527
1.86675,-0.913039796808,-0.021461856849407,0.00063098208577505,0.00026702849205309
1.867,-0.91357118323701,-0.013163132430252,0.00066214837209576,0.0002311723263936
1.86725,-0.91401587296624,-0.0048776397338099,0.00068985036643354,0.00019058515004796
1.8675,-0.91437458871059,0.0033940265740461,0.00071310852797802,0.00014575078469796
1.86775,-0.91464804179937,0.011651282634625,0.00073103636901204,9.7410791021614e-05
1.868,-0.91483693250681,0.019893554958801,0.00074292303437188,4.6539205345436e-05
1.86825,-0.91494195037582,0.028120280010106,0.00074830589522269,-5.71385702412e-06
1.8685,-0.91496377453471,0.03633090380746,0.00074701982018362,-5.8104299085125e-05
1.86875,-0.91490307400708,0.044524881546722,0.00073921339969919,-0.00010939017882743
1.869,-0.91476050801493,0.052701677240257,0.00072532901049984,-0.00015842665560537
1.86925,-0.9145367262749,0.060860763373419,0.00070605117835083,-0.00020424495812898
1.8695,-0.91423236928773,0.069001620577484,0.00068223376563667,-0.00024610483337568
1.86975,-0.91384806862106,0.077123737318098,0.00065481931644384,-0.00028351635046305
1.87,-0.9133844471856,0.085226609598483,0.00062476307903131,-0.00031623329458086
1.87025,-0.91284211950468,0.093309740676901,0.00059297075369467,-0.0003442249071818
1.8705,-0.91222169197739,0.10137264079752,0.00056025447999337,-0.00036763466024392
1.87075,-0.91152376313525,0.10941482693419,0.00052730744085042,-0.00038673436513438
1.871,-0.9107489238926,0.11743582254653,0.00049469457892477,-0.00040188006762723
1.87125,-0.90989775779077,0.12543515734767,0.00046285548881048,-0.00041347381254172
1.8715,-0.90897084123613,0.13341236708323,0.00043211531010059,-0.00042193317524314
1.87175,-0.90796874373207,0.1413669933209,0.00040269996325588,-0.00042766881314796
1.872,-0.90689202810512,0.14929858325026,0.00037475292634501,-0.0004310692655472
1.87225,-0.90574125072519,0.15720668949234,0.00034835164815125,-0.0004324917337388
1.8725,-0.90451696172012,0.1650908699183,0.0003235224658912,-0.00043225745140243
1.87275,-0.90321970518463,0.17295068747709,0.00030025348107141,-0.00043065035650901
1.873,-0.90185001938369,0.18078571003156,0.00027850524581613,-0.00042791798372575
1.87325,-0.9004084369506,0.18859551020249,0.00025821935593193,-0.00042427373289597
1.8735,-0.89889548507966,0.19637966522043,0.00023932517635216,-0.00041989989097356
1.87375,-0.89731168571369,0.20413775678486,0.0002217449767565,-0.00041495097181851
1.874,-0.89565755572653,0.21186937093022,0.00020539775975689,-0.0004095570852387
1.87425,-0.89393360710045,0.21957409789886,0.00019020204240834,-0.00040382715617484
1.8745,-0.89214034709874,0.22725153202009,0.0001760778180972,-0.00039785189293741
1.87475,-0.89027827843354,0.23490127159553,0.000162947888768,-0.000391706456676
1.875,-0.88834789942898,0.24252291879014,0.000150738721861,-0.00038545281904288
1.87525,-0.88634970417973,0.25011607952882,0.00013938095463489,-0.00037914181651207
1.8755,-0.88428418270515,0.25768036339835,0.00012880964162136,-0.00037281492210416
1.87575,-0.88215182109898,0.26521538355425,0.00011896431881586,-0.00036650576138626
1.876,-0.87995310167482,0.27272075663255,0.00010978894042973,-0.00036024140175528
1.87625,-0.87768850310746,0.28019610266614,0.00010123173001351,-0.00035404344370348
1.8765,-0.87535850057003,0.28764104500541,9.3244976871089e-05,-0.000347928941048
1.87675,-0.87296356586727,0.29505521024317,8.5784800325774e-05,-0.00034191117466866
1.877,-0.87050416756483,0.30243822814352,7.8810898050358e-05,-0.000336000301579
1.87725,-0.86798077111485,0.3097897315744,7.2286289896599e-05,-0.00033020389842466
1.8775,-0.86539383897769,0.31710935644399,6.6177065098896e-05,-0.00032452741591422
1.87775,-0.8627438307402,0.3243967416403,6.0452138097897e-05,-0.00031897455832289
1.878,-0.8600312032303,0.33165152897422,5.5083016307366e-05,-0.00031354760010108
1.87825,-0.8572564106282,0.33887336312565,5.0043581759244e-05,-0.00030824764977373
1.8785,-0.85441990457421,0.34606189159257,4.5309887572176e-05,-0.00030307486971946
1.87875,-0.85152213427322,0.35321676464306,4.0859969496156e-05,-0.00029802865905068
1.879,-0.84856354659605,0.36033763526984,3.6673672312798e-05,-0.00029310780565289
1.87925,-0.84554458617756,0.36742415914758,3.2732490557736e-05,-0.00028831061245695
1.8795,-0.84246569551181,0.37447599459255,2.9019422835643e-05,-0.00028363500218947
1.87975,-0.83932731504411,0.38149280252461,2.5518838885873e-05,-0.00027907860414983
1.88,-0.83612988326029,0.3884742464314,2.2216358503514e-05,-0.00027463882597915
1.88025,-0.832873836773,0.39541999233474,1.9098741408809e-05,-0.00027031291289829
1.8805,-0.82955961040533,0.40232970875882,1.6153787174044e-05,-0.00026609799648413
1.88075,-0.8261876372717,0.40920306670054,1.3370244351383e-05,-0.00026199113471289
1.881,-0.82275834885609,0.41603973960145,1.0737727991053e-05,-0.00025798934471484
1.88125,-0.81927217508773,0.4228394033215,8.2466447915085e-06,-0.00025408962944791
1.8815,-0.81572954441428,0.4296017361144,5.8881251781994e-06,-0.00025028899929937
1.88175,-0.81213088387258,0.43632641860446,3.653961663188e-06,-0.00024658448946008
1.882,-0.80847661915695,0.44301313376497,1.5365528920413e-06,-0.00024297317377737
1.88225,-0.8047671746853,0.44966156689789,-4.7114716351715e-07,-0.00023945217567788
1.8825,-0.80100297366285,0.45627140561483,-2.375675359637e-06,-0.00023601867665524
1.88275,-0.79718443814372,0.46284233981933,-4.1831013278077e-06,-0.00023266992273697
1.883,-0.79331198909036,0.46937406169022,-5.8990656200597e-06,-0.00022940322927771
1.88325,-0.78938604643091,0.47586626566611,-7.5288144174171e-06,-0.00022621598436959
1.8835,-0.78540702911448,0.48231864843093,-9.0772311315142e-06,-0.00022310565111327
1.88375,-0.78137535516446,0.48873090890034,-1.0548865196933e-05,-0.00022006976895365
1.884,-0.77729144172999,0.49510274820917,-1.1947958322524e-05,-0.00021710595425105
1.88425,-0.77315570513538,0.50143386969963,-1.3278468443394e-05,-0.00021421190023094
1.8845,-0.76896856092788,0.50772397891033,-1.4544091591235e-05,-0.00021138537643168
1.88475,-0.76473042392356,0.51397278356608,-1.5748281879162e-05,-0.00020862422775052
1.885,-0.76044170825152,0.52017999356831,-1.6894269777674e-05,-0.00020592637317107
1.88525,-0.75610282739637,0.52634532098622,-1.7985078840892e-05,-0.00020328980424215
1.8855,-0.75171419423911,0.53246848004847,-1.9023541026534e-05,-0.00020071258336593
1.88575,-0.74727622109641,0.53854918713544,-2.0012310738882e-05,-0.00019819284194347
1.886,-0.74278931975836,0.54458716077202,-2.0953877711388e-05,-0.00019572877841777
1.88625,-0.7382539015247,0.55058212162083,-2.1850578834099e-05,-0.00019331865624729
1.8865,-0.73367037723957,0.55653379247591,-2.2704609020879e-05,-0.00019096080183717
1.88675,-0.72903915732492,0.5624418982568,-2.3518031202232e-05,-0.00018865360245044
1.887,-0.72436065181247,0.56830616600295,-2.4292785521207e-05,-0.00018639550411739
1.88725,-0.71963527037436,0.57412632486847,-2.5030697802534e-05,-0.00018418500955803
1.8875,-0.71486342235255,0.57990210611718,-2.5733487358402e-05,-0.00018202067612918
1.88775,-0.71004551678688,0.58563324311786,-2.6402774188311e-05,-0.00017990111380589
1.888,-0.70518196244203,0.59131947133982,-2.7040085625068e-05,-0.00017782498320446
1.88825,-0.70027316783317,0.5969605283486,-2.764686247409e-05,-0.00017579099365275
1.8885,-0.6953195412506,0.60255615380181,-2.8224464688844e-05,-0.00017379790131209
1.88875,-0.6903214907832,0.6081060894452,-2.8774176621293e-05,-0.00017184450735386
1.889,-0.68527942434083,0.61361007910877,-2.9297211882686e-05,-0.00016992965619297
1.88925,-0.68019374967574,0.61906786870297,-2.9794717846781e-05,-0.00016805223377934
1.8895,-0.67506487440296,0.62447920621502,-3.0267779824771e-05,-0.00016621116594838
1.88975,-0.6698932060197,0.62984384170521,-3.0717424938486e-05,-0.00016440541683019
1.89,-0.66467915192388,0.63516152730325,-3.1144625716155e-05,-0.00016263398731755
1.89025,-0.6594231194317,0.64043201720463,-3.1550303432826e-05,-0.00016089591359169
1.8905,-0.65412551579443,0.64565506766687,-3.1935331215634e-05,-0.00015919026570512
1.89075,-0.6487867482143,0.65083043700588,-3.2300536932351e-05,-0.0001575161462202
1.891,-0.64340722385965,0.65595788559214,-3.2646705880056e-05,-0.00015587268890217
1.89125,-0.63798734987929,0.66103717584678,-3.2974583289341e-05,-0.00015425905746509
1.8915,-0.63252753341609,0.66606807223771,-3.328487665814e-05,-0.00015267444436918
1.89175,-0.62702818161996,0.6710503412755,-3.3578257928106e-05,-0.00015111806966785
1.892,-0.62148970166009,0.67598375150916,-3.3855365515355e-05,-0.00014958917990279
1.89225,-0.61591250073657,0.68086807352184,-3.4116806206447e-05,-0.00014808704704535
1.8925,-0.61029698609137,0.68570307992629,-3.4363156929544e-05,-0.00014661096748254
1.89275,-0.60464356501884,0.69048854536021,-3.4594966409913e-05,-0.00014516026104596
1.893,-0.59895264487548,0.69522424648144,-3.4812756718158e-05,-0.0001437342700819
1.89325,-0.59322463308939,0.69990996196282,-3.5017024718928e-05,-0.00014233235856101
1.8935,-0.58745993716904,0.70454547248704,-3.5208243427203e-05,-0.00014095391122587
1.89375,-0.58165896471172,0.70913056074113,-3.5386863278704e-05,-0.00013959833277498
1.894,-0.57582212341148,0.71366501141076,-3.5553313320477e-05,-0.00013826504708145
1.89425,-0.56994982106662,0.71814861117435,-3.5708002327187e-05,-0.000136953496445
1.8945,-0.56404246558689,0.72258114869686,-3.5851319848276e-05,-0.00013566314087592
1.89475,-0.55810046500024,0.72696241462344,-3.5983637190716e-05,-0.0001343934574093
1.895,-0.55212422745936,0.73129220157266,-3.6105308341715e-05,-0.00013314393944853
1.89525,-0.54611416124774,0.73557030412966,-3.6216670835445e-05,-0.00013191409613646
1.8955,-0.54007067478562,0.73979651883888,-3.6318046567506e-05,-0.00013070345175325
1.89575,-0.53399417663558,0.74397064419657,-3.6409742560596e-05,-0.00012951154513947
1.896,-0.52788507550795,0.74809248064302,-3.6492051684593e-05,-0.00012833792914344
1.89625,-0.52174378026602,0.75216183055453,-3.6565253333989e-05,-0.00012718217009167
1.8965,-0.51557069993106,0.75617849823498,-3.6629614065466e-05,-0.00012604384728141
1.89675,-0.50936624368716,0.76014228990725,-3.6685388198109e-05,-0.00012492255249411
1.897,-0.50313082088601,0.76405301370423,-3.6732818378668e-05,-0.00012381788952909
1.89725,-0.49686484105154,0.76791047965955,-3.6772136114023e-05,-0.00012272947375625
1.8975,-0.49056871388447,0.77171449969808,-3.6803562272915e-05,-0.00012165693168716
1.89775,-0.48424284926684,0.77546488762603,-3.6827307558815e-05,-0.00012059990056342
1.898,-0.47788765726648,0.77916145912074,-3.6843572955702e-05,-0.00011955802796184
1.89825,-0.47150354814151,0.78280403172029,-3.6852550148375e-05,-0.00011853097141526
1.8985,-0.46509093234482,0.78639242481265,-3.685442191882e-05,-0.00011751839804866
1.89875,-0.45865022052864,0.78992645962462,-3.684936252005e-05,-0.00011651998422957
1.899,-0.45218182354912,0.7934059592104,-3.6837538028727e-05,-0.0001155354152323
1.89925,-0.44568615247105,0.79683074843991,-3.6819106677793e-05,-0.0001145643849152
1.8995,-0.43916361857266,0.8002006539868,-3.6794219170256e-05,-0.00011360659541053
1.89975,-0.43261463335058,0.80351550431609,-3.6763018975178e-05,-0.00011266175682609
1.9,-0.42603960852496,0.80677512967159,-3.6725642606875e-05,-0.00011172958695839
1.90025,-0.41943895604471,0.80997936206304,-3.6682219888231e-05,-0.00011080981101645
1.9005,-0.41281308809305,0.81312803525285,-3.6632874199003e-05,-0.0001099021613561
1.90075,-0.40616241709321,0.81622098474264,-3.6577722709899e-05,-0.00010900637722398
1.901,-0.39948735571439,0.81925804775952,-3.6516876603193e-05,-0.00010812220451097
1.90125,-0.39278831687802,0.82223906324197,-3.6450441280555e-05,-0.00010724939551453
1.9015,-0.38606571376428,0.82516387182562,-3.6378516558767e-05,-0.00010638770870955
1.90175,-0.37931995981897,0.8280323158286,-3.6301196853895e-05,-0.00010553690852725
1.902,-0.3725514687607,0.83084423923673,-3.6218571354515e-05,-0.00010469676514186
1.90225,-0.36576065458839,0.83359948768847,-3.6130724184489e-05,-0.00010386705426452
1.9025,-0.3589479315893,0.8362979084595,-3.6037734555792e-05,-0.00010304755694425
1.90275,-0.35211371434725,0.83893935044723,-3.5939676911835e-05,-0.0001022380593755
1.903,-0.34525841775148,0.84152366415498,-3.5836621061714e-05,-0.00010143835271195
1.90325,-0.33838245700578,0.84405070167597,-3.5728632305758e-05,-0.00010064823288638
1.9035,-0.33148624763821,0.84652031667706,-3.5615771552761e-05,-9.9867500436131e-05
1.90375,-0.32457020551122,0.84893236438239,-3.5498095429213e-05,-9.9095960333961e-05
1.904,-0.31763474683236,0.85128670155672,-3.5375656380845e-05,-9.8333421823987e-05
1.90425,-0.31068028816544,0.85358318648867,-3.524850276678e-05,-9.7579698262438e-05
1.9045,-0.30370724644231,0.85582167897375,-3.5116678946546e-05,-9.6834606962953e-05
1.90475,-0.29671603897516,0.85800204029728,-3.4980225360192e-05,-9.6097969046152e-05
1.905,-0.28970708346945,0.86012413321712,-3.4839178601727e-05,-9.536960929325e-05
1.90525,-0.28268079803743,0.86218782194629,-3.4693571486083e-05,-9.4649356003454e-05
1.9055,-0.27563760121227,0.86419297213553,-3.4543433109788e-05,-9.39370408549e-05
1.90575,-0.26857791196295,0.86613945085565,-3.4388788905498e-05,-9.3232498768923e-05
1.906,-0.26150214970966,0.86802712657992,-3.4229660690554e-05,-9.2535567777393e-05
1.90625,-0.25441073434003,0.86985586916631,-3.4066066709664e-05,-9.184608889293e-05
1.9065,-0.247304086226,0.87162554983967,-3.3898021671857e-05,-9.1163905981746e-05
1.90675,-0.24018262624145,0.87333604117396,-3.372553678177e-05,-9.0488865638924e-05
1.907,-0.23304677578059,0.87498721707438,-3.3548619765373e-05,-8.9820817065899e-05
1.90725,-0.22589695677711,0.8765789527595,-3.3367274890184e-05,-8.915961194993e-05
1.9075,-0.21873359172408,0.87811112474349,-3.3181502980027e-05,-8.8505104345362e-05
1.90775,-0.21155710369474,0.87958361081828,-3.2991301424368e-05,-8.7857150556452e-05
1.908,-0.2043679163641,0.88099629003586,-3.2796664182246e-05,-8.7215609021553e-05
1.90825,-0.19716645403129,0.88234904269061,-3.2597581780813e-05,-8.6580340198444e-05
1.9085,-0.18995314164293,0.88364175030174,-3.2394041308455e-05,-8.5951206450579e-05
1.90875,-0.18272840481727,0.88487429559589,-3.2186026402487e-05,-8.5328071934056e-05
1.909,-0.17549266986931,0.88604656248977,-3.1973517231378e-05,-8.4710802485066e-05
1.90925,-0.16824636383674,0.8871584360731,-3.1756490471442e-05,-8.4099265507603e-05
1.9095,-0.16098991450695,0.88820980259164,-3.1534919277931e-05,-8.3493329861208e-05
1.90975,-0.1537237504449,0.88920054943045,-3.1308773250452e-05,-8.2892865748508e-05
1.91,-0.14644830102197,0.89013056509744,-3.1078018392589e-05,-8.2297744602303e-05
1.91025,-0.1391639964459,0.89099973920712,-3.0842617065621e-05,-8.1707838971946e-05
1.9105,-0.13187126779159,0.89180796246469,-3.0602527936197e-05,-8.1123022408774e-05
1.91075,-0.12457054703304,0.89255512665042,-3.0357705917823e-05,-8.0543169350289e-05
1.911,-0.11726226707628,0.89324112460439,-3.0108102105967e-05,-7.9968155002832e-05
1.91125,-0.10994686179337,0.8938658502116,-2.9853663706612e-05,-7.9397855222446e-05
1.9115,-0.10262476605749,0.89442919838752,-2.9594333958037e-05,-7.8832146393605e-05
1.91175,-0.095296415779086,0.89493106506398,-2.9330052045588e-05,-7.8270905305507e-05
1.912,-0.087962247943142,0.89537134717568,-2.9060753009189e-05,-7.7714009025566e-05
1.91225,-0.080622700647564,0.89574994264705,-2.8786367643316e-05,-7.7161334769749e-05
1.9125,-0.073278213142727,0.89606675037976,-2.8506822389128e-05,-7.6612759769373e-05
1.91275,-0.0659292258721,0.8963216702407,-2.822203921842e-05,-7.6068161133948e-05
1.913,-0.058576180514125,0.89651460305067,-2.7931935509057e-05,-7.5527415709636e-05
1.91325,-0.051219520025204,0.89664545057358,-2.7636423911486e-05,-7.4990399932864e-05
1.9135,-0.043859688683871,0.89671411550646,-2.7335412205915e-05,-7.445698967858e-05
1.91375,-0.03649713213624,0.89672050147011,-2.7028803149718e-05,-7.3927060102644e-05
1.914,-0.029132297442559,0.89666451300047,-2.671649431456e-05,-7.3400485477764e-05
1.91425,-0.02176563312509,0.89654605554087,-2.6398377912744e-05,-7.2877139022382e-05
1.9145,-0.014397589217153,0.89636503543506,-2.6074340612194e-05,-7.2356892721843e-05
1.91475,-0.007028617313428,0.89612135992109,-2.5744263339479e-05,-7.1839617141137e-05
1.915,0.00034082937844541,0.89581493712618,-2.5408021070236e-05,-7.1325181228462e-05
1.91525,0.0077102959850487,0.89544567606251,-2.5065482606261e-05,-7.0813452108772e-05
1.9155,0.015079325913102,0.89501348662397,-2.4716510338546e-05,-7.0304294866415e-05
1.91575,0.022447460794037,0.89451827958405,-2.4360959995438e-05,-6.9797572315906e-05
1.916,0.02981424042734,0.89395996659478,-2.3998680375037e-05,-6.9293144759777e-05
1.91625,0.037179202722608,0.89333846018683,-2.362951306092e-05,-6.879086973236e-05
1.9165,0.044541883640235,0.89265367377076,-2.3253292120166e-05,-6.8290601728281e-05
1.91675,0.051901817130884,0.89190552163962,-2.2869843782608e-05,-6.7792191914302e-05
1.917,0.059258535073566,0.89109391897274,-2.2478986100141e-05,-6.7295487823045e-05
1.91725,0.066611567212475,0.89021878184091,-2.2080528584847e-05,-6.6800333027009e-05
1.9175,0.073960441092494,0.88928002721303,-2.1674271824574e-05,-6.6306566791109e-05
1.91775,0.081304681993318,0.8882775729641,-2.1260007074546e-05,-6.5814023701846e-05
1.918,0.088643812862401,0.8872113378848,-2.0837515823419e-05,-6.5322533270997e-05
1.91825,0.095977354246443,0.88608124169268,-2.0406569332134e-05,-6.4831919511553e-05
1.9185,0.10330482422165,0.88488720504487,-1.9966928143747e-05,-6.4342000483365e-05
1.91875,0.1106257383227,0.8836291495526,-1.9518341562309e-05,-6.3852587805763e-05
1.919,0.11793960947033,0.88230699779739,-1.9060547098701e-05,-6.3363486134095e-05
1.91925,0.12524594789769,0.88092067334913,-1.859326988118e-05,-6.2874492596861e-05
1.9195,0.1325442610754,0.87947010078596,-1.8116222028215e-05,-6.2385396189759e-05
1.91975,0.13983405363529,0.87795520571619,-1.7629101981016e-05,-6.1895977122596e-05
1.92,0.14711482729292,0.87637591480214,-1.7131593792934e-05,-6.1406006114582e-05
1.92025,0.15438608076879,0.87473215578612,-1.6623366372726e-05,-6.0915243633076e-05
1.9205,0.16164730970837,0.87302385751858,-1.6104072678424e-05,-6.0423439070303e-05
1.92075,0.16889800660081,0.8712509499884,-1.5573348858309e-05,-5.9930329852006e-05
1.921,0.17613766069652,0.86941336435556,-1.5030813335205e-05,-5.9435640471297e-05
1.92125,0.18336575792353,0.86751103298613,-1.4476065830044e-05,-5.8939081440278e-05
1.9215,0.19058178080266,0.86554388948971,-1.3908686320319e-05,-5.8440348151139e-05
1.92175,0.19778520836153,0.8635118687594,-1.3328233928727e-05,-5.7939119637537e-05
1.922,0.20497551604751,0.86141490701432,-1.2734245736926e-05,-5.7435057225974e-05
1.92225,0.21215217563948,0.85925294184493,-1.2126235518987e-05,-5.6927803065763e-05
1.9225,0.2193146551586,0.8570259122609,-1.1503692388672e-05,-5.6416978524788e-05
1.92275,0.226462418778,0.85473375874204,-1.0866079354278e-05,-5.5902182436775e-05
1.923,0.23359492673146,0.85237642329195,-1.0212831774317e-05,-5.5382989184115e-05
1.92325,0.24071163522114,0.84995384949482,-9.5433557068352e-06,-5.4858946598287e-05
1.9235,0.24781199632442,0.84746598257525,-8.8570261446505e-06,-5.4329573657794e-05
1.92375,0.25489545789973,0.84491276946124,-8.1531851283314e-06,-5.3794357961023e-05
1.924,0.26196146349172,0.84229415885048,-7.4311397281407e-06,-5.325275294858e-05
1.92425,0.26900945223549,0.83961010127994,-6.6901598856804e-06,-5.2704174846453e-05
1.9245,0.27603885876011,0.83686054919895,-5.9294761054415e-06,-5.214799929769e-05
1.92475,0.28304911309151,0.83404545704578,-5.1482769859007e-06,-5.1583557646022e-05
1.925,0.29003964055469,0.8311647813279,-4.345706579392e-06,-5.1010132830109e-05
1.92525,0.29700986167534,0.82821848070583,-3.5208615694751e-06,-5.0426954841542e-05
1.9255,0.30395919208105,0.82520651608098,-2.6727882542343e-06,-4.9833195693398e-05
1.92575,0.31088704240192,0.82212885068723,-1.8004793236967e-06,-4.9227963838934e-05
1.926,0.31779281817105,0.81898545018665,-9.0287041948939e-07,-4.8610297971548e-05
1.92625,0.32467591972443,0.81577628276921,2.1163534909944e-08,-4.7979160127576e-05
1.9265,0.33153574210092,0.81250131925679,9.7281224451419e-07,-4.7333428002289e-05
1.92675,0.3383716749419,0.80916053321138,1.9533342039759e-06,-4.6671886376612e-05
1.927,0.34518310239101,0.80575390104777,2.964061118228e-06,-4.5993217537164e-05
1.92725,0.35196940299381,0.80228140215071,4.0064025890829e-06,-4.5295990554894e-05
1.9275,0.35872994959781,0.79874301899658,5.0818510709678e-06,-4.4578649267527e-05
1.92775,0.3654641092525,0.79513873727993,6.1919870944378e-06,-4.3839498787626e-05
1.928,0.37217124310993,0.79146854604464,7.3384847499539e-06,-4.3076690330874e-05
1.92825,0.37885070632578,0.78773243782003,8.5231174159989e-06,-4.2288204127365e-05
1.9285,0.38550184796081,0.78393040876209,9.7477637045142e-06,-4.1471830141669e-05
1.92875,0.39212401088333,0.78006245879957,1.1014413581835e-05,-4.0625146283966e-05
1.929,0.39871653167227,0.77612859178549,1.2325174603911e-05,-3.9745493743823e-05
1.92925,0.40527874052133,0.77212881565381,1.3682278179121e-05,-3.882994901865e-05
1.9295,0.41180996114434,0.76806314258154,1.5088085738799e-05,-3.7875292139097e-05
1.92975,0.41830951068172,0.76393158915633,1.6545094652213e-05,-3.6877970511831e-05
1.93,0.42477669960845,0.75973417654963,1.8055943666475e-05,-3.5834057704019e-05
1.93025,0.4312108316437,0.7554709306956,1.9623417578601e-05,-3.4739206381216e-05
1.9305,0.43761120366199,0.7511418824757,2.1250450751901e-05,-3.3588594478196e-05
1.93075,0.44397710560655,0.74674706790922,2.2940128965376e-05,-3.2376863527538e-05
1.931,0.45030782040449,0.74228652834972,2.4695688924377e-05,-3.1098047889944e-05
1.93125,0.45660262388452,0.73776031068758,2.6520514552422e-05,-2.9745493419488e-05
1.9315,0.46286078469694,0.73316846755854,2.8418128912854e-05,-2.8311763852608e-05
1.93175,0.46908156423644,0.72851105755869,3.0392180256276e-05,-2.6788532927557e-05
1.932,0.47526421656765,0.72378814546553,3.2446420229781e-05,-2.5166459918849e-05
1.93225,0.48140798835402,0.71899980246544,3.4584671684617e-05,-2.3435045907089e-05
1.9325,0.48751211878973,0.71414610638776,3.6810782735905e-05,-2.1582467700857e-05
1.93275,0.49357583953538,0.70922714194515,3.9128562705507e-05,-1.9595385890486e-05
1.933,0.49959837465732,0.70424300098069,4.154169424204e-05,-1.7458723061078e-05
1.93325,0.50557894057116,0.69919378272156,4.4053614163492e-05,-1.5155407753755e-05
1.9335,0.5115167459895,0.69407959403935,4.666735328195e-05,-1.266607939638e-05
1.93375,0.51741099187409,0.68890054971729,4.9385322483676e-05,-9.9687492188238e-06
1.934,0.52326087139308,0.683656772724,5.22090284443e-05,-7.038412274622e-06
1.93425,0.52906556988312,0.67834839449434,5.5138697299196e-05,-3.8466063503141e-06
1.9345,0.53482426481703,0.67297555521688,5.8172778046319e-05,-3.6091513263924e-07
1.93475,0.54053612577706,0.66753840412839,6.1307289064818e-05,3.4555838939471e-06
1.935,0.54620031443412,0.66203709981517,6.4534960486907e-05,7.6449208385065e-06
1.93525,0.55181598453346,0.65647181052133,6.7844111892022e-05,1.2254868838878e-05
1.9355,0.55738228188675,0.6508427144638,7.1217188688041e-05,1.7339583267903e-05
1.93575,0.56289834437135,0.64515000015451,7.4628861807824e-05,2.296019070464e-05
1.936,0.56836330193669,0.63939386672914,7.804357508334e-05,2.9185237027363e-05
1.93625,0.57377627661837,0.63357452428297,8.1412405724302e-05,3.6090848644022e-05
1.9365,0.57913638256028,0.62769219421326,8.4669091811154e-05,4.3760379236242e-05
1.93675,0.58444272604502,0.62174710956873,8.7725088307988e-05,5.2283197370476e-05
1.937,0.589694405533,0.61573951540528,9.0463560730409e-05,6.1752108917581e-05
1.93725,0.59489051171083,0.6096696691488,9.2732348366244e-05,7.2258697790222e-05
1.9375,0.60003012754899,0.60353784096396,9.433618166094e-05,8.3885618347013e-05
1.93775,0.60511232836952,0.59734431412993,9.5028898681536e-05,9.6694624665309e-05
1.938,0.61013618192396,0.59108938542207,9.4507166696766e-05,0.00011070898145227
1.93825,0.61510074848198,0.58477336549975,9.2408351648736e-05,0.00012588908289658
1.9385,0.62000508093101,0.57839657930051,8.8316658848592e-05,0.00014210097505052
1.93875,0.62484822488774,0.57195936643962,8.17831823614e-05,0.00015907954239611
1.939,0.6296292188211,0.56546208161562,7.2366211500776e-05,0.00017639185775841
1.93925,0.63434709418803,0.55890509502119,5.9696501540399e-05,0.00019341155933734
1.9395,0.63900087558189,0.55228879275918,4.3566228535031e-05,0.00020932066227674
1.93975,0.64358958089405,0.54561357726384,2.4028894568456e-05,0.00022315725800131
1.94,0.64811222148948,0.53887986772656,1.4828153146743e-06,0.00023392072475734
1.94025,0.65256780239621,0.53208810052614,-2.3299161377284e-05,0.00024072685473654
1.9405,0.65695532250952,0.52523872966325,-4.9225136886465e-05,0.0002429780981193
1.94075,0.66127377481123,0.51833222719858,-7.502874484027e-05,0.00024049405375848
1.941,0.66552214660442,0.5113690836947,-9.9467601972873e-05,0.00023355216878341
1.94125,0.66969941976425,0.50434980866058,-0.00012151346992701,0.00022282209241729
1.9415,0.67380457100496,0.49727493099932,-0.00014047644221757,0.00020922084215237
1.94175,0.67783657216406,0.49014499945771,-0.00015603794574744,0.0001937428095482
1.942,0.68179439050365,0.48296058307791,-0.00016820521461537,0.00017731578395423
1.94225,0.68567698902945,0.47572227165028,-0.00017722187432197,0.00016071057487728
1.9425,0.68948332682831,0.46843067616707,-0.00018347012205306,0.00014450587894835
1.94275,0.69321235942406,0.46108642927655,-0.00018738794172139,0.00012909417981069
1.943,0.69686303915262,0.45369018573673,-0.00018941067120171,0.00011471043482031
1.94325,0.70043431555659,0.44624262286828,-0.00018993629170701,0.00010146862390223
1.9435,0.70392513579963,0.43874444100599,-0.00018930915100974,8.939686435286e-05
1.94375,0.70733444510126,0.43119636394817,-0.00018781595084286,7.846671694543e-05
1.944,0.7106611871923,0.423599139403,-0.00018568881319734,6.8615543867677e-05
1.94425,0.71390430479136,0.41595353943182,-0.00018311175299278,5.9762474224335e-05
1.9445,0.71706274010267,0.40826036088771,-0.00018022825868131,5.1819189300609e-05
1.94475,0.72013543533588,0.4005204258493,-0.00017714870045826,4.4696824437398e-05
1.945,0.72312133324758,0.39273458204868,-0.00017395695232052,3.8310114935215e-05
1.94525,0.72601937770549,0.38490370329269,-0.00017071601039487,3.2579668975942e-05
1.9455,0.72882851427509,0.37702868987656,-0.00016747260372838,2.7433016162353e-05
1.94575,0.7315476908292,0.36911046898922,-0.00016426089504298,2.2804887396287e-05
1.946,0.73417585818065,0.36114999510919,-0.00016110540605064,1.8637035560594e-05
1.94625,0.73671197073819,0.35314825039023,-0.0001580233052566,1.487780110236e-05
1.9465,0.73915498718589,0.34510624503547,-0.00015502618371017,1.1481553350536e-05
1.94675,0.74150387118606,0.33702501765941,-0.00015212142584839,8.4080888096333e-06
1.947,0.74375759210593,0.3289056356364,-0.00014931326354549,5.6220348463348e-06
1.94725,0.74591512576783,0.32074919543471,-0.00014660358409964,3.0922859085582e-06
1.9475,0.74797545522333,0.31255682293481,-0.00014399254803582,7.9148592541897e-07
1.94775,0.74993757155089,0.30432967373133,-0.00014147906039762,-1.3044377946286e-06
1.948,0.75180047467716,0.29606893341666,-0.00013906112941603,-3.216688815231e-06
1.94825,0.75356317422178,0.28777581784585,-0.00013673613872571,-4.9639664244544e-06
1.9485,0.75522469036549,0.27945157338097,-0.00013450105327796,-6.5627849804098e-06
1.94875,0.75678405474127,0.27109747711412,-0.00013235257443561,-8.0277522439371e-06
1.949,0.75824031134831,0.2627148370676,-0.00013028725613973,-9.3718112923338e-06
1.94925,0.75959251748844,0.25430499237003,-0.00012830159127432,-1.0606450423624e-05
1.9495,0.7608397447246,0.24586931340721,-0.00012639207523461,-1.174188512735e-05
1.94975,0.76198107986093,0.23740920194633,-0.00012455525207849,-1.2787215799554e-05
1.95,0.76301562594393,0.22892609123218,-0.00012278774739378,-1.375056446623e-05
