1.7,0.84208064917238,0.25405204869357,-2.9387582358337e-05,3.090807674236e-05
1.70025,0.84367236708819,0.24563787940079,-2.9257800379454e-05,3.1248799895558e-05
1.7005,0.84517165051111,0.23717930869894,-2.9124792332171e-05,3.159115318537e-05
1.70075,0.84657733312724,0.22867701562609,-2.8988502786221e-05,3.1935133541364e-05
1.701,0.84788823795654,0.22013169705321,-2.8848875279771e-05,3.2280737291239e-05
1.70125,0.84910317719799,0.21154406825682,-2.8705852301516e-05,3.262796013305e-05
1.7015,0.85022095208072,0.20291486351325,-2.8559375272645e-05,3.2976797106324e-05
1.70175,0.85124035272174,0.19424483671474,-2.8409384528733e-05,3.3327242562024e-05
1.702,0.85216015799105,0.18553476200818,-2.8255819301543e-05,3.3679290131328e-05
1.70225,0.85297913538466,0.17678543445705,-2.8098617700782e-05,3.4032932693161e-05
1.7025,0.85369604090641,0.16799767072703,-2.7937716695823e-05,3.4388162340453e-05
1.70275,0.8543096189592,0.15917230979599,-2.7773052097408e-05,3.4744970345072e-05
1.703,0.85481860224669,0.15031021368906,-2.7604558539377e-05,3.5103347121369e-05
1.70325,0.85522171168611,0.14141226823917,-2.7432169460431e-05,3.5463282188314e-05
1.7035,0.85551765633319,0.1324793838739,-2.7255817085966e-05,3.5824764130142e-05
1.70375,0.85570513332022,0.12351249642913,-2.707543241002e-05,3.6187780555481e-05
1.704,0.85578282780823,0.11451256799023,-2.689094517734e-05,3.6552318054891e-05
1.70425,0.85574941295425,0.10548058776135,-2.6702283865642e-05,3.6918362156771e-05
1.7045,0.85560354989501,0.096417572963527,-2.6509375668074e-05,3.7285897281569e-05
1.70475,0.85534388774808,0.087324569762128,-2.6312146475941e-05,3.7654906694245e-05
1.705,0.85496906363178,0.078202654224479,-2.611052086173e-05,3.8025372454914e-05
1.70525,0.85447770270524,0.069052933308003,-2.5904422062494e-05,3.8397275367627e-05
1.7055,0.85386841822986,0.059876545879891,-2.5693771963639e-05,3.8770594927209e-05
1.70575,0.85313981165382,0.050674663768551,-2.5478491083172e-05,3.9145309264103e-05
1.706,0.85229047272102,0.0414484928477,-2.5258498556479e-05,3.9521395087153e-05
1.70625,0.85131897960624,0.032199274153623,-2.5033712121688e-05,3.9898827624249e-05
1.7065,0.850223899078,0.022928285036163,-2.4804048105697e-05,4.0277580560779e-05
1.70675,0.84900378669121,0.013636840343984,-2.4569421410926e-05,4.0657625975821e-05
1.707,0.84765718701124,0.0043262936448064,-2.4329745502898e-05,4.1038934275985e-05
1.70725,0.84618263387148,-0.0050019615190721,-2.4084932398703e-05,4.1421474126862e-05
1.7075,0.84457865066661,-0.014346490339347,-2.3834892656463e-05,4.1805212381983e-05
1.70775,0.84284375068349,-0.023705815413899,-2.3579535365877e-05,4.2190114009236e-05
1.708,0.84097643747212,-0.033078415382418,-2.3318768139955e-05,4.2576142014652e-05
1.70825,0.83897520525919,-0.042462723524634,-2.3052497108054e-05,4.2963257363497e-05
1.7085,0.83683853940639,-0.051857126321375,-2.2780626910323e-05,4.3351418898586e-05
1.70875,0.83456491691646,-0.061259961977814,-2.2503060693687e-05,4.3740583255766e-05
1.709,0.83215280698952,-0.070669518908768,-2.2219700109505e-05,4.4130704776458e-05
1.70925,0.82960067163262,-0.080084034186084,-2.1930445313026e-05,4.4521735417226e-05
1.7095,0.8269069663256,-0.089501691947831,-2.1635194964811e-05,4.4913624656269e-05
1.70975,0.82407014074618,-0.098920621769517,-2.133384623426e-05,4.5306319396775e-05
1.71,0.82108863955785,-0.10833889699737,-2.1026294805419e-05,4.5699763867077e-05
1.71025,0.81796090326377,-0.1177545330439,-2.0712434885241e-05,4.6093899517523e-05
1.7105,0.81468536913031,-0.12716548564614,-2.0392159214486e-05,4.6488664914003e-05
1.71075,0.81126047218396,-0.13656964908708,-2.006535908145e-05,4.6883995628078e-05
1.711,0.80768464628554,-0.14596485438071,-1.9731924338746e-05,4.7279824123627e-05
1.71125,0.80395632528554,-0.15534886742169,-1.9391743423332e-05,4.7676079639979e-05
1.7115,0.80007394426496,-0.16471938710043,-1.9044703380046e-05,4.8072688071461e-05
1.71175,0.79603594086592,-0.17407404338462,-1.8690689888859e-05,4.8469571843319e-05
1.712,0.79184075671658,-0.1834103953687,-1.8329587296127e-05,4.8866649783968e-05
1.71225,0.7874868389548,-0.19272592929255,-1.7961278650099e-05,4.9263836993538e-05
1.7125,0.78297264185582,-0.20201805653124,-1.7585645740974e-05,4.9661044708673e-05
1.71275,0.77829662856841,-0.21128411155791,-1.7202569145784e-05,5.0058180163588e-05
1.713,0.77345727296505,-0.22052134988168,-1.6811928278442e-05,5.0455146447335e-05
1.71325,0.76845306161121,-0.22972694596351,-1.6413601445267e-05,5.0851842357314e-05
1.7135,0.7632824958593,-0.23889799111249,-1.6007465906327e-05,5.1248162249002e-05
1.71375,0.75794409407275,-0.24803149136587,-1.5593397942973e-05,5.1643995881947e-05
1.714,0.7524363939862,-0.25712436535629,-1.5171272931921e-05,5.2039228262047e-05
1.71425,0.74675795520755,-0.26617344216994,-1.4740965426296e-05,5.243373948017e-05
1.7145,0.74090736186777,-0.27517545920012,-1.4302349244032e-05,5.2827404547169e-05
1.71475,0.73488322542496,-0.28412706000065,-1.3855297564055e-05,5.3220093225398e-05
1.715,0.72868418762857,-0.29302479214434,-1.3399683030708e-05,5.3611669856805e-05
1.71525,0.72230892365032,-0.30186510509223,-1.293537786686e-05,5.4001993187746e-05
1.7155,0.71575614538822,-0.31064434807942,-1.2462253996199e-05,5.4390916190662e-05
1.71575,0.70902460495017,-0.31935876802446,-1.1980183175194e-05,5.4778285882788e-05
1.716,0.70211309832365,-0.32800450746929,-1.1489037135236e-05,5.5163943142104e-05
1.71625,0.69502046923812,-0.33657760255762,-1.0988687735507e-05,5.5547722520747e-05
1.7165,0.68774561322663,-0.34507398106018,-1.0479007127116e-05,5.5929452056154e-05
1.71675,0.68028748189313,-0.35348946045603,-9.9598679290612e-06,5.6308953080237e-05
1.717,0.67264508739202,-0.3618197460796,-9.4311434166141e-06,5.6686040026908e-05
1.71725,0.6648175071261,-0.37006042934414,-8.892707722704e-06,5.706052023835e-05
1.7175,0.65680388866926,-0.37820698605279,-8.3444360529291e-06,5.743219377043e-05
1.71775,0.64860345491987,-0.38625477480958,-7.7862049148007e-06,5.7800853197733e-05
1.718,0.64021550949042,-0.39419903554308,-7.2178923618598e-06,5.8166283418718e-05
1.71825,0.63163944233919,-0.40203488815665,-6.6393782533088e-06,5.8528261461561e-05
1.7185,0.62287473564872,-0.40975733132002,-6.0505445298009e-06,5.888655629131e-05
1.71875,0.61392096995588,-0.41736124141793,-5.4512755060398e-06,5.9240928619019e-05
1.719,0.60477783053779,-0.42484137167221,-4.8414581808522e-06,5.9591130713601e-05
1.71925,0.5954451140569,-0.43219235145513,-4.2209825653711e-06,5.9936906217222e-05
1.7195,0.58592273546858,-0.43940868581258,-3.5897420299926e-06,6.0277989965074e-05
1.71975,0.57621073519299,-0.44648475521655,-2.9476336707341e-06,6.0614107810506e-05
1.72,0.56630928655293,-0.4534148155679,-2.2945586956213e-06,6.0944976456517e-05
1.72025,0.55621870347793,-0.46019299847075,-1.6304228317197e-06,6.1270303294705e-05
1.7205,0.54593944847395,-0.46681331180158,-9.551367533813e-07,6.1589786252877e-05
1.72075,0.53547214085697,-0.47326964059678,-2.686165322682e-07,6.1903113652556e-05
1.721,0.52481756524738,-0.4795557482834,4.2921589032474e-07,6.2209964077766e-05
1.72125,0.51397668032066,-0.48566527827922,1.1384322083869e-06,6.2510006256533e-05
1.7215,0.50295062780835,-0.49159175598881,1.8590972329069e-06,6.2802898956634e-05
1.72175,0.49174074174158,-0.49732859122363,2.5912683500355e-06,6.3088290897245e-05
1.722,0.48034855792755,-0.50286908107485,3.3349949553954e-06,6.3365820678203e-05
1.72225,0.46877582364757,-0.50820641326844,4.0903178643119e-06,6.363511672873e-05
1.7225,0.45702450756277,-0.51333367003314,4.8572686978484e-06,6.3895797277528e-05
1.72275,0.44509680981163,-0.51824383251212,5.6358692446109e-06,6.4147470346293e-05
1.723,0.43299517228085,-0.52292978575025,6.4261307983961e-06,6.4389733768754e-05
1.72325,0.42072228902827,-0.52738432428884,7.2280534719077e-06,6.4622175237465e-05
1.7235,0.40828111683426,-0.53160015840042,8.0416254868648e-06,6.4844372380661e-05
1.72375,0.39567488585442,-0.53556992099611,8.8668224410133e-06,6.5055892871569e-05
1.724,0.38290711034353,-0.53928617523801,9.7036065526989e-06,6.525629457267e-05
1.72425,0.3699815994178,-0.54274142288887,1.0551925883835e-05,6.5445125717452e-05
1.7245,0.35690246781814,-0.54592811343088,1.1411713542323e-05,6.5621925132289e-05
1.72475,0.34367414663446,-0.54883865398455,1.2282886865162e-05,6.578622250112e-05
1.725,0.3303013939467,-0.55146542005761,1.316534658374e-05,6.5937538675662e-05
1.72525,0.31678930533468,-0.55380076715273,1.405897597303e-05,6.60753860339e-05
1.7255,0.30314332420486,-0.55583704326077,1.4963639986685e-05,6.6199268889642e-05
1.72575,0.28936925187799,-0.5575666022648,1.5879184380291e-05,6.6308683955894e-05
1.726,0.27547325737766,-0.55898181827706,1.6805434825364e-05,6.6403120864802e-05
1.72625,0.26146188685559,-0.56007510092868,1.7742196016931e-05,6.6482062746861e-05
1.7265,0.24734207258518,-0.56083891162843,1.8689250777929e-05,6.6544986872017e-05
1.72675,0.23312114145115,-0.56126578080302,1.9646359163946e-05,6.6591365355172e-05
1.727,0.21880682285879,-0.56134832612724,2.0613257572182e-05,6.6620665928497e-05
1.72725,0.20440725598235,-0.56107927174756,2.1589657858912e-05,6.6632352782764e-05
1.7275,0.18993099626907,-0.56045146849726,2.2575246470053e-05,6.6625887479728e-05
1.72775,0.17538702111084,-0.55945791509559,2.3569683589852e-05,6.660072993733e-05
1.728,0.16078473459323,-0.55809178031687,2.457260231308e-05,6.6556339489217e-05
1.72825,0.1461339712284,-0.55634642610865,2.55836078465e-05,6.6492176019754e-05
1.7285,0.1314449985759,-0.55421543163044,2.6602276745775e-05,6.6407701175314e-05
1.72875,0.11672851865363,-0.55169261817651,2.7628156194342e-05,6.6302379652216e-05
1.729,0.10199566804002,-0.54877207493778,2.866076333114e-05,6.6175680561235e-05
1.72925,0.087258016567261,-0.54544818554865,2.9699584634468e-05,6.6027078868029e-05
1.7295,0.072527564506163,-0.54171565535525,3.074407536953e-05,6.5856056908334e-05
1.72975,0.057816738143347,-0.53756953933132,3.1793659107582e-05,6.5662105976089e-05
1.73,0.043138383653567,-0.53300527055819,3.2847727324841e-05,6.5444727982022e-05
1.73025,0.028505759172653,-0.52801868917409,3.390563908957e-05,6.5203437179509e-05
1.7305,0.013932524979769,-0.52260607168762,3.4966720845965e-05,6.4937761953737e-05
1.73075,-0.00056726829685537,-0.5167641605391,3.603026630361e-05,6.4647246669436e-05
1.731,-0.014979193531311,-0.51049019378254,3.709553644136e-05,6.4331453571576e-05
1.73125,-0.029288463081521,-0.50378193474999,3.8161759634592e-05,6.3989964732606e-05
1.7315,-0.043479946965475,-0.49663770154949,3.9228131914667e-05,6.3622384038901e-05
1.73175,-0.057538193287472,-0.48905639623728,4.0293817369431e-05,6.3228339208227e-05
1.732,-0.071447450958217,-0.4810375334951,4.1357948693337e-05,6.2807483829118e-05
1.73225,-0.085191694740339,-0.47258126863442,4.2419627895542e-05,6.2359499412251e-05
1.7325,-0.098754652637558,-0.46368842474047,4.3477927173986e-05,6.1884097443008e-05
1.73275,-0.11211983563045,-0.45436051876202,4.4531889963002e-05,6.1381021423684e-05
1.733,-0.12527056974561,-0.44459978634633,4.5580532161445e-05,6.0850048893065e-05
1.73325,-0.13819003042815,-0.43440920521337,4.6622843547743e-05,6.0290993410477e-05
1.7335,-0.15086127916832,-0.42379251686069,4.7657789387405e-05,5.9703706490886e-05
1.73375,-0.1632673023146,-0.4127542463874,4.8684312237759e-05,5.9088079477252e-05
1.734,-0.17539105198492,-0.4012997202266,4.9701333953621e-05,5.8444045336107e-05
1.73425,-0.18721548896698,-0.38943508157708,5.0707757896477e-05,5.7771580362259e-05
1.7345,-0.19872362747806,-0.3771673033289,5.1702471348562e-05,5.7070705778681e-05
1.73475,-0.20989858163252,-0.36450419828433,5.2684348131726e-05,5.6341489218001e-05
1.735,-0.2207236134446,-0.35145442648339,5.3652251429524e-05,5.5584046072574e-05
1.73525,-0.23118218217274,-0.33802749945449,5.4605036809192e-05,5.479854070099e-05
1.7355,-0.24125799479107,-0.32423378122417,5.5541555438295e-05,5.3985187479944e-05
1.73575,-0.25093505735446,-0.31008448593487,5.6460657488819e-05,5.3144251691707e-05
1.736,-0.26019772700457,-0.29559167193833,5.7361195719158e-05,5.2276050239044e-05
1.73625,-0.2690307643476,-0.28076823225254,5.8242029221994e-05,5.13809521812e-05
1.7365,-0.27741938591888,-0.26562788129202,5.9102027323454e-05,5.0459379086524e-05
1.73675,-0.28534931643628,-0.25018513780666,5.9940073615911e-05,4.9511805199436e-05
1.737,-0.29280684053324,-0.23445530399002,6.0755070103811e-05,4.8538757421555e-05
1.73725,-0.29977885365383,-0.21845444074634,6.1545941438528e-05,4.7540815108974e-05
1.7375,-0.30625291178651,-0.20219933913505,6.2311639214793e-05,4.6518609689692e-05
1.73775,-0.31221727971058,-0.18570748804136,6.3051146297689e-05,4.5472824106994e-05
1.738,-0.31766097742988,-0.16899703815343,6.3763481145557e-05,4.4404192096021e-05
1.73825,-0.32257382447183,-0.15208676235762,6.4447702090598e-05,4.3313497301808e-05
1.7385,-0.32694648173729,-0.13499601269472,6.5102911535634e-05,4.2201572247405e-05
1.73875,-0.33077049059711,-0.11774467405163,6.5728260022465e-05,4.106929716053e-05
1.739,-0.33403830894537,-0.10035311479244,6.6322950124841e-05,3.9917598666107e-05
1.73925,-0.33674334393641,-0.082842134562309,6.6886240117446e-05,3.874744835034e-05
1.7395,-0.33887998115331,-0.065232909524919,6.7417447371597e-05,3.7559861199406e-05
1.73975,-0.34044360997924,-0.047546935318936,6.791595142904e-05,3.6355893912702e-05
1.74,-0.34143064496902,-0.029805968042365,6.838119670727e-05,3.5136643086879e-05
1.74025,-0.34183854304746,-0.012031963593706,6.8812694793493e-05,3.3903243263026e-05
1.7405,-0.34166581639191,0.0057529842847281,6.9210026289856e-05,3.2656864825425e-05
1.74075,-0.34091204088957,0.023526706901292,6.9572842179695e-05,3.1398711736917e-05
1.741,-0.33957786009404,0.041267024078098,6.990086469346e-05,3.0130019093211e-05
1.74125,-0.33766498464149,0.058951807806342,7.0193887663204e-05,2.885205047704e-05
1.7415,-0.33517618712239,0.076559045714999,7.0451776365858e-05,2.7566095093187e-05
1.74175,-0.33211529244085,0.094066903975558,7.0674466867433e-05,2.6273464667299e-05
1.742,-0.32848716372947,0.11145378927013,7.0861964892172e-05,2.4975490095321e-05
1.74225,-0.32429768392234,0.12869840945906,7.1014344251978e-05,2.3673517836305e-05
1.7425,-0.31955373312267,0.14577983259722,7.1131744881409e-05,2.2368906048996e-05
1.74275,-0.31426316193328,0.16267754396316,7.1214370531701e-05,2.1063020481828e-05
1.743,-0.3084347609486,0.1793715007854,7.1262486182983e-05,1.9757230136081e-05
1.74325,-0.30207822663384,0.19584218437159,7.1276415236973e-05,1.8452902732467e-05
1.7435,-0.29520412384249,0.21207064937107,7.1256536552613e-05,1.7151400021643e-05
1.74375,-0.28782384524466,0.22803856992869,7.1203281384591e-05,1.5854072988259e-05
1.744,-0.27994956795801,0.24372828251617,7.1117130279606e-05,1.4562257005717e-05
1.74425,-0.27159420768803,0.25912282525756,7.0998609978133e-05,1.3277267004164e-05
1.7445,-0.26277137069671,0.27420597359733,7.0848290360835e-05,1.2000392717051e-05
1.74475,-0.25349530392707,0.28896227219053,7.0666781469341e-05,1.0732894071777e-05
1.745,-0.24378084361579,0.30337706292789,7.0454730621549e-05,9.4759967874166e-06
1.74525,-0.23364336272833,0.31743650903983,7.0212819632453e-05,8.2308882376097e-06
1.7455,-0.22309871754871,0.33112761525501,6.9941762143405e-05,6.9987136297601e-06
1.74575,-0.21216319375155,0.34443824402019,6.9642301055942e-05,5.780572543115e-06
1.746,-0.20085345227605,0.35735712781653,6.9315206061184e-05,4.5775158587802e-06
1.74625,-0.18918647531124,0.36987387763588,6.8961271252424e-05,3.390543104723e-06
1.7465,-0.17717951268832,0.38197898770639,6.8581312806738e-05,2.2206002288138e-06
1.74675,-0.16485002896119,0.39366383658044,6.8176166721257e-05,1.0685778035678e-06
1.747,-0.1522156514388,0.40492068472004,6.774668659074e-05,-6.4690342400567e-08
1.74725,-0.13929411941406,0.41574266873385,6.729374141511e-05,-1.1784280786398e-06
1.7475,-0.12610323481438,0.42612379243707,6.6818213428284e-05,-2.2719175314768e-06
1.74775,-0.11266081447728,0.43605891491999,6.6320995942687e-05,-3.3444992705422e-06
1.748,-0.098984644233083,0.44554373582293,6.5802991206967e-05,-4.395572150321e-06
1.74825,-0.085092434954524,0.45457477802452,6.5265108277467e-05,-5.4245928362333e-06
1.7485,-0.071001780710404,0.46314936795791,6.470826090674e-05,-6.4310750460769e-06
1.74875,-0.056730119138773,0.47126561377356,6.4133365454703e-05,-7.4145885379953e-06
1.749,-0.042294694132735,0.47892238157014,6.3541338829828e-05,-8.3747578758069e-06
1.74925,-0.027712520911095,0.48611926991553,6.2933096469125e-05,-9.3112610015227e-06
1.7495,-0.013000353525565,0.49285658287776,6.2309550366411e-05,-1.0223827643474e-05
1.74975,0.0018253451636174,0.49913530178307,6.167160715873e-05,-1.1112237586779e-05
1.75,0.016748431029944,0.5049570559127,6.1020166280646e-05,-1.1976318830945e-05
1.75025,0.031753103744333,0.51032409234375,6.0356118195724e-05,-1.281594565742e-05
1.7505,0.046823929380281,0.5152392451319,5.968034271371e-05,-1.3631036627907e-05
1.75075,0.061945860594449,0.5197059040245,5.8993707401004e-05,-1.4421552532244e-05
1.751,0.077104254430657,0.52372798288339,5.8297066090879e-05,-1.5187494302801e-05
1.75125,0.092284887806702,0.52730988798599,5.7591257498682e-05,-1.5928900910501e-05
1.7515,0.10747397075388,0.5304564863622,5.687710394602e-05,-1.6645847255931e-05
1.75175,0.12265815748856,0.53317307431351,5.6155410196675e-05,-1.7338442067431e-05
1.752,0.13782455540255,0.5354653462488,5.542696240575e-05,-1.8006825816648e-05
1.75225,0.15296073206532,0.53733936395969,5.4692527182471e-05,-1.8651168660696e-05
1.7525,0.16805472033692,0.53880152644646,5.3952850765922e-05,-1.9271668418914e-05
1.75275,0.18309502169351,0.53985854039393,5.3208658312101e-05,-1.9868548591104e-05
1.753,0.19807060787113,0.54051739138535,5.2460653289783e-05,-2.044205642315e-05
1.75325,0.21297092093464,0.54078531593115,5.1709516981957e-05,-2.0992461025046e-05
1.7535,0.22778587187963,0.54066977437876,5.0955908088972e-05,-2.1520051545499e-05
1.75375,0.24250583787537,0.54017842475932,5.020046242898e-05,-2.2025135406604e-05
1.754,0.25712165825589,0.53931909761751,4.944379273088e-05,-2.2508036601356e-05
1.75425,0.27162462936457,0.53809977186126,4.8686488514625e-05,-2.2969094056188e-05
1.7545,0.28600649835593,0.53652855165963,4.7929116053512e-05,-2.3408660060167e-05
1.75475,0.30025945605524,0.53461364440898,4.7172218412958e-05,-2.3827098761975e-05
1.755,0.31437612897359,0.53236333978002,4.6416315560144e-05,-2.4224784735345e-05
1.75525,0.32834957057262,0.52978598985152,4.5661904538921e-05,-2.4602101613228e-05
1.7555,0.34217325186902,0.52688999033018,4.490945970443e-05,-2.4959440790575e-05
1.75575,0.35584105146509,0.52368376285037,4.415943301193e-05,-2.5297200195315e-05
1.756,0.36934724508729,0.5201757383425,4.3412254354496e-05,-2.5615783126794e-05
1.75625,0.38268649470988,0.51637434145406,4.2668331944429e-05,-2.5915597160681e-05
1.7565,0.39585383733716,0.51228797600347,4.1928052733354e-05,-2.6197053119143e-05
1.75675,0.40884467351215,0.50792501144341,4.1191782866259e-05,-2.6460564104849e-05
1.757,0.42165475561591,0.503293770307,4.0459868164927e-05,-2.6706544597226e-05
1.75725,0.43428017601665,0.49840251660819,3.9732634636451e-05,-2.6935409609224e-05
1.7575,0.44671735512359,0.49325944516501,3.9010389002799e-05,-2.7147573902734e-05
1.75775,0.458963029396,0.48787267181307,3.8293419247628e-05,-2.7343451260696e-05
1.758,0.47101423935387,0.48225022447494,3.7581995176802e-05,-2.7523453813852e-05
1.75825,0.48286831763225,0.47640003505048,3.6876368989349e-05,-2.7687991420053e-05
1.7585,0.49452287711763,0.47032993209212,3.6176775855801e-05,-2.7837471093962e-05
1.75875,0.50597579920072,0.46404763422878,3.5483434501153e-05,-2.7972296484992e-05
1.759,0.51722522217665,0.45756074430204,3.4796547789873e-05,-2.8092867401282e-05
1.75925,0.52826952981996,0.45087674417814,3.4116303310646e-05,-2.8199579377535e-05
1.7595,0.53910734015855,0.44400299019969,3.344287395876e-05,-2.8292823284537e-05
1.75975,0.54973749446784,0.43694670924134,3.2776418514239e-05,-2.8372984978204e-05
1.76,0.56015904650353,0.4297149953344,3.2117082214013e-05,-2.8440444986041e-05
1.76025,0.57037125198828,0.42231480682597,3.1464997316668e-05,-2.8495578228918e-05
1.7605,0.5803735583659,0.41475296403908,3.0820283658388e-05,-2.8538753776145e-05
1.76075,0.59016559483354,0.40703614740125,3.0183049198993e-05,-2.8570334631838e-05
1.761,0.59974716266073,0.39917089600987,2.9553390557022e-05,-2.859067755066e-05
1.76125,0.60911822580212,0.39116360660388,2.8931393533018e-05,-2.8600132881076e-05
1.7615,0.61827890180862,0.38302053291247,2.8317133620308e-05,-2.8599044434287e-05
1.76175,0.62722945304055,0.37474778535249,2.7710676502633e-05,-2.8587749377144e-05
1.762,0.63597027818436,0.36635133104755,2.7112078538186e-05,-2.8566578147338e-05
1.76225,0.6445019040736,0.35783699414311,2.6521387229646e-05,-2.8535854389282e-05
1.7625,0.65282497781329,0.34921045639274,2.5938641679913e-05,-2.8495894909147e-05
1.76275,0.66094025920589,0.34047725799239,2.5363873033376e-05,-2.8447009647592e-05
1.763,0.66884861347608,0.33164279864022,2.4797104902544e-05,-2.8389501668794e-05
1.76325,0.67655100429072,0.3227123388011,2.423835378002e-05,-2.8323667164457e-05
1.7635,0.68404848706953,0.31369100115596,2.3687629435808e-05,-2.8249795471544e-05
1.76375,0.69134220258155,0.30458377221705,2.3144935300032e-05,-2.8168169102544e-05
1.764,0.69843337082165,0.29539550409163,2.2610268831156e-05,-2.8079063787151e-05
1.76425,0.70532328516099,0.28613091637762,2.2083621869906e-05,-2.7982748524299e-05
1.7645,0.71201330676506,0.27679459817539,2.1564980979045e-05,-2.7879485643552e-05
1.76475,0.71850485927224,0.26739101020153,2.1054327769269e-05,-2.7769530874919e-05
1.765,0.72479942372599,0.25792448699076,2.0551639211462e-05,-2.7653133426204e-05
1.76525,0.73089853375319,0.24839923917355,2.0056887935605e-05,-2.7530536067081e-05
1.7655,0.73680377098114,0.23881935581762,1.9570042516644e-05,-2.7401975219117e-05
1.76575,0.74251676068574,0.22918880682244,1.9091067747633e-05,-2.7267681051027e-05
1.766,0.7480391676631,0.21951144535671,1.8619924900497e-05,-2.7127877578493e-05
1.76625,0.75337269231679,0.2097910103294,1.8156571974759e-05,-2.6982782767917e-05
1.7665,0.75851906695328,0.20003112888585,1.770096393458e-05,-2.6832608643551e-05
1.76675,0.7634800522776,0.19023531892106,1.725305293449e-05,-2.6677561397438e-05
1.767,0.76825743408186,0.18040699160279,1.6812788534159e-05,-2.6517841501706e-05
1.76725,0.77285302011906,0.17054945389799,1.6380117902585e-05,-2.635364382272e-05
1.7675,0.77726863715467,0.1606659110965,1.5954986012058e-05,-2.6185157736704e-05
1.76775,0.78150612818881,0.15075946932644,1.5537335822281e-05,-2.6012567246427e-05
1.768,0.78556734984188,0.1408331380563,1.5127108454987e-05,-2.58360510986e-05
1.76825,0.78945416989664,0.13088983257944,1.4724243359442e-05,-2.5655782901674e-05
1.7685,0.79316846498983,0.12093237647657,1.4328678469156e-05,-2.5471931243724e-05
1.76875,0.79671211844681,0.11096350405304,1.3940350350179e-05,-2.5284659810153e-05
1.769,0.80008701825266,0.1009858627472,1.3559194341299e-05,-2.5094127500993e-05
1.76925,0.8032950551535,0.091002015507415,1.31851446865e-05,-2.4900488547541e-05
1.7695,0.8063381208819,0.081014443134854,1.2818134659986e-05,-2.4703892628175e-05
1.76975,0.80921810650045,0.07102554659002,1.2458096684107e-05,-2.4504484983136e-05
1.77,0.81193690085788,0.061037649261069,1.2104962440484e-05,-2.4302406528131e-05
1.77025,0.81449638915213,0.051052999192188,1.1758662974646e-05,-2.4097793966614e-05
1.7705,0.81689845159504,0.041073771270652,1.1419128794456e-05,-2.3890779900614e-05
1.77075,0.81914496217363,0.031102069371483,1.1086289962633e-05,-2.368149294e-05
1.771,0.82123778750292,0.021139928458587,1.076007618362e-05,-2.3470057810088e-05
1.77125,0.82317878576563,0.011189316641665,1.0440416885078e-05,-2.3256595457501e-05
1.7715,0.82496980573419,0.0012521371883953,1.0127241294257e-05,-2.3041223154209e-05
1.77175,0.82661268587065,-0.0086697695087049,9.8204785094911e-06,-2.2824054599701e-05
1.772,0.82810925350033,-0.01857462401094,9.5200575670558e-06,-2.260520002121e-05
1.77225,0.82946132405519,-0.028460705957673,9.2259075036183e-06,-2.2384766271981e-05
1.7725,0.83067070038314,-0.038326352236386,8.9379574144937e-06,-2.2162856927524e-05
1.77275,0.83173917211939,-0.048169955198204,8.6561365079277e-06,-2.1939572379841e-05
1.773,0.83266851511669,-0.057989960918915,8.3803741556019e-06,-2.1715009929594e-05
1.77325,0.83346049093075,-0.067784867505118,8.1105999395564e-06,-2.1489263876224e-05
1.7735,0.83411684635785,-0.077553223445049,7.8467436957218e-06,-2.1262425605991e-05
1.77375,0.83463931302158,-0.087293626003863,7.5887355542303e-06,-2.1034583677948e-05
1.774,0.83502960700559,-0.09700471966262,7.3365059766846e-06,-2.0805823907854e-05
1.77425,0.83528942852997,-0.10668519460063,7.089985790542e-06,-2.0576229450025e-05
1.7745,0.83542046166815,-0.11633378522047,6.8491062207725e-06,-2.0345880877145e-05
1.77475,0.83542437410225,-0.12594926871491,6.613798918941e-06,-2.0114856258049e-05
1.775,0.83530281691412,-0.13553046367533,6.3839959898519e-06,-1.9883231233495e-05
1.77525,0.83505742441016,-0.1450762287406,6.1596300158947e-06,-1.9651079089953e-05
1.7755,0.8346898139774,-0.15458546128591,5.9406340792212e-06,-1.941847083143e-05
1.77575,0.8342015859691,-0.16405709615064,5.7269417818726e-06,-1.918547524936e-05
1.776,0.83359432361781,-0.17349010440457,5.5184872639803e-06,-1.8952158990586e-05
1.77625,0.83286959297398,-0.18288349215151,5.3152052201464e-06,-1.871858662347e-05
1.7765,0.83202894286848,-0.19223629936972,5.117030914114e-06,-1.8484820702151e-05
1.77675,0.83107390489743,-0.20154759878808,4.9239001918279e-06,-1.8250921828995e-05
1.777,0.83000599342759,-0.21081649479731,4.7357494929805e-06,-1.8016948715272e-05
1.77725,0.82882670562099,-0.22004212239541,4.5525158611349e-06,-1.7782958240079e-05
1.7775,0.82753752147741,-0.22922364616641,4.3741369525142e-06,-1.7549005507562e-05
1.77775,0.82613990389323,-0.23836025929168,4.2005510435349e-06,-1.7315143902464e-05
1.778,0.82463529873558,-0.2474511825929,4.0316970371687e-06,-1.7081425144038e-05
1.77825,0.82302513493055,-0.25649566360588,3.8675144682005e-06,-1.6847899338358e-05
1.7785,0.8213108245643,-0.26549297568456,3.7079435074578e-06,-1.6614615029071e-05
1.77875,0.81949376299607,-0.27444241713405,3.5529249650771e-06,-1.6381619246618e-05
1.779,0.81757532898213,-0.28334331037225,3.402400292869e-06,-1.614895755597e-05
1.77925,0.81555688480965,-0.29219500111916,3.2563115858428e-06,-1.591667410291e-05
1.7795,0.81343977643971,-0.30099685761291,3.1146015829494e-06,-1.5684811658895e-05
1.77975,0.81122533365852,-0.30974826985206,2.9772136670916e-06,-1.545341166454e-05
1.78,0.80891487023624,-0.31844864886317,2.8440918644583e-06,-1.5222514271758e-05
1.78025,0.80650968409246,-0.327097425993,2.715180843225e-06,-1.4992158384588e-05
1.7805,0.8040110574678,-0.33569405222463,2.59042591167e-06,-1.4762381698747e-05
1.78075,0.80142025710095,-0.34423799751677,2.4697730157485e-06,-1.4533220739944e-05
1.781,0.79873853441058,-0.35272875016548,2.353168736163e-06,-1.4304710900987e-05
1.78125,0.79596712568138,-0.3611658161878,2.2405602849706e-06,-1.4076886477715e-05
1.7815,0.79310725225404,-0.36954871872645,2.1318955017629e-06,-1.3849780703787e-05
1.78175,0.79016012071827,-0.37787699747502,2.0271228494516e-06,-1.362342578437e-05
1.782,0.78712692310872,-0.38615020812306,1.9261914096931e-06,-1.3397852928739e-05
1.78225,0.78400883710322,-0.3943679218203,1.8290508779813e-06,-1.3173092381845e-05
1.7825,0.7808070262229,-0.40252972465965,1.7356515584378e-06,-1.294917345485e-05
1.78275,0.7775226400339,-0.41063521717804,1.6459443583271e-06,-1.272612455469e-05
1.783,0.77415681435032,-0.41868401387492,1.5598807823206e-06,-1.2503973212676e-05
1.78325,0.77071067143794,-0.42667574274749,1.4774129265332e-06,-1.2282746112162e-05
1.7835,0.76718532021862,-0.4346100448424,1.3984934723577e-06,-1.2062469115316e-05
1.78375,0.76358185647492,-0.44248657382323,1.3230756801136e-06,-1.184316728902e-05
1.784,0.75990136305472,-0.45030499555329,1.2511133825342e-06,-1.1624864929912e-05
1.78425,0.75614491007566,-0.45806498769318,1.1825609781079e-06,-1.1407585588618e-05
1.7845,0.75231355512908,-0.46576623931282,1.1173734242919e-06,-1.1191352093175e-05
1.78475,0.74840834348335,-0.47340845051712,1.0555062306157e-06,-1.0976186571694e-05
1.785,0.74443030828625,-0.48099133208523,9.9691545168747e-07,-1.0762110474259e-05
1.78525,0.74038047076641,-0.48851460512265,9.4155768011994e-07,-1.0549144594116e-05
1.7855,0.7362598404335,-0.49597800072583,8.8939003938768e-07,-1.0337309088149e-05
1.78575,0.73206941527703,-0.50338125965896,8.4037017662873e-07,-1.0126623496674e-05
1.786,0.72781018196372,-0.51072413204236,7.9445625540298e-07,-9.917106762578e-06
1.78625,0.72348311603323,-0.51800637705218,7.5160694841709e-07,-9.7087772498197e-06
1.7865,0.71908918209212,-0.52522776263109,7.1178143022687e-07,-9.5016527613025e-06
1.78675,0.714629334006,-0.53238806520944,6.7493936992687e-07,-9.2957505561571e-06
1.787,0.71010451508977,-0.53948706943657,6.4104092383524e-07,-9.0910873664382e-06
1.78725,0.70551565829574,-0.5465245679221,6.1004672818271e-07,-8.8876794132602e-06
1.7875,0.70086368639978,-0.55350036098657,5.8191789181337e-07,-8.68554242239e-06
1.78775,0.6961495121852,-0.56041425642137,5.5661598890386e-07,-8.4846916393103e-06
1.788,0.69137403862442,-0.56726606925743,5.3410305170816e-07,-8.285141843775e-06
1.78825,0.68653815905842,-0.57405562154257,5.1434156333358e-07,-8.0869073638702e-06
1.7885,0.68164275737372,-0.58078274212704,4.9729445055384e-07,-7.8900020895959e-06
1.78875,0.67668870817715,-0.58744726645708,4.8292507666454e-07,-7.6944394859881e-06
1.789,0.67167687696806,-0.59404903637613,4.7119723438533e-07,-7.5002326057899e-06
1.78925,0.66660812030817,-0.60058789993352,4.6207513881389e-07,-7.3073941016925e-06
1.7895,0.66148328598896,-0.60706371120031,4.5552342043495e-07,-7.1159362381553e-06
1.78975,0.65630321319647,-0.61347633009208,4.5150711818875e-07,-6.9258709028198e-06
1.79,0.65106873267376,-0.61982562219837,4.4999167260183e-07,-6.7372096175335e-06
1.79025,0.64578066688068,-0.62611145861856,4.5094291898346e-07,-6.5499635489917e-06
1.7905,0.64043983015122,-0.63233371580407,4.5432708069033e-07,-6.3641435190128e-06
1.79075,0.63504702884831,-0.63849227540642,4.6011076246214e-07,-6.179760014459e-06
1.791,0.62960306151607,-0.64458702413118,4.6826094383021e-07,-5.9968231968117e-06
1.79125,0.62410871902951,-0.65061785359754,4.787449726013e-07,-5.8153429114145e-06
1.7915,0.61856478474177,-0.65658466020314,4.9153055841823e-07,-5.6353286963962e-06
1.79175,0.61297203462874,-0.66248734499427,5.0658576639901e-07,-5.4567897912792e-06
1.792,0.60733123743129,-0.66832581354094,5.2387901085591e-07,-5.2797351452905e-06
1.79225,0.60164315479488,-0.67409997581691,5.4337904909549e-07,-5.1041734253782e-06
1.7925,0.59590854140672,-0.67980974608434,5.6505497530093e-07,-4.9301130239475e-06
1.79275,0.59012814513056,-0.6854550427829,5.8887621449712e-07,-4.7575620663252e-06
1.793,0.58430270713881,-0.69103578842333,6.1481251659973e-07,-4.5865284179576e-06
1.79325,0.57843296204246,-0.69655190948512,6.4283395054829e-07,-4.4170196913569e-06
1.7935,0.57251963801842,-0.70200333631821,6.7291089852427e-07,-4.2490432527982e-06
1.79375,0.5665634569345,-0.70739000304868,7.050140502542e-07,-4.0826062287782e-06
1.794,0.56056513447207,-0.7127118474881,7.3911439739789e-07,-3.9177155122445e-06
1.79425,0.55452538024633,-0.71796881104655,7.751832280223e-07,-3.7543777686003e-06
1.7945,0.54844489792421,-0.72316083864917,8.1319212116079e-07,-3.5925994414928e-06
1.79475,0.54232438534008,-0.72828787865598,8.5311294145755e-07,-3.4323867583938e-06
1.795,0.53616453460906,-0.73334988278505,8.949178338973e-07,-3.2737457359775e-06
1.79525,0.52996603223817,-0.73834680603874,9.385792186201e-07,-3.1166821853022e-06
1.7955,0.52372955923525,-0.74327860663299,9.840697858203e-07,-2.961201716804e-06
1.79575,0.51745579121561,-0.74814524592951,1.0313624907303e-06,-2.8073097451062e-06
1.796,0.51114539850665,-0.75294668837074,1.0804305486875e-06,-2.6550114936529e-06
1.79625,0.5047990462502,-0.75768290141756,1.1312474302849e-06,-2.5043119991705e-06
1.7965,0.49841739450282,-0.76235385548964,1.1837868566043e-06,-2.3552161159628e-06
1.79675,0.49200109833407,-0.76695952390817,1.2380227945313e-06,-2.2077285200478e-06
1.797,0.48555080792264,-0.77149988284115,1.2939294521524e-06,-2.0618537131366e-06
1.79725,0.47906716865049,-0.77597491125092,1.3514812742318e-06,-1.917596026465e-06
1.7975,0.47255082119505,-0.78038459084399,1.410652937769e-06,-1.7749596244774e-06
1.79775,0.46600240161936,-0.784728906023,1.4714193476359e-06,-1.6339485083711e-06
1.798,0.45942254146039,-0.7890078438408,1.5337556322907e-06,-1.4945665195048e-06
1.79825,0.45281186781537,-0.79322139395648,1.5976371395713e-06,-1.3568173426748e-06
1.7985,0.44617100342628,-0.79736954859344,1.6630394325642e-06,-1.2207045092635e-06
1.79875,0.43950056676253,-0.80145230249917,1.7299382855495e-06,-1.0862314002655e-06
1.799,0.43280117210177,-0.80546965290699,1.7983096800212e-06,-9.5340124919322e-07
1.79925,0.42607342960894,-0.80942159949942,1.8681298007811e-06,-8.2221714486652e-07
1.7995,0.41931794541357,-0.8133081443732,1.9393750321054e-06,-6.9268203409192e-07
1.79975,0.41253532168534,-0.81712929200603,2.0120219539849e-06,-5.6479872423121e-07
1.8,0.40572615670797,-0.82088504922468,2.0860473384344e-06,-4.3856988566677e-07
1.80025,0.39889104495144,-0.82457542517478,2.1614281458735e-06,-3.13998054164e-07
1.8005,0.39203057714247,-0.82820043129186,2.2381415215767e-06,-1.9108563313507e-07
1.80075,0.38514534033356,-0.83176008127389,2.3161647921907e-06,-6.9834895808202e-08
1.801,0.37823591797029,-0.83525439105511,2.3954754623201e-06,4.9752012697256e-08
1.80125,0.37130288995715,-0.8386833787811,2.476051211178e-06,1.6767307338396e-07
1.8015,0.36434683272184,-0.84204706478516,2.557869889303e-06,2.839263914778e-07
1.80175,0.35736831927794,-0.84534547156575,2.6409095153399e-06,3.9851019461343e-07
1.802,0.35036791928634,-0.84857862376519,2.7251482728829e-06,5.1142283110083e-07
1.80225,0.34334619911495,-0.85174654814936,2.810564507382e-06,6.2266276827212e-07
1.8025,0.33630372189719,-0.85484927358853,2.8971367231103e-06,7.3222859090539e-07
1.80275,0.32924104758898,-0.85788683103913,2.9848435801905e-06,8.4011899972243e-07
1.803,0.32215873302438,-0.86085925352648,3.0736638916815e-06,9.4633280995991e-07
1.80325,0.31505733196985,-0.86376657612861,3.1635766207231e-06,1.0508689500111e-06
1.8035,0.30793739517725,-0.86660883596072,3.2545608777368e-06,1.153726460135e-06
1.80375,0.30079947043547,-0.86938607216075,3.3465959176841e-06,1.2549044912334e-06
1.804,0.29364410262084,-0.87209832587563,3.4396611373782e-06,1.3544023036915e-06
1.80425,0.2864718337462,-0.87474564024836,3.5337360728513e-06,1.452219266282e-06
1.8045,0.27928320300884,-0.87732806040587,3.6288003967746e-06,1.5483548551302e-06
1.80475,0.27207874683718,-0.87984563344764,3.7248339159294e-06,1.6428086527387e-06
1.805,0.26485899893624,-0.88229840843494,3.8218165687307e-06,1.73558034707e-06
1.80525,0.25762449033198,-0.88468643638081,3.9197284228003e-06,1.8266697306854e-06
1.8055,0.25037574941453,-0.88700977024073,4.0185496725888e-06,1.9160766999391e-06
1.80575,0.24311330198018,-0.88926846490377,4.1182606370467e-06,2.0038012542265e-06
1.806,0.2358376712724,-0.89146257718451,4.2188417573418e-06,2.0898434952837e-06
1.80625,0.22854937802171,-0.89359216581539,4.3202735946232e-06,2.1742036265389e-06
1.8065,0.22124894048448,-0.89565729143971,4.4225368278314e-06,2.2568819525137e-06
1.80675,0.21393687448079,-0.89765801660506,4.5256122515516e-06,2.3378788782729e-06
1.807,0.20661369343105,-0.89959440575739,4.6294807739113e-06,2.4171949089223e-06
1.80725,0.19927990839192,-0.90146652523539,4.7341234145204e-06,2.4948306491528e-06
1.8075,0.19193602809098,-0.90327444326548,4.8395213024524e-06,2.5707868028311e-06
1.80775,0.18458255896055,-0.90501822995714,4.9456556742677e-06,2.6450641726342e-06
1.808,0.17722000517062,-0.90669795729875,5.0525078720744e-06,2.7176636597287e-06
1.80825,0.1698488686607,-0.90831369915374,5.1600593416305e-06,2.788586263493e-06
1.8085,0.16246964917092,-0.90986553125723,5.2682916304827e-06,2.8578330812824e-06
1.80875,0.1550828442721,-0.91135353121289,5.3771863861425e-06,2.925405308235e-06
1.809,0.14768894939505,-0.91277777849036,5.4867253542992e-06,2.9913042371203e-06
1.80925,0.14028845785894,-0.9141383544228,5.5968903770671e-06,3.0555312582268e-06
1.8095,0.13288186089885,-0.91543534220486,5.7076633912688e-06,3.1180878592906e-06
1.80975,0.12546964769249,-0.91666882689098,5.8190264267507e-06,3.1789756254637e-06
1.81,0.11805230538612,-0.91783889539392,5.9309616047322e-06,3.2381962393206e-06
1.81025,0.11063031911965,-0.91894563648358,6.0434511361863e-06,3.295751480904e-06
1.8105,0.10320417205095,-0.91998914078609,6.1564773202515e-06,3.3516432278097e-06
1.81075,0.095774345379472,-0.92096950078317,6.2700225426742e-06,3.4058734553079e-06
1.811,0.088341318368969,-0.92188681081168,6.3840692742797e-06,3.4584442365041e-06
1.81125,0.080905568369638,-0.92274116706345,6.4986000694724e-06,3.5093577425366e-06
1.8115,0.073467570839436,-0.92353266758524,6.6135975647638e-06,3.5586162428116e-06
1.81175,0.066027799364695,-0.92426141227903,6.7290444773264e-06,3.6062221052764e-06
1.812,0.058586725680093,-0.92492750290233,6.844923603575e-06,3.652177796729e-06
1.81225,0.051144819687888,-0.92553104306883,6.9612178177715e-06,3.6964858831658e-06
1.8125,0.043702549476477,-0.92607213824915,7.0779100706559e-06,3.7391490301666e-06
1.81275,0.036260381338361,-0.92655089577167,7.194983388099e-06,3.7801700033165e-06
1.813,0.028818779787369,-0.9269674248237,7.3124208697795e-06,3.8195516686663e-06
1.81325,0.021378207575339,-0.92732183645257,7.4302056878809e-06,3.85729699323e-06
1.8135,0.013939125708119,-0.92761424356702,7.5483210858115e-06,3.8934090455212e-06
1.81375,0.0065019934609522,-0.92784476093866,7.6667503769431e-06,3.9278909961272e-06
1.814,-0.00093273160667755,-0.92801350520345,7.7854769433693e-06,3.9607461183216e-06
1.81425,-0.0083645936368445,-0.92812059486347,7.9044842346823e-06,3.9919777887175e-06
1.8145,-0.015793138459559,-0.92816615028861,8.023755766768e-06,4.0215894879584e-06
1.81475,-0.023217913579645,-0.92815029371845,8.1432751206162e-06,4.0495848014508e-06
1.815,-0.030638468164274,-0.92807314926419,8.2630259411482e-06,4.0759674201364e-06
1.81525,-0.038054353030941,-0.92793484291067,8.3829919360586e-06,4.1007411413062e-06
1.8155,-0.045465120636042,-0.92773550251844,8.5031568746708e-06,4.1239098694565e-06
1.81575,-0.052870325063982,-0.9274752578259,8.6235045868072e-06,4.1454776171876e-06
1.816,-0.060269522016731,-0.92715424045151,8.74401896167e-06,4.1654485061457e-06
1.81625,-0.067662268803949,-0.926772583896,8.8646839467338e-06,4.1838267680103e-06
1.8165,-0.075048124333607,-0.92633042354468,8.9854835466497e-06,4.2006167455256e-06
1.81675,-0.082426649103027,-0.92582789666978,9.106401822157e-06,4.2158228935793e-06
1.817,-0.089797405190499,-0.92526514243275,9.2274228890055e-06,4.2294497803283e-06
1.81725,-0.097159956247267,-0.92464230188671,9.3485309168833e-06,4.2415020883733e-06
1.8175,-0.10451386749005,-0.92395951797878,9.4697101283524e-06,4.2519846159832e-06
1.81775,-0.11185870569399,-0.92321693555254,9.5909447977901e-06,4.2609022783704e-06
1.818,-0.11919403918601,-0.92241470135044,9.7122192503331e-06,4.2682601090188e-06
1.81825,-0.12651943783868,-0.92155296401623,9.8335178608271e-06,4.2740632610658e-06
1.8185,-0.13383447306444,-0.92063187409741,9.9548250527774e-06,4.2783170087396e-06
1.81875,-0.14113871781024,-0.9196515840476,1.0076125297301e-05,4.2810267488542e-06
1.819,-0.14843174655269,-0.91861224822903,1.0197403112078e-05,4.2821980023622e-06
1.81925,-0.15571313529349,-0.9175140229149,1.0318643060304e-05,4.2818364159696e-06
1.8195,-0.16298246155531,-0.91635706629178,1.0439829749639e-05,4.2799477638124e-06
1.81975,-0.17023930437808,-0.91514153846197,1.0560947831149e-05,4.2765379491981e-06
1.82,-0.17748324431562,-0.91386760144587,1.0681981998249e-05,4.2716130064139e-06
1.82025,-0.18471386343269,-0.91253541918426,1.0802916985637e-05,4.2651791026046e-06
1.8205,-0.19193074530233,-0.91114515754061,1.0923737568218e-05,4.2572425397207e-06
1.82075,-0.19913347500365,-0.90969698430332,1.1044428560021e-05,4.2478097565416e-06
1.821,-0.20632163911994,-0.90819106918791,1.1164974813108e-05,4.2368873307749e-06
1.82125,-0.21349482573709,-0.90662758383922,1.1285361216465e-05,4.2244819812347e-06
1.8215,-0.2206526244424,-0.90500670183348,1.1405572694883e-05,4.210600570103e-06
1.82175,-0.22779462632374,-0.90332859868046,1.1525594207823e-05,4.1952501052754e-06
1.822,-0.23492042396892,-0.90159345182539,1.1645410748264e-05,4.1784377427961e-06
1.82225,-0.24202961146556,-0.89980144065104,1.1765007341532e-05,4.1601707893838e-06
1.8225,-0.24912178440113,-0.8979527464795,1.1884369044108e-05,4.1404567050545e-06
1.82275,-0.25619653986338,-0.89604755257415,1.2003480942408e-05,4.1193031058417e-06
1.823,-0.26325347644103,-0.89408604414136,1.212232815155e-05,4.0967177666211e-06
1.82325,-0.2702921942248,-0.89206840833224,1.2240895814082e-05,4.0727086240416e-06
1.8235,-0.27731229480867,-0.88999483424429,1.2359169098685e-05,4.0472837795679e-06
1.82375,-0.28431338129155,-0.88786551292299,1.2477133198846e-05,4.0204515026395e-06
1.824,-0.29129505827904,-0.88568063736329,1.2594773331494e-05,3.9922202339505e-06
1.82425,-0.29825693188571,-0.88344040251103,1.27120747356e-05,3.9625985888543e-06
1.8245,-0.30519860973739,-0.88114500526434,1.2829022670736e-05,3.9315953609006e-06
1.82475,-0.31211970097395,-0.87879464447487,1.2945602415595e-05,3.8992195255084e-06
1.825,-0.31901981625224,-0.87638952094901,1.306179926646e-05,3.8654802437817e-06
1.82525,-0.32589856774924,-0.87392983744897,1.3177598535627e-05,3.8303868664733e-06
1.8255,-0.33275556916557,-0.87141579869384,1.3292985549777e-05,3.7939489381043e-06
1.82575,-0.33959043572921,-0.86884761136049,1.3407945648285e-05,3.7561762012451e-06
1.826,-0.34640278419939,-0.86622548408443,1.3522464181484e-05,3.7170786009653e-06
1.82625,-0.35319223287084,-0.86354962746057,1.3636526508843e-05,3.6766662894603e-06
1.8265,-0.35995840157818,-0.86082025404387,1.37501179971e-05,3.6349496308617e-06
1.82675,-0.36670091170055,-0.85803757834988,1.3863224018306e-05,3.5919392062415e-06
1.827,-0.37341938616653,-0.85520181685525,1.3975829947797e-05,3.5476458188165e-06
1.82725,-0.38011344945921,-0.85231318799809,1.4087921162086e-05,3.5020804993639e-06
1.8275,-0.3867827276215,-0.84937191217819,1.4199483036665e-05,3.4552545118579e-06
1.82775,-0.39342684826166,-0.84637821175725,1.4310500943711e-05,3.4071793593355e-06
1.828,-0.40004544055902,-0.84333231105889,1.4420960249696e-05,3.3578667900055e-06
1.82825,-0.40663813526993,-0.84023443636863,1.453084631289e-05,3.3073288036086e-06
1.8285,-0.41320456473388,-0.83708481593376,1.4640144480751e-05,3.2555776580437e-06
1.82875,-0.41974436287983,-0.83388367996303,1.4748840087193e-05,3.2026258762711e-06
1.829,-0.42625716523276,-0.83063126062632,1.4856918449733e-05,3.1484862535061e-06
1.82925,-0.4327426089203,-0.82732779205417,1.496436486649e-05,3.0931718647188e-06
1.8295,-0.43920033267972,-0.82397351033717,1.507116461305e-05,3.0366960724525e-06
1.82975,-0.44562997686495,-0.82056865352523,1.5177302939174e-05,2.9790725349786e-06
1.83,-0.45203118345383,-0.81711346162683,1.5282765065339e-05,2.9203152148031e-06
1.83025,-0.45840359605553,-0.81360817660804,1.5387536179104e-05,2.8604383875434e-06
1.8305,-0.46474685991818,-0.81005304239146,1.5491601431299e-05,2.7994566511933e-06
1.83075,-0.47106062193658,-0.80644830485511,1.5594945932001e-05,2.7373849357959e-06
1.831,-0.47734453066015,-0.80279421183105,1.5697554746308e-05,2.6742385135453e-06
1.83125,-0.48359823630099,-0.79909101310407,1.5799412889891e-05,2.6100330093396e-06
1.8315,-0.48982139074212,-0.7953389604101,1.5900505324296e-05,2.5447844118076e-06
1.83175,-0.49601364754589,-0.79153830743455,1.6000816951998e-05,2.4785090848337e-06
1.832,-0.50217466196247,-0.7876893098106,1.6100332611178e-05,2.4112237796095e-06
1.83225,-0.50830409093859,-0.78379222511722,1.6199037070211e-05,2.3429456472356e-06
1.8325,-0.51440159312629,-0.77984731287719,1.6296915021845e-05,2.2736922519076e-06
1.83275,-0.52046682889196,-0.77585483455497,1.6393951077039e-05,2.2034815847139e-06
1.833,-0.52649946032537,-0.77181505355434,1.6490129758461e-05,2.1323320780796e-06
1.83325,-0.53249915124895,-0.76772823521608,1.6585435493594e-05,2.0602626208928e-06
1.8335,-0.53846556722713,-0.7635946468154,1.6679852607445e-05,1.987292574348e-06
1.83375,-0.54439837557583,-0.75941455755924,1.677336531482e-05,1.9134417885485e-06
1.834,-0.55029724537207,-0.75518823858354,1.6865957712132e-05,1.8387306199085e-06
1.83425,-0.55616184746369,-0.75091596295026,1.695761376872e-05,1.7631799493999e-06
1.8345,-0.56199185447926,-0.74659800564434,1.7048317317633e-05,1.6868112016917e-06
1.83475,-0.56778694083793,-0.7422346435705,1.7138052045847e-05,1.6096463652323e-06
1.835,-0.57354678275963,-0.7378261555499,1.722680148387e-05,1.5317080133281e-06
1.83525,-0.57927105827518,-0.73337282231673,1.7314548994703e-05,1.4530193262765e-06
1.8355,-0.58495944723657,-0.72887492651455,1.7401277762088e-05,1.3736041146142e-06
1.83575,-0.59061163132745,-0.72433275269259,1.7486970778014e-05,1.2934868435451e-06
1.836,-0.59622729407349,-0.71974658730188,1.7571610829413e-05,1.2126926586182e-06
1.83625,-0.60180612085311,-0.71511671869123,1.7655180483983e-05,1.1312474127288e-06
1.8365,-0.60734779890804,-0.71044343710309,1.7737662075089e-05,1.0491776945227e-06
1.83675,-0.6128520173542,-0.70572703466929,1.7819037685652e-05,9.6651085828678e-07
1.837,-0.61831846719253,-0.70096780540658,1.7899289130961e-05,8.8327505541597e-07
1.83725,-0.62374684131995,-0.69616604521211,1.7978397940325e-05,7.9949926755457e-07
1.8375,-0.62913683454037,-0.69132205185869,1.8056345337466e-05,7.1521334151242e-07
1.83775,-0.63448814357591,-0.68643612498997,1.8133112219574e-05,6.3044802606674e-07
1.838,-0.63980046707797,-0.68150856611547,1.8208679134887e-05,5.4523501076841e-07
1.83825,-0.64507350563863,-0.67653967860543,1.8283026258714e-05,4.596069668767e-07
1.8385,-0.65030696180192,-0.67152976768555,1.8356133367751e-05,3.7359759055825e-07
1.83875,-0.65550054007529,-0.66647914043159,1.8427979812563e-05,2.8724164849517e-07
1.839,-0.66065394694111,-0.66138810576382,1.8498544488075e-05,2.0057502605602e-07
1.83925,-0.66576689086817,-0.65625697444132,1.8567805801921e-05,1.1363477819644e-07
1.8395,-0.67083908232339,-0.65108605905614,1.8635741640455e-05,2.6459183266807e-08
1.83975,-0.67587023378344,-0.64587567402732,1.8702329332244e-05,-6.0912200081711e-08
1.84,-0.68086005974651,-0.64062613559478,1.8767545608818e-05,-1.4843847268687e-07
1.84025,-0.68580827674414,-0.63533776181299,1.8831366562453e-05,-2.360773311431e-07
1.8405,-0.69071460335303,-0.63001087254464,1.8893767600716e-05,-3.2378500030665e-07
1.84075,-0.69557876020696,-0.62464578945402,1.8954723397506e-05,-4.115161617877e-07
1.841,-0.7004004700088,-0.61924283600032,1.9014207840274e-05,-4.9922387815359e-07
1.84125,-0.70517945754243,-0.61380233743079,1.9072193973085e-05,-5.8685951254909e-07
1.8415,-0.70991544968488,-0.60832462077374,1.9128653935137e-05,-6.7437264341809e-07
1.84175,-0.71460817541836,-0.60281001483136,1.9183558894352e-05,-7.6171097398455e-07
1.842,-0.71925736584242,-0.59725885017248,1.9236878975556e-05,-8.4882023612637e-07
1.84225,-0.72386275418614,-0.5916714591251,1.9288583182769e-05,-9.3564408824662e-07
1.8425,-0.7284240758203,-0.5860481757688,1.9338639315046e-05,-1.0221240067157e-06
1.84275,-0.73294106826966,-0.58038933592702,1.9387013875261e-05,-1.1081991704246e-06
1.843,-0.7374134712252,-0.57469527715916,1.9433671971154e-05,-1.1938063379552e-06
1.84325,-0.74184102655647,-0.56896633875258,1.9478577207911e-05,-1.2788797168331e-06
1.8435,-0.74622347832387,-0.56320286171438,1.9521691571425e-05,-1.3633508242857e-06
1.84375,-0.75056057279104,-0.55740518876312,1.9562975301347e-05,-1.4471483388859e-06
1.844,-0.75485205843721,-0.55157366432032,1.9602386752885e-05,-1.5301979424098e-06
1.84425,-0.75909768596965,-0.54570863450184,1.9639882246232e-05,-1.6124221511856e-06
1.8445,-0.76329720833603,-0.53981044710912,1.9675415902353e-05,-1.6937401361538e-06
1.84475,-0.76745038073686,-0.53387945162028,1.9708939463728e-05,-1.7740675307964e-06
1.845,-0.77155696063798,-0.527915999181,1.974040209848e-05,-1.8533162260281e-06
1.84525,-0.77561670778299,-0.52192044259536,1.9769750186143e-05,-1.9313941510693e-06
1.8455,-0.7796293842057,-0.51589313631646,1.9796927083085e-05,-2.0082050392496e-06
1.84575,-0.78359475424267,-0.5098344364369,1.9821872865429e-05,-2.0836481776028e-06
1.846,-0.7875125845456,-0.50374470067914,1.9844524046973e-05,-2.157618139032e-06
1.84625,-0.7913826440939,-0.49762428838568,1.986481326937e-05,-2.2300044957309e-06
1.8465,-0.79520470420715,-0.49147356050911,1.9882668961447e-05,-2.300691512449e-06
1.84675,-0.79897853855756,-0.48529287960202,1.9898014964185e-05,-2.3695578180868e-06
1.847,-0.8027039231825,-0.47908260980672,1.9910770117396e-05,-2.4364760539985e-06
1.84725,-0.80638063649695,-0.47284311684489,1.9920847803671e-05,-2.5013124972724e-06
1.8475,-0.81000845930598,-0.46657476800698,1.9928155444568e-05,-2.5639266571426e-06
1.84775,-0.81358717481722,-0.46027793214154,1.9932593943347e-05,-2.6241708425712e-06
1.848,-0.81711656865333,-0.45395297964443,1.993405706782e-05,-2.6818896989277e-06
1.84825,-0.82059642886441,-0.44760028244772,1.9932430765992e-05,-2.7369197115831e-06
1.8485,-0.82402654594045,-0.44122021400867,1.9927592406191e-05,-2.7890886741346e-06
1.84875,-0.82740671282373,-0.43481314929839,1.9919409932214e-05,-2.8382151188889e-06
1.849,-0.83073672492124,-0.42837946479043,1.9907740922724e-05,-2.8841077071673e-06
1.84925,-0.83401638011704,-0.42191953844918,1.9892431542562e-05,-2.9265645769586e-06
1.8495,-0.83724547878457,-0.4154337497182,1.9873315371918e-05,-2.9653726454555e-06
1.84975,-0.84042382379906,-0.40892247950831,1.9850212097231e-05,-3.0003068640738e-06
1.85,-0.84355122054975,-0.4023861101856,1.9822926045331e-05,-3.0311294237054e-06
1.85025,-0.84662747695225,-0.39582502555927,1.9791244539586e-05,-3.0575889082029e-06
1.8505,-0.84965240346069,-0.38923961086934,1.9754936053624e-05,-3.0794193945039e-06
1.85075,-0.85262581307999,-0.38263025277418,1.9713748134479e-05,-3.0963394983745e-06
1.851,-0.85554752137807,-0.37599733933794,1.9667405062675e-05,-3.1080513655988e-06
1.85125,-0.8584173464979,-0.36934126001782,1.9615605211697e-05,-3.1142396095944e-06
1.8515,-0.8612351091697,-0.36266240565118,1.9558018063403e-05,-3.114570198009e-06
1.85175,-0.86400063272297,-0.35596116844255,1.949428082899e-05,-3.1086892929998e-06
1.852,-0.86671374309851,-0.34923794195041,1.9423994617064e-05,-3.0962220527211e-06
1.85225,-0.86937426886044,-0.34249312107394,1.9346720080832e-05,-3.0767714053448e-06
1.8525,-0.87198204120811,-0.33572710203957,1.9261972465365e-05,-3.049916811892e-06
1.85275,-0.87453689398802,-0.32894028238737,1.9169215962771e-05,-3.0152130407138e-06
1.853,-0.87703866370564,-0.32213306095732,1.9067857267863e-05,-2.9721889850218e-06
1.85325,-0.87948718953727,-0.31530583787547,1.8957238208937e-05,-2.9203465660717e-06
1.8535,-0.88188231334172,-0.30845901453992,1.8836627307247e-05,-2.8591597792365e-06
1.85375,-0.88422387967206,-0.30159299360666,1.8705210094191e-05,-2.7880739592831e-06
1.854,-0.88651173578722,-0.29470817897532,1.8562077986495e-05,-2.7065053660362e-06
1.85425,-0.88874573166362,-0.28780497577467,1.8406215486348e-05,-2.6138412240379e-06
1.8545,-0.89092572000667,-0.28088379034817,1.8236485434746e-05,-2.5094403920792e-06
1.85475,-0.89305155626226,-0.27394503023918,1.8051612001979e-05,-2.3926348935867e-06
1.855,-0.89512309862816,-0.26698910417615,1.7850161048566e-05,-2.2627326107486e-06
1.85525,-0.89714020806534,-0.2600164220577,1.7630517433213e-05,-2.1190215391007e-06
1.8555,-0.89910274830931,-0.25302739493742,1.7390858781799e-05,-1.9607761217885e-06
1.85575,-0.90101058588131,-0.2460224350087,1.7129125164505e-05,-1.7872663427285e-06
1.856,-0.90286359009944,-0.23900195558937,1.6842984059876e-05,-1.5977704668069e-06
1.85625,-0.90466163308976,-0.2319663711061,1.6529789920318e-05,-1.3915925880105e-06
1.8565,-0.90640458979731,-0.22491609707887,1.6186537602587e-05,-1.1680865020882e-06
1.85675,-0.90809233799704,-0.21785155010513,1.5809808904653e-05,-9.2668788339456e-07
1.857,-0.90972475830468,-0.21077314784389,1.5395711481808e-05,-6.6695734668443e-07
1.85725,-0.91130173418752,-0.20368130899975,1.4939809539001e-05,-3.8863775146172e-07
1.8575,-0.91282315197513,-0.19657645330668,1.4437045973848e-05,-9.1730103844355e-08
1.85775,-0.91428890087001,-0.18945900151173,1.3881656168253e-05,2.2340632087556e-07
1.858,-0.91569887295812,-0.18232937535866,1.3267074535941e-05,5.5592242184468e-07
1.85825,-0.9170529632194,-0.1751879975713,1.2585836436732e-05,9.0430711734658e-07
1.8585,-0.91835106953813,-0.16803529183698,1.1829480470766e-05,1.2661631048055e-06
1.85875,-0.91959309271323,-0.16087168278966,1.098845990388e-05,1.6379164308312e-06
1.859,-0.92077893646853,-0.15369759599302,1.0052077657196e-05,2.0144430715388e-06
1.85925,-0.92190850746289,-0.1465134579234,9.0084677318764e-06,2.388593463964e-06
1.8595,-0.92298171530023,-0.13931969595266,7.8446581476243e-06,2.7505951181079e-06
1.85975,-0.92399847253953,-0.13211673833083,6.5467675712752e-06,3.087315926841e-06
1.86,-0.92495869470467,-0.12490501416877,5.1004107204848e-06,3.3813797440098e-06
1.86025,-0.92586230029426,-0.11768495342052,3.491416350803e-06,3.6101462940681e-06
1.8605,-0.92670921079126,-0.11045698686573,1.7069938021548e-06,3.7446070236349e-06
1.86075,-0.92749935067263,-0.10322154609186,-2.6248765133201e-07,3.7483170148588e-06
1.861,-0.92823264741881,-0.095979063476242,-2.4209343845052e-06,3.5765910714254e-06
1.86125,-0.9289090315231,-0.088729972168125,-4.763049215119e-06,3.1763450399092e-06
1.8615,-0.92952843650101,-0.0814747060705,-7.2699482407614e-06,2.4871492880022e-06
1.86175,-0.93009079889943,-0.07421369982185,-9.904181931635e-06,1.4442290590655e-06
1.862,-0.93059605830575,-0.066947388777825,-1.260496526738e-05,-1.5819603712022e-08
1.86225,-0.93104415735683,-0.059676208992715,-1.5285079328672e-05,-1.9461194206856e-06
1.8625,-0.93143504174796,-0.052400597200904,-1.7831511572985e-05,-4.3777522411458e-06
1.86275,-0.93176866024161,-0.045120990798153,-2.0112001942834e-05,-7.3069167253948e-06
1.863,-0.93204496467612,-0.03783782782276,-2.19886813474e-05,-1.0684434727156e-05
1.86325,-0.93226390997432,-0.030551546936688,-2.3337654411293e-05,-1.4412019941e-05
1.8635,-0.93242545415196,-0.02326258740648,-2.4070312002798e-05,-1.8348852299889e-05
1.86375,-0.93252955832612,-0.015971389084159,-2.415002955873e-05,-2.23288223391e-05
1.864,-0.93257618672345,-0.008678392387966,-2.359850224234e-05,-2.6184491753493e-05
1.86425,-0.93256530668833,-0.0013840382829835,-2.2489582261985e-05,-2.9770824302296e-05
1.8645,-0.93249688869089,0.0059112317382854,-2.0933237714552e-05,-3.2982015196592e-05
1.86475,-0.93237090633494,0.0132069756755,-1.9055410957109e-05,-3.575802789347e-05
1.865,-0.93218733636581,0.020502751040168,-1.6979680740429e-05,-3.8081555577277e-05
1.86525,-0.931946158678,0.027798114875379,-1.4814408310538e-05,-3.9968842873781e-05
1.8655,-0.93164735632279,0.035092623775691,-1.2646246957711e-05,-4.1458356588596e-05
1.86575,-0.93129091551573,0.042385833907126,-1.0538907573377e-05,-4.2600302720985e-05
1.866,-0.93087682564392,0.049677301027192,-8.5352951189909e-06,-4.3448516118002e-05
1.86625,-0.9304050792733,0.056966580505103,-6.6612472016847e-06,-4.4055045609299e-05
1.8665,-0.92987567215574,0.064253227342004,-4.9296176410538e-06,-4.4467068729329e-05
1.86675,-0.92928860323603,0.071536796191351,-3.3439919139007e-06,-4.4725521256415e-05
1.867,-0.92864387465875,0.078816841379389,-1.901733220122e-06,-4.4864841194144e-05
1.86725,-0.92794149177503,0.086092916925655,-5.9631019260177e-07,-4.4913352451506e-05
1.8675,-0.92718146314914,0.093364576563683,5.8101659844262e-07,-4.4893958363649e-05
1.86775,-0.92636380056504,0.10063137376169,1.640026580353e-06,-4.4824937900293e-05
1.868,-0.92548851903274,0.10789286174342,2.5907645479329e-06,-4.472072680409e-05
1.86825,-0.92455563679454,0.1151485935091,3.4430513548983e-06,-4.4592624875251e-05
1.8685,-0.92356517533116,0.1223981218564,4.2061942396854e-06,-4.4449406512062e-05
1.86875,-0.92251715936779,0.12964099940153,4.8888325073013e-06,-4.4297831761723e-05
1.869,-0.92141161687987,0.13687677860047,5.4988721635087e-06,-4.4143065315408e-05
1.86925,-0.92024857909895,0.14410501177019,6.0434769636288e-06,-4.398901514781e-05
1.8695,-0.91902808051821,0.15132525111002,6.5290936065696e-06,-4.3838603487058e-05
1.86975,-0.91775015889802,0.15853704872312,6.9614961688331e-06,-4.3693982119017e-05
1.87,-0.91641485527126,0.16573995663794,7.3458400302177e-06,-4.3556702619867e-05
1.87025,-0.91502221394855,0.17293352682989,7.6867190858475e-06,-4.3427850488584e-05
1.8705,-0.91357228252339,0.18011731124297,7.9882224326415e-06,-4.3308150579961e-05
1.87075,-0.91206511187708,0.18729086181156,8.2539883091919e-06,-4.3198049837152e-05
1.871,-0.91050075618358,0.19445373048228,8.4872541068055e-06,-4.3097782129242e-05
1.87125,-0.9088792729142,0.20160546923585,8.690901933515e-06,-4.3007419012372e-05
1.8715,-0.9072007228422,0.20874563010919,8.8674996255242e-06,-4.2926909432157e-05
1.87175,-0.90546517004716,0.21587376521738,9.0193373466507e-06,-4.2856110743821e-05
1.872,-0.90367268191937,0.2229894267759,9.1484600536197e-06,-4.2794812917259e-05
1.87225,-0.90182332916391,0.23009216712281,9.2566961724557e-06,-4.2742757392402e-05
1.8725,-0.89991718580476,0.23718153874105,9.3456828547604e-06,-4.2699651734291e-05
1.87275,-0.89795432918862,0.24425709428081,9.4168881795933e-06,-4.2665180989486e-05
1.873,-0.89593483998874,0.25131838658201,9.4716306482321e-06,-4.263901645136e-05
1.87325,-0.89385880220848,0.25836496869674,9.5110962926118e-06,-4.2620822389896e-05
1.8735,-0.89172630318485,0.26539639391187,9.5363536882984e-06,-4.2610261182664e-05
1.87375,-0.88953743359183,0.27241221577175,9.5483671322831e-06,-4.2606997190482e-05
1.874,-0.88729228744357,0.27941198810083,9.548008216387e-06,-4.2610699648255e-05
1.87425,-0.8849909620975,0.28639526502652,9.5360659995372e-06,-4.2621044784152e-05
1.8745,-0.88263355825723,0.29336160100199,9.5132559570752e-06,-4.2637717335267e-05
1.87475,-0.88022017997535,0.30031055082912,9.4802278627191e-06,-4.266041159248e-05
1.875,-0.8777509346561,0.30724166968145,9.4375727387884e-06,-4.2688832079316e-05
1.87525,-0.87522593305788,0.31415451312721,9.385828992672e-06,-4.2722693947619e-05
1.8755,-0.87264528929562,0.32104863715249,9.3254878420821e-06,-4.2761723155421e-05
1.87575,-0.87000912084301,0.32792359818428,9.2569981181789e-06,-4.2805656478688e-05
1.876,-0.86731754853463,0.3347789531138,9.180770523942e-06,-4.2854241397685e-05
1.87625,-0.86457069656786,0.34161425931977,9.0971814150205e-06,-4.2907235890118e-05
1.8765,-0.86176869250471,0.34842907469168,9.0065761614946e-06,-4.296440815633e-05
1.87675,-0.85891166727351,0.35522295765326,8.9092721413725e-06,-4.3025536296414e-05
1.877,-0.8559997551704,0.36199546718593,8.8055614100635e-06,-4.3090407954777e-05
1.87725,-0.85303309386077,0.36874616285225,8.6957130843701e-06,-4.3158819944274e-05
1.8775,-0.85001182438045,0.37547460481957,8.579975474618e-06,-4.3230577859285e-05
1.87775,-0.84693609113686,0.38218035388362,8.4585779942745e-06,-4.3305495684965e-05
1.878,-0.84380604190996,0.38886297149215,8.3317328727144e-06,-4.3383395408167e-05
1.87825,-0.84062182785305,0.39552201976873,8.1996366935884e-06,-4.346410663419e-05
1.8785,-0.83738360349345,0.40215706153648,8.0624717784782e-06,-4.3547466212396e-05
1.87875,-0.83409152673304,0.40876766034193,7.9204074330996e-06,-4.3633317872937e-05
1.879,-0.83074575884867,0.4153533804789,7.7736010712333e-06,-4.3721511876115e-05
1.87925,-0.82734646449237,0.42191378701243,7.6221992297249e-06,-4.3811904675409e-05
1.8795,-0.82389381169144,0.42844844580278,7.4663384863177e-06,-4.3904358594768e-05
1.87975,-0.82038797184848,0.43495692352946,7.3061462906901e-06,-4.3998741520464e-05
1.88,-0.81682911974112,0.44143878771531,7.1417417178593e-06,-4.4094926607565e-05
1.88025,-0.81321743352173,0.44789360675065,6.9732361520564e-06,-4.4192792000868e-05
1.8805,-0.80955309471695,0.45432094991745,6.8007339082514e-06,-4.4292220570026e-05
1.88075,-0.80583628822705,0.46072038741355,6.6243327976915e-06,-4.4393099658503e-05
1.881,-0.80206720232518,0.46709149037695,6.4441246431053e-06,-4.4495320845872e-05
1.88125,-0.79824602865646,0.4734338309101,6.260195748601e-06,-4.4598779722985e-05
1.8815,-0.79437296223691,0.47974698210434,6.0726273287278e-06,-4.4703375679467e-05
1.88175,-0.79044820145226,0.4860305180642,5.8814959006942e-06,-4.480901170298e-05
1.882,-0.78647194805662,0.49228401393194,5.6868736432979e-06,-4.4915594189707e-05
1.88225,-0.78244440717096,0.49850704591204,5.4888287257499e-06,-4.5023032765496e-05
1.8825,-0.77836578728151,0.50469919129568,5.2874256092401e-06,-4.513124011711e-05
1.88275,-0.77423630023794,0.51086002848543,5.0827253237892e-06,-4.5240131833064e-05
1.883,-0.77005616125145,0.51698913701977,4.874785722678e-06,-4.5349626253505e-05
1.88325,-0.7658255888927,0.52308609759781,4.663661716502e-06,-4.5459644328663e-05
1.8835,-0.76154480508959,0.52915049210403,4.4494054886986e-06,-4.5570109485369e-05
1.88375,-0.75721403512488,0.53518190363299,4.2320666942076e-06,-4.5680947501194e-05
1.884,-0.75283350763368,0.54117991651413,4.011692642758e-06,-4.5792086385772e-05
1.88425,-0.74840345460081,0.54714411633663,3.7883284681327e-06,-4.5903456268885e-05
1.8845,-0.74392411135795,0.55307408997427,3.5620172846272e-06,-4.6014989294922e-05
1.88475,-0.73939571658075,0.55896942561033,3.332800331804e-06,-4.6126619523336e-05
1.885,-0.73481851228565,0.56482971276259,3.1007171085355e-06,-4.6238282834755e-05
1.88525,-0.7301927438267,0.5706545423083,2.8658054972429e-06,-4.6349916842403e-05
1.8855,-0.72551865989211,0.5764435065092,2.6281018791413e-06,-4.6461460808529e-05
1.88575,-0.72079651250074,0.58219619903663,2.3876412412386e-06,-4.6572855565544e-05
1.886,-0.7160265569984,0.58791221499664,2.1444572757588e-06,-4.6684043441594e-05
1.88625,-0.71120905205397,0.5935911509551,1.8985824726018e-06,-4.6794968190301e-05
1.8865,-0.70634425965549,0.59923260496297,1.6500482054013e-06,-4.6905574924438e-05
1.88675,-0.70143244510591,0.60483617658146,1.3988848116811e-06,-4.70158100533e-05
1.887,-0.69647387701892,0.61040146690733,1.1451216675804e-06,-4.7125621223556e-05
1.88725,-0.69146882731441,0.61592807859822,8.8878725756482e-07,-4.7234957263388e-05
1.8875,-0.68641757121392,0.62141561589797,6.2990923951014e-07,-4.7343768129716e-05
1.88775,-0.68132038723593,0.62686368466199,3.6851450551356e-07,-4.7452004858341e-05
1.888,-0.67617755719093,0.63227189238274,1.0462923875117e-07,-4.7559619516829e-05
1.88825,-0.67098936617638,0.63763984821515,-1.6172103332167e-07,-4.7666565159987e-05
1.8885,-0.66575610257153,0.64296716300214,-4.3051138915452e-07,-4.7772795787784e-05
1.88875,-0.66047805803209,0.64825344930012,-7.0171746642666e-07,-4.787826630557e-05
1.889,-0.6551555274847,0.65349832140466,-9.7531541828311e-07,-4.7982932486476e-05
1.88925,-0.64978880912131,0.65870139537601,-1.2512818722705e-06,-4.8086750935865e-05
1.8895,-0.64437820439335,0.6638622890648,-1.5295938917866e-06,-4.8189679057718e-05
1.88975,-0.63892401800581,0.66898062213774,-1.8102289398603e-06,-4.8291675022863e-05
1.89,-0.63342655791108,0.67405601610334,-2.0931648451044e-06,-4.8392697738921e-05
1.89025,-0.62788613530274,0.6790880943377,-2.3783797696909e-06,-4.8492706821904e-05
1.8905,-0.6223030646091,0.68407648211027,-2.6658521792066e-06,-4.8591662569348e-05
1.89075,-0.61667766348665,0.68902080660979,-2.9555608142693e-06,-4.8689525934926e-05
1.891,-0.61101025281331,0.6939206969701,-3.2474846637789e-06,-4.878625850443e-05
1.89125,-0.60530115668154,0.6987757842961,-3.5416029397023e-06,-4.8881822473083e-05
1.8915,-0.59955070239131,0.70358570168972,-3.8378950532882e-06,-4.8976180624086e-05
1.89175,-0.59375922044288,0.70835008427594,-4.1363405926181e-06,-4.9069296308343e-05
1.892,-0.58792704452945,0.71306856922881,-4.4369193014117e-06,-4.9161133425311e-05
1.89225,-0.5820545115296,0.71774079579758,-4.7396110590057e-06,-4.9251656404901e-05
1.8925,-0.57614196149966,0.72236640533279,-5.0443958614295e-06,-4.9340830190389e-05
1.89275,-0.57018973766583,0.72694504131246,-5.3512538035158e-06,-4.9428620222283e-05
1.893,-0.56419818641616,0.73147634936832,-5.6601650619787e-06,-4.9514992423093e-05
1.89325,-0.55816765729242,0.73595997731202,-5.9711098794008e-06,-4.9599913182961e-05
1.8935,-0.55209850298171,0.7403955751615,-6.2840685490789e-06,-4.9683349346114e-05
1.89375,-0.54599107930801,0.74478279516722,-6.5990214006718e-06,-4.9765268198087e-05
1.894,-0.5398457452235,0.74912129183864,-6.9159487866095e-06,-4.9845637453691e-05
1.89425,-0.5336628627997,0.75341072197061,-7.2348310692175e-06,-4.9924425245683e-05
1.8945,-0.52744279721849,0.75765074466979,-7.5556486085128e-06,-5.0001600114102e-05
1.89475,-0.52118591676294,0.76184102138125,-7.8783817506419e-06,-5.0077130996245e-05
1.895,-0.51489259280797,0.76598121591491,-8.2030108169156e-06,-5.0150987217252e-05
1.89525,-0.50856319981083,0.77007099447225,-8.529516093417e-06,-5.022313848126e-05
1.8955,-0.50219811530142,0.77411002567287,-8.8578778211478e-06,-5.0293554863119e-05
1.89575,-0.49579771987242,0.77809798058119,-9.1880761866835e-06,-5.0362206800622e-05
1.896,-0.48936239716927,0.78203453273322,-9.5200913133151e-06,-5.0429065087247e-05
1.89625,-0.48289253387997,0.78591935816329,-9.8539032526506e-06,-5.0494100865366e-05
1.8965,-0.47638851972465,0.78975213543088,-1.0189491976651e-05,-5.0557285619912e-05
1.89675,-0.46985074744506,0.79353254564749,-1.0526837370084e-05,-5.061859117249e-05
1.897,-0.46327961279376,0.79726027250356,-1.0865919223372e-05,-5.0677989675888e-05
1.89725,-0.45667551452323,0.80093500229541,-1.120671722582e-05,-5.0735453608997e-05
1.8975,-0.45003885437476,0.80455642395228,-1.1549210959195e-05,-5.0790955772101e-05
1.89775,-0.44337003706712,0.80812422906332,-1.1893379891658e-05,-5.0844469282537e-05
1.898,-0.43666947028509,0.81163811190476,-1.2239203372016e-05,-5.0895967570692e-05
1.89825,-0.42993756466779,0.81509776946702,-1.2586660624296e-05,-5.0945424376336e-05
1.8985,-0.4231747337968,0.81850290148188,-1.2935730742608e-05,-5.0992813745269e-05
1.89875,-0.41638139418411,0.82185321044978,-1.3286392686306e-05,-5.1038110026272e-05
1.899,-0.40955796525987,0.82514840166708,-1.3638625275421e-05,-5.1081287868341e-05
1.89925,-0.40270486935994,0.82838818325338,-1.3992407186358e-05,-5.1122322218206e-05
1.8995,-0.39582253171322,0.83157226617897,-1.4347716947853e-05,-5.1161188318107e-05
1.89975,-0.38891138042886,0.8347003642922,-1.4704532937168e-05,-5.1197861703825e-05
1.9,-0.38197184648315,0.83777219434701,-1.506283337653e-05,-5.1232318202956e-05
1.90025,-0.37500436370628,0.84078747603045,-1.5422596329795e-05,-5.1264533933412e-05
1.9005,-0.36800936876894,0.84374593199028,-1.578379969933e-05,-5.1294485302149e-05
1.90075,-0.36098730116858,0.84664728786258,-1.6146421223114e-05,-5.1322149004106e-05
1.901,-0.35393860321555,0.84949127229948,-1.651043847204e-05,-5.1347502021337e-05
1.90125,-0.34686372001905,0.85227761699685,-1.6875828847417e-05,-5.1370521622351e-05
1.9015,-0.33976309947275,0.85500605672211,-1.724256957867e-05,-5.1391185361623e-05
1.90175,-0.33263719224035,0.85767632934208,-1.7610637721222e-05,-5.1409471079295e-05
1.902,-0.32548645174079,0.86028817585083,-1.7980010154562e-05,-5.1425356901035e-05
1.90225,-0.31831133413326,0.86284134039764,-1.8350663580492e-05,-5.1438821238063e-05
1.9025,-0.31111229830206,0.865335570315,-1.8722574521542e-05,-5.1449842787333e-05
1.90275,-0.30388980584114,0.86777061614662,-1.9095719319558e-05,-5.1458400531855e-05
1.903,-0.29664432103849,0.87014623167553,-1.9470074134448e-05,-5.1464473741165e-05
1.90325,-0.28937631086021,0.87246217395222,-1.9845614943099e-05,-5.1468041971928e-05
1.9035,-0.28208624493441,0.87471820332281,-2.022231753844e-05,-5.1469085068663e-05
1.90375,-0.27477459553486,0.87691408345731,-2.0600157528663e-05,-5.1467583164597e-05
1.904,-0.26744183756438,0.87904958137789,-2.0979110336591e-05,-5.1463516682631e-05
1.90425,-0.26008844853798,0.88112446748721,-2.13591511992e-05,-5.1456866336415e-05
1.9045,-0.25271490856578,0.88313851559681,-2.1740255167274e-05,-5.1447613131531e-05
1.90475,-0.24532170033569,0.88509150295554,-2.2122397105211e-05,-5.1435738366774e-05
1.905,-0.23790930909573,0.88698321027803,-2.2505551690961e-05,-5.1421223635526e-05
1.90525,-0.23047822263629,0.88881342177321,-2.2889693416101e-05,-5.1404050827221e-05
1.9055,-0.22302893127188,0.89058192517291,-2.3274796586048e-05,-5.1384202128894e-05
1.90575,-0.21556192782287,0.89228851176044,-2.3660835320398e-05,-5.1361660026806e-05
1.906,-0.20807770759677,0.89393297639928,-2.4047783553399e-05,-5.1336407308148e-05
1.90625,-0.20057676836932,0.89551511756176,-2.4435615034546e-05,-5.1308427062816e-05
1.9065,-0.19305961036529,0.89703473735784,-2.4824303329307e-05,-5.1277702685245e-05
1.90675,-0.18552673623905,0.89849164156387,-2.5213821819969e-05,-5.1244217876317e-05
1.907,-0.17797865105477,0.89988563965146,-2.5604143706606e-05,-5.1207956645309e-05
1.90725,-0.17041586226641,0.90121654481632,-2.5995242008171e-05,-5.1168903311915e-05
1.9075,-0.16283887969736,0.90248417400721,-2.6387089563702e-05,-5.1127042508297e-05
1.90775,-0.15524821551987,0.90368834795486,-2.6779659033646e-05,-5.1082359181198e-05
1.908,-0.14764438423409,0.90482889120099,-2.7172922901302e-05,-5.1034838594085e-05
1.90825,-0.14002790264686,0.90590563212733,-2.7566853474372e-05,-5.0984466329336e-05
1.9085,-0.13239928985024,0.90691840298466,-2.7961422886631e-05,-5.0931228290463e-05
1.90875,-0.12475906719961,0.90786703992196,-2.8356603099706e-05,-5.0875110704355e-05
1.909,-0.11710775829157,0.90875138301546,-2.8752365904961e-05,-5.0816100123561e-05
1.90925,-0.10944588894151,0.9095712762979,-2.9148682925497e-05,-5.0754183428587e-05
1.9095,-0.10177398716075,0.91032656778761,-2.9545525618257e-05,-5.0689347830219e-05
1.90975,-0.094092583133545,0.9110171095178,-2.9942865276237e-05,-5.062158087186e-05
1.91,-0.086402209193572,0.91164275756579,-3.0340673030799e-05,-5.0550870431878e-05
1.91025,-0.078703399800224,0.91220337208223,-3.0738919854096e-05,-5.0477204725969e-05
1.9105,-0.070996691514493,0.91269881732044,-3.1137576561587e-05,-5.0400572309527e-05
1.91075,-0.063282622974513,0.91312896166567,-3.1536613814669e-05,-5.032096208001e-05
1.911,-0.055561734870806,0.91349367766445,-3.1936002123395e-05,-5.0238363279319e-05
1.91125,-0.047834569921146,0.9137928420539,-3.2335711849297e-05,-5.0152765496162e-05
1.9115,-0.040101672845031,0.9140263357911,-3.2735713208311e-05,-5.0064158668423e-05
1.91175,-0.032363590337888,0.91419404408243,-3.3135976273789e-05,-4.9972533085515e-05
1.912,-0.02462087104484,0.91429585641293,-3.3536470979613e-05,-4.987787939073e-05
1.91225,-0.016874065534104,0.91433166657569,-3.3937167123405e-05,-4.9780188583563e-05
1.9125,-0.0091237262700856,0.91430137270119,-3.4338034369824e-05,-4.9679452022034e-05
1.91275,-0.0013704075860048,0.91420487728669,-3.4739042253956e-05,-4.9575661424977e-05
1.913,0.0063853343437753,0.91404208722557,-3.5140160184799e-05,-4.9468808874312e-05
1.91325,0.014142941531861,0.9138129138367,-3.5541357448833e-05,-4.9358886817299e-05
1.9135,0.021901854206336,0.91351727289379,-3.5942603213681e-05,-4.9245888068745e-05
1.91375,0.029661510839601,0.91315508465467,-3.6343866531851e-05,-4.9129805813205e-05
1.914,0.037421348177705,0.91272627389067,-3.6745116344575e-05,-4.901063360713e-05
1.91425,0.045180801269994,0.91223076991585,-3.7146321485715e-05,-4.8888365380987e-05
1.9145,0.052939303499227,0.91166850661628,-3.7547450685768e-05,-4.8762995441346e-05
1.91475,0.060696286612111,0.91103942247926,-3.7948472575945e-05,-4.8634518472917e-05
1.915,0.068451180750194,0.91034346062255,-3.8349355692328e-05,-4.8502929540548e-05
1.91525,0.076203414481245,0.90958056882348,-3.8750068480111e-05,-4.8368224091181e-05
1.9155,0.083952414831056,0.90875069954811,-3.9150579297913e-05,-4.8230397955755e-05
1.91575,0.091697607315631,0.90785380998024,-3.9550856422171e-05,-4.8089447351061e-05
1.916,0.099438415973863,0.90688986205052,-3.9950868051604e-05,-4.7945368881545e-05
1.91625,0.10717426340066,0.90585882246528,-4.035058231175e-05,-4.7798159541056e-05
1.9165,0.11490457078044,0.90476066273555,-4.0749967259575e-05,-4.7647816714536e-05
1.91675,0.1226287579212,0.90359535920582,-4.1148990888155e-05,-4.7494338179656e-05
1.917,0.13034624328895,0.90236289308282,-4.1547621131414e-05,-4.7337722108381e-05
1.91725,0.13805644404262,0.90106325046417,-4.1945825868942e-05,-4.7177967068484e-05
1.9175,0.14575877606951,0.89969642236705,-4.234357293087e-05,-4.7015072024984e-05
1.91775,0.1534526540211,0.89826240475662,-4.274083010281e-05,-4.6849036341523e-05
1.918,0.16113749134942,0.89676119857448,-4.3137565130855e-05,-4.6679859781674e-05
1.91825,0.16881270034389,0.89519280976701,-4.3533745726635e-05,-4.6507542510174e-05
1.9185,0.1764776921686,0.89355724931351,-4.392933957244e-05,-4.6332085094089e-05
1.91875,0.18413187690014,0.89185453325434,-4.4324314326391e-05,-4.6153488503896e-05
1.919,0.19177466356589,0.89008468271888,-4.4718637627661e-05,-4.59717541145e-05
1.91925,0.19940546018282,0.88824772395336,-4.511227710176e-05,-4.5786883706165e-05
1.9195,0.20702367379679,0.88634368834862,-4.550520036586e-05,-4.5598879465364e-05
1.91975,0.21462871052239,0.88437261246761,-4.5897375034173e-05,-4.5407743985554e-05
1.92,0.22221997558322,0.88233453807289,-4.6288768723368e-05,-4.5213480267861e-05
1.92025,0.22979687335279,0.88022951215384,-4.6679349058045e-05,-4.5016091721687e-05
1.9205,0.23735880739585,0.8780575869538,-4.7069083676233e-05,-4.4815582165222e-05
1.92075,0.24490518051031,0.875818819997,-4.7457940234949e-05,-4.4611955825877e-05
1.921,0.25243539476965,0.87351327411531,-4.7845886415773e-05,-4.4405217340628e-05
1.92125,0.25994885156589,0.87114101747483,-4.8232889930475e-05,-4.4195371756256e-05
1.9215,0.26744495165311,0.86870212360225,-4.861891852667e-05,-4.3982424529517e-05
1.92175,0.27492309519142,0.86619667141101,-4.90039399935e-05,-4.37663815272e-05
1.922,0.28238268179166,0.86362474522733,-4.938792216735e-05,-4.3547249026103e-05
1.92225,0.28982311056047,0.86098643481585,-4.9770832937593e-05,-4.3325033712906e-05
1.9225,0.29724378014598,0.85828183540526,-5.0152640252351e-05,-4.3099742683954e-05
1.92275,0.30464408878413,0.85551104771347,-5.0533312124289e-05,-4.2871383444943e-05
1.923,0.3120234343454,0.8526741779727,-5.0912816636419e-05,-4.2639963910496e-05
1.92325,0.31938121438225,0.84977133795424,-5.1291121947927e-05,-4.240549240366e-05
1.9235,0.32671682617706,0.84680264499294,-5.1668196300018e-05,-4.2167977655284e-05
1.92375,0.33402966679063,0.84376822201145,-5.2044008021769e-05,-4.192742880331e-05
1.924,0.34131913311129,0.84066819754414,-5.2418525535992e-05,-4.1683855391951e-05
1.92425,0.34858462190456,0.83750270576077,-5.2791717365109e-05,-4.143726737078e-05
1.9245,0.35582552986341,0.83427188648981,-5.3163552137034e-05,-4.1187675093705e-05
1.92475,0.3630412536591,0.83097588524145,-5.3533998591053e-05,-4.0935089317847e-05
1.925,0.3702311899926,0.82761485323031,-5.3903025583708e-05,-4.0679521202313e-05
1.92525,0.37739473564653,0.82418894739777,-5.427060209468e-05,-4.0420982306861e-05
1.9255,0.38453128753789,0.82069833043396,-5.4636697232671e-05,-4.0159484590471e-05
1.92575,0.39164024277111,0.81714317079944,-5.5001280241269e-05,-3.9895040409798e-05
1.926,0.39872099869193,0.81352364274641,-5.536432050482e-05,-3.962766251753e-05
1.92625,0.40577295294169,0.80983992633962,-5.5725787554275e-05,-3.9357364060638e-05
1.9265,0.41279550351239,0.80609220747684,-5.608565107303e-05,-3.9084158578518e-05
1.92675,0.41978804880218,0.8022806779089,-5.6443880902751e-05,-3.8808060001031e-05
1.927,0.42674998767159,0.79840553525941,-5.6800447049175e-05,-3.8529082646436e-05
1.92725,0.43368071950024,0.79446698304392,-5.7155319687894e-05,-3.8247241219223e-05
1.9275,0.44057964424428,0.79046523068869,-5.7508469170115e-05,-3.7962550807831e-05
1.92775,0.44744616249429,0.78640049354903,-5.7859866028393e-05,-3.7675026882268e-05
1.928,0.45427967553388,0.78227299292713,-5.8209480982336e-05,-3.738468529163e-05
1.92825,0.46107958539888,0.77808295608939,-5.855728494428e-05,-3.7091542261506e-05
1.9285,0.46784529493705,0.77383061628331,-5.8903249024929e-05,-3.6795614391288e-05
1.92875,0.47457620786856,0.76951621275381,-5.924734453896e-05,-3.649691865137e-05
1.929,0.48127172884685,0.76513999075908,-5.9589543010588e-05,-3.6195472380255e-05
1.92925,0.48793126352026,0.76070220158584,-5.9929816179097e-05,-3.5891293281545e-05
1.9295,0.49455421859421,0.75620310256408,-6.0268136004319e-05,-3.5584399420846e-05
1.92975,0.50114000189393,0.75164295708121,-6.0604474672072e-05,-3.5274809222557e-05
1.93,0.50768802242788,0.74702203459568,-6.0938804599555e-05,-3.4962541466571e-05
1.93025,0.51419769045161,0.74234061064994,-6.1271098440681e-05,-3.4647615284867e-05
1.9305,0.52066841753239,0.73759896688284,-6.160132909137e-05,-3.4330050158011e-05
1.93075,0.52709961661435,0.73279739104139,-6.1929469694782e-05,-3.4009865911557e-05
1.931,0.53349070208412,0.72793617699186,-6.225549364649e-05,-3.368708271235e-05
1.93125,0.53984108983719,0.72301562473032,-6.2579374599601e-05,-3.3361721064736e-05
1.9315,0.5461501973448,0.71803604039233,-6.2901086469809e-05,-3.3033801806676e-05
1.93175,0.55241744372136,0.71299773626219,-6.3220603440387e-05,-3.270334610577e-05
1.932,0.55864224979251,0.70790103078128,-6.3537899967118e-05,-3.2370375455184e-05
1.93225,0.5648240381637,0.70274624855581,-6.3852950783149e-05,-3.2034911669493e-05
1.9325,0.57096223328934,0.6975337203638,-6.4165730903779e-05,-3.169697688043e-05
1.93275,0.57705626154255,0.69226378316132,-6.4476215631183e-05,-3.1356593532548e-05
1.933,0.5831055512854,0.68693678008801,-6.4784380559048e-05,-3.1013784378799e-05
1.93325,0.5891095329397,0.68155306047175,-6.509020157714e-05,-3.0668572476024e-05
1.9335,0.59506763905845,0.67611297983263,-6.53936548758e-05,-3.0320981180363e-05
1.93375,0.60097930439761,0.67061689988604,-6.5694716950344e-05,-2.997103414258e-05
1.934,0.60684396598862,0.66506518854498,-6.5993364605399e-05,-2.9618755303313e-05
1.93425,0.61266106321128,0.65945821992157,-6.6289574959141e-05,-2.926416888824e-05
1.9345,0.61843003786722,0.6537963743276,-6.6583325447458e-05,-2.8907299403175e-05
1.93475,0.62415033425387,0.64808003827433,-6.687459382802e-05,-2.8548171629083e-05
1.935,0.62982139923889,0.64230960447135,-6.7163358184261e-05,-2.8186810617025e-05
1.93525,0.63544268233515,0.63648547182453,-6.7449596929276e-05,-2.7823241683034e-05
1.9355,0.64101363577613,0.63060804543309,-6.7733288809619e-05,-2.7457490402918e-05
1.93575,0.64653371459183,0.62467773658575,-6.8014412909011e-05,-2.7089582606998e-05
1.936,0.6520023766851,0.61869496275586,-6.8292948651955e-05,-2.6719544374781e-05
1.93625,0.65741908290849,0.61266014759566,-6.856887580725e-05,-2.6347402029571e-05
1.9365,0.66278329714148,0.6065737209295,-6.8842174491411e-05,-2.5973182133017e-05
1.93675,0.66809448636815,0.6004361187461,-6.9112825171991e-05,-2.5596911479597e-05
1.937,0.67335212075529,0.59424778318979,-6.9380808670795e-05,-2.5218617091063e-05
1.93725,0.6785556737309,0.58800916255073,-6.9646106167005e-05,-2.4838326210808e-05
1.9375,0.68370462206307,0.58172071125407,-6.990869920019e-05,-2.4456066298197e-05
1.93775,0.68879844593931,0.57538288984807,-7.016856967322e-05,-2.4071865022843e-05
1.938,0.69383662904615,0.56899616499118,-7.0425699855073e-05,-2.3685750258833e-05
1.93825,0.69881865864916,0.56256100943797,-7.0680072383533e-05,-2.329775007891e-05
1.9385,0.7037440256733,0.55607790202404,-7.0931670267789e-05,-2.2907892748615e-05
1.93875,0.70861222478359,0.54954732764968,-7.1180476890919e-05,-2.2516206720379e-05
1.939,0.71342275446611,0.54296977726257,-7.1426476012268e-05,-2.2122720627587e-05
1.93925,0.71817511710926,0.53634574783924,-7.1669651769715e-05,-2.1727463278599e-05
1.9395,0.72286881908536,0.52967574236531,-7.1909988681837e-05,-2.1330463650735e-05
1.93975,0.72750337083244,0.52296026981469,-7.2147471649955e-05,-2.0931750884239e-05
1.94,0.73207828693635,0.5161998451275,-7.2382085960069e-05,-2.0531354276198e-05
1.94025,0.73659308621307,0.50939498918679,-7.261381728469e-05,-2.0129303274448e-05
1.9405,0.74104729179124,0.5025462287941,-7.2842651684545e-05,-1.9725627471451e-05
1.94075,0.74544043119488,0.4956540966437,-7.3068575610189e-05,-1.9320356598143e-05
1.941,0.7497720364263,0.48871913129569,-7.3291575903482e-05,-1.8913520517775e-05
1.94125,0.75404164404917,0.48174187714769,-7.3511639798977e-05,-1.8505149219728e-05
1.9415,0.75824879527171,0.47472288440546,-7.372875492517e-05,-1.8095272813315e-05
1.94175,0.76239303603006,0.46766270905205,-7.3942909305658e-05,-1.768392152157e-05
1.942,0.76647391707167,0.46056191281575,-7.4154091360171e-05,-1.7271125675032e-05
1.94225,0.77049099403884,0.45342106313672,-7.4362289905491e-05,-1.6856915705513e-05
1.9425,0.77444382755226,0.44624073313227,-7.4567494156265e-05,-1.6441322139872e-05
1.94275,0.77833198329468,0.43902150156079,-7.47696937257e-05,-1.6024375593773e-05
1.943,0.78215503209449,0.43176395278446,-7.4968878626139e-05,-1.5606106765454e-05
1.94325,0.78591255000936,0.4244686767304,-7.5165039269536e-05,-1.5186546429495e-05
1.9435,0.78960411840986,0.41713626885061,-7.535816646781e-05,-1.4765725430586e-05
1.94375,0.79322932406296,0.40976733008052,-7.5548251433085e-05,-1.4343674677308e-05
1.944,0.79678775921558,0.40236246679604,-7.5735285777828e-05,-1.392042513592e-05
1.94425,0.80027902167789,0.39492229076935,-7.5919261514861e-05,-1.3496007824158e-05
1.9445,0.8037027149066,0.38744741912319,-7.6100171057277e-05,-1.3070453805049e-05
1.94475,0.8070584480881,0.37993847428375,-7.6278007218234e-05,-1.2643794180741e-05
1.945,0.81034583622134,0.37239608393223,-7.6452763210645e-05,-1.2216060086348e-05
1.94525,0.81356450020059,0.36482088095478,-7.6624432646755e-05,-1.1787282683822e-05
1.9455,0.816714066898,0.35721350339118,-7.6793009537612e-05,-1.1357493155845e-05
1.94575,0.8197941692458,0.34957459438199,-7.6958488292433e-05,-1.0926722699745e-05
1.946,0.82280444631836,0.34190480211423,-7.7120863717853e-05,-1.049500252144e-05
1.94625,0.82574454341384,0.33420477976568,-7.7280131017081e-05,-1.0062363829411e-05
1.9465,0.82861411213555,0.3264751854476,-7.7436285788941e-05,-9.6288378287152e-06
1.94675,0.83141281047299,0.31871668214607,-7.7589324026811e-05,-9.1944557150152e-06
1.947,0.83414030288242,0.31092993766186,-7.7739242117464e-05,-8.7592486686631e-06
1.94725,0.83679626036712,0.30311562454874,-7.7886036839799e-05,-8.323247848811e-06
1.9475,0.83938036055711,0.29527442005033,-7.8029705363476e-05,-7.886484387564e-06
1.94775,0.84189228778845,0.28740700603557,-7.817024524745e-05,-7.4489893841785e-06
1.948,0.84433173318205,0.27951406893253,-7.8307654438408e-05,-7.0107938992988e-06
1.94825,0.84669839472191,0.2715962996609,-7.8441931269103e-05,-6.5719289492452e-06
1.9485,0.84899197733282,0.26365439356283,-7.8573074456599e-05,-6.1324255003461e-06
1.94875,0.85121219295751,0.25568905033238,-7.8701083100416e-05,-5.6923144633194e-06
1.949,0.85335876063306,0.24770097394348,-7.8825956680584e-05,-5.2516266877093e-06
1.94925,0.85543140656684,0.23969087257633,-7.8947695055607e-05,-4.81039295637e-06
1.9495,0.85742986421159,0.23165945854237,-7.9066298460326e-05,-4.3686439800106e-06
1.94975,0.85935387433989,0.22360744820772,-7.9181767503711e-05,-3.9264103917917e-06
1.95,0.86120318511788,0.21553556191515,-7.9294103166546e-05,-3.483722741981e-06
