1.7,0.37784008441971,0.89674736402916,-2.7297018014323e-05,7.1031308423634e-06
1.70025,0.38320515627729,0.89444273228769,-2.7270766236636e-05,7.2682088674066e-06
1.7005,0.38855682485962,0.89210553636556,-2.7243946964635e-05,7.4335264602018e-06
1.70075,0.39389488900574,0.88973585245761,-2.721655679486e-05,7.5990814645053e-06
1.701,0.39921914802472,0.88733375798593,-2.7188592316743e-05,7.7648716942962e-06
1.70125,0.40452940170247,0.88489933159631,-2.7160050112752e-05,7.9308949335878e-06
1.7015,0.40982545030838,0.88243265315467,-2.7130926758527e-05,8.097148936237e-06
1.70175,0.41510709460205,0.87993380374348,-2.7101218823025e-05,8.2636314257559e-06
1.702,0.42037413583992,0.87740286565808,-2.7070922868664e-05,8.430340095123e-06
1.70225,0.42562637578193,0.87483992240312,-2.7040035451472e-05,8.5972726065945e-06
1.7025,0.43086361669803,0.87224505868879,-2.7008553121234e-05,8.7644265915167e-06
1.70275,0.43608566137483,0.86961836042721,-2.6976472421645e-05,8.9317996501388e-06
1.703,0.44129231312203,0.86695991472869,-2.6943789890466e-05,9.0993893514248e-06
1.70325,0.44648337577899,0.86426980989801,-2.6910502059676e-05,9.2671932328688e-06
1.7035,0.45165865372111,0.86154813543065,-2.6876605455638e-05,9.4352088003071e-06
1.70375,0.45681795186632,0.85879498200901,-2.6842096599252e-05,9.603433527734e-06
1.704,0.46196107568147,0.85601044149865,-2.6806972006125e-05,9.7718648571173e-06
1.70425,0.46708783118866,0.85319460694446,-2.6771228186734e-05,9.9405001982129e-06
1.7045,0.47219802497159,0.85034757256681,-2.6734861646597e-05,1.0109336928382e-05
1.70475,0.47729146418189,0.84746943375772,-2.6697868886437e-05,1.027837239241e-05
1.705,0.48236795654536,0.84456028707697,-2.6660246402366e-05,1.044760390232e-05
1.70525,0.48742731036823,0.84162023024823,-2.6621990686049e-05,1.0617028737196e-05
1.7055,0.49246933454338,0.83864936215511,-2.658309822489e-05,1.0786644143001e-05
1.70575,0.49749383855648,0.83564778283728,-2.654356550221e-05,1.0956447332396e-05
1.706,0.50250063249222,0.83261559348648,-2.6503388997428e-05,1.1126435484562e-05
1.70625,0.50748952704039,0.82955289644258,-2.646256518625e-05,1.1296605745023e-05
1.7065,0.51246033350195,0.82645979518959,-2.6421090540852e-05,1.1466955225467e-05
1.70675,0.51741286379517,0.82333639435164,-2.6378961530073e-05,1.1637481003572e-05
1.707,0.52234693046159,0.82018279968898,-2.6336174619608e-05,1.180818012283e-05
1.70725,0.52726234667211,0.81699911809392,-2.62927262722e-05,1.1979049592372e-05
1.7075,0.53215892623289,0.81378545758682,-2.6248612947842e-05,1.2150086386797e-05
1.70775,0.53703648359137,0.81054192731197,-2.6203831103973e-05,1.2321287445997e-05
1.708,0.54189483384216,0.8072686375335,-2.6158377195682e-05,1.2492649674992e-05
1.70825,0.54673379273297,0.80396569963131,-2.611224767591e-05,1.2664169943752e-05
1.7085,0.55155317667044,0.80063322609692,-2.6065438995664e-05,1.2835845087037e-05
1.70875,0.55635280272602,0.79727133052933,-2.601794760422e-05,1.3007671904225e-05
1.709,0.56113248864177,0.79388012763087,-2.5969769949339e-05,1.3179647159147e-05
1.70925,0.56589205283616,0.79045973320302,-2.5920902477479e-05,1.3351767579923e-05
1.7095,0.57063131440983,0.78701026414224,-2.5871341634015e-05,1.3524029858798e-05
1.70975,0.57535009315133,0.78353183843572,-2.5821083863457e-05,1.3696430651982e-05
1.71,0.58004820954282,0.78002457515722,-2.5770125609673e-05,1.3868966579488e-05
1.71025,0.58472548476577,0.77648859446275,-2.5718463316114e-05,1.4041634224973e-05
1.7105,0.58938174070662,0.77292401758642,-2.5666093426038e-05,1.4214430135582e-05
1.71075,0.59401679996242,0.76933096683606,-2.5613012382744e-05,1.4387350821792e-05
1.711,0.5986304858464,0.76570956558901,-2.5559216629801e-05,1.4560392757255e-05
1.71125,0.60322262239362,0.76205993828779,-2.5504702611285e-05,1.4733552378651e-05
1.7115,0.60779303436647,0.7583822104358,-2.5449466772012e-05,1.4906826085529e-05
1.71175,0.61234154726023,0.75467650859295,-2.5393505557781e-05,1.5080210240168e-05
1.712,0.61686798730859,0.75094296037134,-2.5336815415618e-05,1.5253701167419e-05
1.71225,0.6213721814891,0.74718169443091,-2.5279392794011e-05,1.5427295154568e-05
1.7125,0.62585395752867,0.74339284047503,-2.522123414317e-05,1.5600988451186e-05
1.71275,0.63031314390899,0.73957652924612,-2.5162335915263e-05,1.5774777268991e-05
1.713,0.63474956987193,0.73573289252123,-2.5102694564679e-05,1.5948657781705e-05
1.71325,0.63916306542497,0.73186206310762,-2.5042306548274e-05,1.6122626124919e-05
1.7135,0.64355346134651,0.72796417483835,-2.4981168325632e-05,1.6296678395954e-05
1.71375,0.64792058919125,0.72403936256776,-2.4919276359324e-05,1.6470810653729e-05
1.714,0.6522642812955,0.72008776216707,-2.4856627115165e-05,1.6645018918627e-05
1.71425,0.65658437078249,0.71610951051982,-2.4793217062482e-05,1.6819299172367e-05
1.7145,0.66088069156759,0.71210474551745,-2.4729042674381e-05,1.6993647357875e-05
1.71475,0.66515307836365,0.7080736060547,-2.466410042801e-05,1.7168059379161e-05
1.715,0.66940136668614,0.70401623202517,-2.4598386804837e-05,1.7342531101192e-05
1.71525,0.67362539285841,0.69993276431668,-2.4531898290915e-05,1.7517058349772e-05
1.7155,0.67782499401685,0.69582334480677,-2.4464631377167e-05,1.7691636911426e-05
1.71575,0.68200000811605,0.69168811635812,-2.4396582559656e-05,1.7866262533282e-05
1.716,0.68615027393395,0.68752722281391,-2.4327748339869e-05,1.8040930922956e-05
1.71625,0.69027563107696,0.68334080899327,-2.4258125224997e-05,1.8215637748442e-05
1.7165,0.69437591998502,0.67912902068663,-2.4187709728225e-05,1.8390378638004e-05
1.71675,0.69845098193673,0.67489200465109,-2.4116498369012e-05,1.8565149180068e-05
1.717,0.70250065905436,0.67062990860575,-2.4044487673386e-05,1.8739944923119e-05
1.71725,0.70652479430887,0.66634288122707,-2.3971674174232e-05,1.8914761375599e-05
1.7175,0.71052323152498,0.66203107214416,-2.3898054411586e-05,1.9089594005812e-05
1.71775,0.71449581538608,0.6576946319341,-2.3823624932934e-05,1.9264438241824e-05
1.718,0.71844239143926,0.65333371211722,-2.3748382293506e-05,1.9439289471371e-05
1.71825,0.72236280610021,0.64894846515236,-2.367232305658e-05,1.9614143041773e-05
1.7185,0.72625690665817,0.64453904443214,-2.3595443793779e-05,1.978899425984e-05
1.71875,0.73012454128086,0.6401056042782,-2.3517741085382e-05,1.9963838391795e-05
1.719,0.73396555901927,0.63564829993641,-2.3439211520625e-05,2.0138670663187e-05
1.71925,0.73777980981263,0.63116728757208,-2.3359851698014e-05,2.0313486258815e-05
1.7195,0.7415671444932,0.62666272426517,-2.3279658225631e-05,2.0488280322652e-05
1.71975,0.74532741479107,0.62213476800546,-2.319862772145e-05,2.0663047957773e-05
1.72,0.74906047333901,0.61758357768767,-2.311675681365e-05,2.0837784226287e-05
1.72025,0.75276617367723,0.6130093131067,-2.3034042140933e-05,2.1012484149268e-05
1.7205,0.75644437025812,0.60841213495265,-2.2950480352842e-05,2.1187142706696e-05
1.72075,0.76009491845103,0.603792204806,-2.2866068110077e-05,2.1361754837393e-05
1.721,0.76371767454694,0.59914968513271,-2.2780802084826e-05,2.1536315438971e-05
1.72125,0.7673124957632,0.59448473927926,-2.2694678961079e-05,2.1710819367778e-05
1.7215,0.77087924024821,0.58979753146774,-2.2607695434962e-05,2.1885261438846e-05
1.72175,0.77441776708604,0.58508822679091,-2.2519848215061e-05,2.2059636425846e-05
1.722,0.7779279363011,0.58035699120721,-2.243113402275e-05,2.2233939061049e-05
1.72225,0.78140960886277,0.57560399153577,-2.2341549592525e-05,2.2408164035279e-05
1.7225,0.78486264668997,0.57082939545146,-2.2251091672334e-05,2.2582305997887e-05
1.72275,0.78828691265575,0.5660333714798,-2.2159757023914e-05,2.275635955671e-05
1.723,0.79168227059184,0.56121608899199,-2.2067542423124e-05,2.2930319278048e-05
1.72325,0.79504858529324,0.55637771819981,-2.1974444660284e-05,2.3104179686639e-05
1.7235,0.79838572252265,0.5515184301506,-2.1880460540515e-05,2.3277935265634e-05
1.72375,0.80169354901505,0.54663839672213,-2.1785586884077e-05,2.3451580456583e-05
1.724,0.80497193248215,0.54173779061753,-2.1689820526712e-05,2.3625109659422e-05
1.72425,0.80822074161682,0.53681678536016,-2.1593158319988e-05,2.3798517232462e-05
1.7245,0.81143984609758,0.53187555528849,-2.1495597131643e-05,2.397179749238e-05
1.72475,0.814629116593,0.52691427555091,-2.1397133845929e-05,2.4144944714224e-05
1.725,0.81778842476608,0.5219331221006,-2.1297765363962e-05,2.4317953131409e-05
1.72525,0.82091764327865,0.51693227169031,-2.119748860407e-05,2.4490816935725e-05
1.7255,0.82401664579573,0.51191190186719,-2.1096300502141e-05,2.4663530277347e-05
1.72575,0.82708530698985,0.50687219096755,-2.0994198011973e-05,2.483608726485e-05
1.726,0.83012350254541,0.50181331811161,-2.089117810563e-05,2.5008481965224e-05
1.72625,0.83313110916293,0.49673546319825,-2.078723777379e-05,2.5180708403901e-05
1.7265,0.83610800456334,0.49163880689974,-2.0682374026101e-05,2.5352760564777e-05
1.72675,0.83905406749228,0.48652353065644,-2.0576583891534e-05,2.5524632390242e-05
1.727,0.84196917772427,0.4813898166715,-2.0469864418742e-05,2.5696317781221e-05
1.72725,0.84485321606699,0.47623784790551,-2.0362212676413e-05,2.5867810597206e-05
1.7275,0.84770606436544,0.47106780807117,-2.0253625753627e-05,2.6039104656303e-05
1.72775,0.85052760550612,0.46587988162792,-2.0144100760218e-05,2.6210193735279e-05
1.728,0.85331772342119,0.46067425377653,-2.0033634827126e-05,2.6381071569614e-05
1.72825,0.85607630309262,0.45545111045376,-1.9922225106762e-05,2.6551731853557e-05
1.7285,0.85880323055627,0.45021063832687,-1.9809868773363e-05,2.6722168240187e-05
1.72875,0.86149839290603,0.44495302478822,-1.9696563023356e-05,2.6892374341479e-05
1.729,0.86416167829782,0.4396784579498,-1.9582305075716e-05,2.706234372837e-05
1.72925,0.86679297595373,0.43438712663776,-1.9467092172327e-05,2.7232069930841e-05
1.7295,0.86939217616598,0.42907922038688,-1.9350921578344e-05,2.7401546437986e-05
1.72975,0.87195917030093,0.42375492943514,-1.9233790582554e-05,2.7570766698104e-05
1.73,0.87449385080314,0.41841444471807,-1.9115696497738e-05,2.773972411878e-05
1.73025,0.87699611119923,0.4130579578633,-1.8996636661032e-05,2.7908412066983e-05
1.7305,0.8794658461019,0.40768566118492,-1.8876608434289e-05,2.8076823869159e-05
1.73075,0.88190295121382,0.40229774767794,-1.8755609204441e-05,2.8244952811334e-05
1.731,0.88430732333153,0.39689441101264,-1.8633636383859e-05,2.8412792139222e-05
1.73125,0.88667886034933,0.39147584552895,-1.8510687410717e-05,2.8580335058334e-05
1.7315,0.88901746126312,0.38604224623084,-1.8386759749353e-05,2.8747574734095e-05
1.73175,0.89132302617422,0.38059380878058,-1.8261850890625e-05,2.8914504291963e-05
1.732,0.89359545629321,0.37513072949313,-1.813595835228e-05,2.9081116817557e-05
1.73225,0.89583465394371,0.36965320533038,-1.8009079679308e-05,2.9247405356784e-05
1.7325,0.89804052256611,0.36416143389545,-1.7881212444301e-05,2.9413362915976e-05
1.73275,0.90021296672135,0.35865561342693,-1.7752354247816e-05,2.9578982462029e-05
1.733,0.90235189209462,0.35313594279312,-1.7622502718733e-05,2.9744256922546e-05
1.73325,0.90445720549904,0.34760262148627,-1.7491655514608e-05,2.990917918599e-05
1.7335,0.90652881487936,0.34205584961672,-1.7359810322036e-05,3.0073742101834e-05
1.73375,0.90856662931558,0.33649582790715,-1.7226964857001e-05,3.0237938480719e-05
1.734,0.91057055902658,0.33092275768666,-1.7093116865237e-05,3.0401761094625e-05
1.73425,0.91254051537371,0.32533684088498,-1.6958264122576e-05,3.0565202677032e-05
1.7345,0.91447641086439,0.31973828002652,-1.6822404435305e-05,3.0728255923096e-05
1.73475,0.91637815915562,0.31412727822452,-1.6685535640515e-05,3.0890913489829e-05
1.735,0.91824567505751,0.30850403917511,-1.6547655606455e-05,3.105316799628e-05
1.73525,0.92007887453682,0.30286876715134,-1.6408762232876e-05,3.1215012023724e-05
1.7355,0.92187767472037,0.29722166699729,-1.6268853451381e-05,3.1376438115854e-05
1.73575,0.92364199389853,0.29156294412201,-1.6127927225771e-05,3.153743877898e-05
1.736,0.92537175152864,0.28589280449356,-1.5985981552391e-05,3.1698006482233e-05
1.73625,0.92706686823837,0.28021145463299,-1.5843014460467e-05,3.1858133657767e-05
1.7365,0.92872726582914,0.27451910160829,-1.5699024012454e-05,3.201781270098e-05
1.73675,0.93035286727941,0.26881595302834,-1.555400830437e-05,3.2177035970723e-05
1.737,0.93194359674804,0.26310221703681,-1.5407965466133e-05,3.2335795789525e-05
1.73725,0.93349937957756,0.25737810230609,-1.5260893661901e-05,3.2494084443823e-05
1.7375,0.93502014229743,0.25164381803115,-1.5112791090398e-05,3.2651894184189e-05
1.73775,0.93650581262726,0.24589957392341,-1.4963655985248e-05,3.2809217225571e-05
1.738,0.93795631948007,0.24014558020459,-1.4813486615304e-05,3.296604574753e-05
1.73825,0.9393715929654,0.23438204760051,-1.4662281284972e-05,3.3122371894489e-05
1.7385,0.9407515643925,0.22860918733491,-1.4510038334536e-05,3.3278187775982e-05
1.73875,0.94209616627346,0.22282721112325,-1.4356756140476e-05,3.3433485466913e-05
1.739,0.94340533232629,0.21703633116646,-1.4202433115788e-05,3.3588257007813e-05
1.73925,0.94467899747795,0.21123676014465,-1.4047067710299e-05,3.3742494405104e-05
1.7395,0.94591709786746,0.20542871121092,-1.3890658410981e-05,3.3896189631374e-05
1.73975,0.94711957084883,0.19961239798498,-1.3733203742255e-05,3.4049334625647e-05
1.74,0.94828635499411,0.1937880345469,-1.3574702266302e-05,3.4201921293662e-05
1.74025,0.94941739009625,0.18795583543075,-1.3415152583367e-05,3.435394150816e-05
1.7405,0.95051261717209,0.18211601561828,-1.3254553332054e-05,3.4505387109168e-05
1.74075,0.95157197846522,0.1762687905325,-1.3092903189625e-05,3.4656249904295e-05
1.741,0.95259541744882,0.17041437603138,-1.2930200872296e-05,3.4806521669025e-05
1.74125,0.95358287882849,0.16455298840134,-1.2766445135519e-05,3.4956194147024e-05
1.7415,0.95453430854504,0.15868484435091,-1.2601634774276e-05,3.5105259050442e-05
1.74175,0.95544965377729,0.15281016100427,-1.2435768623356e-05,3.5253708060225e-05
1.742,0.95632886294471,0.14692915589477,-1.2268845557633e-05,3.5401532826428e-05
1.74225,0.9571718857102,0.14104204695849,-1.2100864492344e-05,3.5548724968537e-05
1.7425,0.95797867298272,0.13514905252768,-1.1931824383354e-05,3.5695276075788e-05
1.74275,0.9587491769199,0.12925039132433,-1.1761724227426e-05,3.5841177707499e-05
1.743,0.95948335093067,0.12334628245362,-1.1590563062481e-05,3.5986421393398e-05
1.74325,0.9601811496778,0.11743694539732,-1.1418339967856e-05,3.6130998633959e-05
1.7435,0.96084252908044,0.11152260000728,-1.1245054064555e-05,3.6274900900743e-05
1.74375,0.96146744631659,0.10560346649886,-1.1070704515499e-05,3.641811963674e-05
1.744,0.96205585982563,0.099679765444276,-1.089529052577e-05,3.6560646256719e-05
1.74425,0.96260772931063,0.093751717766047,-1.0718811342847e-05,3.6702472147574e-05
1.7445,0.96312301574086,0.087819544730325,-1.0541266256843e-05,3.6843588668686e-05
1.74475,0.96360168135407,0.08188346794028,-1.0362654600734e-05,3.6983987152275e-05
1.745,0.96404368965882,0.075943709329427,-1.0182975750577e-05,3.7123658903766e-05
1.74525,0.96444900543679,0.070000491154931,-1.0002229125737e-05,3.7262595202156e-05
1.7455,0.96481759474499,0.064054035990951,-9.8204141890945e-06,3.7400787300379e-05
1.74575,0.965149424918,0.058104566721916,-9.6375304472555e-06,3.7538226425682e-05
1.746,0.96544446457013,0.052152306535787,-9.4535774507527e-06,3.7674903780003e-05
1.74625,0.96570268359756,0.046197478917359,-9.2685547942435e-06,3.7810810540344e-05
1.7465,0.96592405318043,0.040240307641468,-9.0824621166997e-06,3.7945937859158e-05
1.74675,0.96610854578489,0.034281016766264,-8.8952991015935e-06,3.8080276864736e-05
1.747,0.96625613516517,0.02831983062642,-8.7070654770765e-06,3.821381866159e-05
1.74725,0.96636679636549,0.022356973826318,-8.5177610161521e-06,3.834655433085e-05
1.7475,0.96644050572206,0.016392671233284,-8.3273855368432e-06,3.8478474930656e-05
1.74775,0.96647724086498,0.010427147970752,-8.135938902353e-06,3.8609571496552e-05
1.748,0.96647698072007,0.0044606294114153,-7.9434210212181e-06,3.8739835041892e-05
1.74825,0.96643970551072,-0.0015066588295731,-7.7498318474579e-06,3.8869256558237e-05
1.7485,0.9663653967597,-0.0074744909014993,-7.5551713807142e-06,3.8997827015758e-05
1.74875,0.96625403729083,-0.013442640724916,-7.359439666387e-06,3.9125537363651e-05
1.749,0.96610561123078,-0.019410881998535,-7.1626367957616e-06,3.9252378530535e-05
1.74925,0.96592010401065,-0.025378988206129,-6.964762906129e-06,3.9378341424872e-05
1.7495,0.96569750236763,-0.031346732623396,-6.7658181809005e-06,3.9503416935373e-05
1.74975,0.96543779434657,-0.037313888324886,-6.5658028497137e-06,3.962759593142e-05
1.75,0.96514096930154,-0.043280228190931,-6.3647171885316e-06,3.9750869263475e-05
1.75025,0.96480701789729,-0.049245524914533,-6.1625615197356e-06,3.9873227763502e-05
1.7505,0.9644359321107,-0.055209551008344,-5.9593362122086e-06,3.9994662245388e-05
1.75075,0.96402770523223,-0.061172078811569,-5.7550416814134e-06,4.0115163505358e-05
1.751,0.96358233186725,-0.067132880496936,-5.5496783894612e-06,4.0234722322404e-05
1.75125,0.96309980793736,-0.073091728077667,-5.3432468451729e-06,4.0353329458705e-05
1.7515,0.96258013068169,-0.079048393414412,-5.1357476041331e-06,4.0470975660048e-05
1.75175,0.96202329865813,-0.08500264822224,-4.9271812687362e-06,4.0587651656258e-05
1.752,0.96142931174449,-0.09095426407763,-4.7175484882222e-06,4.070334816162e-05
1.75225,0.96079817113966,-0.096903012425418,-4.5068499587081e-06,4.0818055875308e-05
1.7525,0.96012987936473,-0.10284866458583,-4.2950864232067e-06,4.0931765481808e-05
1.75275,0.95942444026401,-0.10879099176142,-4.0822586716409e-06,4.1044467651346e-05
1.753,0.95868185900604,-0.11472976504414,-3.8683675408467e-06,4.1156153040316e-05
1.75325,0.95790214208459,-0.12066475542226,-3.6534139145682e-06,4.1266812291703e-05
1.7535,0.9570852973195,-0.12659573378744,-3.4373987234448e-06,4.1376436035513e-05
1.75375,0.95623133385763,-0.13252247094169,-3.2203229449887e-06,4.1485014889196e-05
1.754,0.9553402621736,-0.13844473760442,-3.0021876035527e-06,4.1592539458072e-05
1.75425,0.95441209407063,-0.14436230441939,-2.7829937702912e-06,4.1699000335758e-05
1.7545,0.95344684268121,-0.15027494196177,-2.5627425631089e-06,4.1804388104587e-05
1.75475,0.95244452246784,-0.15618242074516,-2.3414351466031e-06,4.1908693336032e-05
1.755,0.95140514922358,-0.16208451122853,-2.1190727319949e-06,4.2011906591127e-05
1.75525,0.95032874007269,-0.1679809838233,-1.8956565770505e-06,4.2114018420889e-05
1.7555,0.94921531347113,-0.17387160890032,-1.6711879859949e-06,4.2215019366732e-05
1.75575,0.94806488920706,-0.17975615679686,-1.4456683094137e-06,4.2314899960886e-05
1.756,0.94687748840125,-0.18563439782364,-1.2190989441456e-06,4.2413650726808e-05
1.75625,0.94565313350748,-0.19150610227179,-9.9148133316646e-07,4.2511262179596e-05
1.7565,0.94439184831288,-0.19737104041988,-7.6281696546025e-07,4.2607724826397e-05
1.75675,0.94309365793818,-0.2032289825409,-5.3310737588316e-07,4.2703029166816e-05
1.757,0.94175858883798,-0.20907969890921,-3.0235414501508e-07,4.2797165693316e-05
1.75725,0.94038666880088,-0.21492295980757,-7.0558899000749e-08,4.2890124891621e-05
1.7575,0.93897792694967,-0.22075853553403,1.6227669061781e-07,4.2981897241112e-05
1.75775,0.93753239374136,-0.22658619640898,3.9615090708134e-07,4.3072473215223e-05
1.758,0.93605010096725,-0.23240571278205,6.310619886042e-07,4.3161843281829e-05
1.75825,0.93453108175284,-0.23821685503902,8.6700812857401e-07,4.3249997903632e-05
1.7585,0.93297537055782,-0.24401939360885,1.1039874757654e-06,4.3336927538546e-05
1.75875,0.93138300317591,-0.24981309897049,1.3419981345619e-06,4.3422622640071e-05
1.759,0.92975401673468,-0.25559774165985,1.5810381651908e-06,4.3507073657667e-05
1.75925,0.92808844969529,-0.26137309227668,1.8211055839699e-06,4.3590271037124e-05
1.7595,0.92638634185227,-0.26713892149144,2.0621983635632e-06,4.3672205220923e-05
1.75975,0.92464773433309,-0.2728950000522,2.3043144332506e-06,4.3752866648593e-05
1.76,0.92287266959785,-0.27864109879143,2.5474516792093e-06,4.3832245757064e-05
1.76025,0.92106119143876,-0.28437698863289,2.7916079448045e-06,4.3910332981015e-05
1.7605,0.91921334497969,-0.29010244059842,3.0367810308956e-06,4.3987118753208e-05
1.76075,0.91732917667558,-0.29581722581474,3.2829686961513e-06,4.406259350483e-05
1.761,0.91540873431185,-0.30152111552022,3.5301686573788e-06,4.4136747665811e-05
1.76125,0.91345206700373,-0.30721388107166,3.7783785898656e-06,4.4209571665149e-05
1.7615,0.91145922519551,-0.31289529395101,4.0275961277318e-06,4.4281055931224e-05
1.76175,0.90943026065982,-0.31856512577207,4.2778188642975e-06,4.4351190892097e-05
1.762,0.90736522649677,-0.32422314828723,4.5290443524606e-06,4.4419966975814e-05
1.76225,0.90526417713304,-0.32986913339405,4.7812701050891e-06,4.4487374610689e-05
1.7625,0.90312716832098,-0.33550285314201,5.0344935954266e-06,4.4553404225592e-05
1.76275,0.90095425713761,-0.34112407973903,5.2887122575089e-06,4.4618046250214e-05
1.763,0.89874550198353,-0.34673258555808,5.5439234865962e-06,4.4681291115334e-05
1.76325,0.89650096258187,-0.35232814314378,5.8001246396185e-06,4.4743129253074e-05
1.7635,0.89422069997706,-0.35791052521887,6.0573130356323e-06,4.4803551097141e-05
1.76375,0.89190477653367,-0.36347950469074,6.3154859562939e-06,4.4862547083059e-05
1.764,0.8895532559351,-0.36903485465786,6.574640646346e-06,4.4920107648399e-05
1.76425,0.88716620318224,-0.37457634841626,6.8347743141162e-06,4.4976223232988e-05
1.7645,0.88474368459212,-0.38010375946585,7.0958841320331e-06,4.5030884279114e-05
1.76475,0.88228576779643,-0.38561686151686,7.3579672371541e-06,4.5084081231715e-05
1.765,0.87979252174001,-0.39111542849608,7.621020731709e-06,4.5135804538559e-05
1.76525,0.87726401667933,-0.3965992345532,7.8850416836592e-06,4.5186044650415e-05
1.7655,0.87470032418084,-0.40206805406702,8.1500271272691e-06,4.5234792021204e-05
1.76575,0.87210151711931,-0.40752166165165,8.4159740636964e-06,4.5282037108143e-05
1.766,0.86946766967608,-0.41295983216267,8.6828794615941e-06,4.5327770371875e-05
1.76625,0.86679885733731,-0.41838234070324,8.9507402577305e-06,4.5371982276585e-05
1.7665,0.8640951568921,-0.42378896263016,9.2195533576246e-06,4.5414663290103e-05
1.76675,0.86135664643061,-0.4291794735599,9.4893156361961e-06,4.5455803883991e-05
1.767,0.85858340534209,-0.43455364937453,9.7600239384327e-06,4.5495394533614e-05
1.76725,0.85577551431286,-0.43991126622769,1.0031675080075e-05,4.5533425718204e-05
1.7675,0.85293305532423,-0.4452521005504,1.0304265848314e-05,4.5569887920897e-05
1.76775,0.8500561116504,-0.4505759290569,1.057779300251e-05,4.5604771628764e-05
1.768,0.84714476785625,-0.45588252875041,1.0852253274927e-05,4.563806733282e-05
1.76825,0.84419910979508,-0.46117167692879,1.1127643371484e-05,4.5669765528018e-05
1.7685,0.84121922460634,-0.46644315119024,1.1403959972523e-05,4.5699856713224e-05
1.76875,0.83820520071322,-0.47169672943881,1.1681199733598e-05,4.572833139118e-05
1.769,0.83515712782031,-0.47693218988993,1.1959359286279e-05,4.5755180068441e-05
1.76925,0.83207509691103,-0.4821493110759,1.2238435238976e-05,4.5780393255299e-05
1.7695,0.8289592002452,-0.48734787185124,1.2518424177783e-05,4.5803961465688e-05
1.76975,0.82580953135634,-0.492527651398,1.279932266734e-05,4.5825875217064e-05
1.77,0.82262618504914,-0.49768842923101,1.3081127251713e-05,4.584612503027e-05
1.77025,0.81940925739666,-0.50282998520305,1.3363834455294e-05,4.5864701429381e-05
1.7705,0.81615884573764,-0.50795209950998,1.3647440783729e-05,4.5881594941523e-05
1.77075,0.81287504867363,-0.51305455269569,1.3931942724854e-05,4.5896796096676e-05
1.771,0.80955796606618,-0.51813712565712,1.4217336749657e-05,4.5910295427451e-05
1.77125,0.80620769903384,-0.52319959964906,1.450361931327e-05,4.5922083468843e-05
1.7715,0.80282434994924,-0.52824175628897,1.479078685597e-05,4.5932150757969e-05
1.77175,0.79940802243602,-0.53326337756165,1.5078835804207e-05,4.5940487833769e-05
1.772,0.79595882136573,-0.53826424582384,1.536776257166e-05,4.5947085236697e-05
1.77225,0.79247685285471,-0.54324414380875,1.5657563560306e-05,4.5951933508373e-05
1.7725,0.78896222426083,-0.54820285463048,1.5948235161525e-05,4.5955023191224e-05
1.77275,0.7854150441803,-0.55314016178835,1.6239773757218e-05,4.5956344828081e-05
1.773,0.78183542244429,-0.5580558491711,1.6532175720956e-05,4.5955888961769e-05
1.77325,0.77822347011561,-0.56294970106106,1.6825437419154e-05,4.5953646134652e-05
1.7735,0.77457929948526,-0.56782150213813,1.7119555212268e-05,4.5949606888159e-05
1.77375,0.77090302406897,-0.57267103748375,1.7414525456026e-05,4.5943761762282e-05
1.774,0.76719475860363,-0.57749809258467,1.7710344502675e-05,4.5936101295038e-05
1.77425,0.7634546190438,-0.58230245333666,1.8007008702266e-05,4.5926616021906e-05
1.7745,0.75968272255794,-0.58708390604812,1.8304514403964e-05,4.591529647523e-05
1.77475,0.75587918752487,-0.59184223744349,1.8602857957385e-05,4.5902133183592e-05
1.775,0.75204413352991,-0.59657723466664,1.890203571397e-05,4.588711667115e-05
1.77525,0.74817768136118,-0.60128868528409,1.9202044028385e-05,4.5870237456948e-05
1.7755,0.7442799530057,-0.6059763772881,1.950287925995e-05,4.5851486054184e-05
1.77575,0.74035107164553,-0.61064009909961,1.9804537774113e-05,4.5830852969449e-05
1.776,0.73639116165384,-0.6152796395711,2.0107015943945e-05,4.580832870193e-05
1.77625,0.7324003485909,-0.61989478798926,2.0410310151676e-05,4.5783903742571e-05
1.7765,0.72837875920005,-0.62448533407757,2.0714416790267e-05,4.5757568573202e-05
1.77675,0.72432652140363,-0.62905106799867,2.1019332265021e-05,4.5729313665627e-05
1.777,0.72024376429885,-0.63359178035662,2.1325052995225e-05,4.5699129480675e-05
1.77725,0.7161306181536,-0.63810726219904,2.1631575415842e-05,4.5667006467207e-05
1.7775,0.71198721440226,-0.64259730501902,2.1938895979232e-05,4.5632935061084e-05
1.77775,0.70781368564139,-0.64706170075693,2.2247011156928e-05,4.5596905684093e-05
1.778,0.70361016562546,-0.65150024180201,2.2555917441448e-05,4.5558908742829e-05
1.77825,0.69937678926249,-0.65591272099385,2.2865611348148e-05,4.5518934627532e-05
1.7785,0.69511369260967,-0.66029893162367,2.3176089417137e-05,4.5476973710881e-05
1.77875,0.69082101286888,-0.66465866743538,2.3487348215221e-05,4.543301634674e-05
1.779,0.6864988883823,-0.66899172262652,2.3799384337914e-05,4.5387052868855e-05
1.77925,0.68214745862781,-0.673297891849,2.411219441149e-05,4.5339073589505e-05
1.7795,0.67776686421451,-0.67757697020962,2.4425775095096e-05,4.5289068798103e-05
1.77975,0.67335724687809,-0.68182875327039,2.4740123082915e-05,4.5237028759745e-05
1.78,0.66891874947627,-0.68605303704867,2.505523510639e-05,4.5182943713707e-05
1.78025,0.66445151598408,-0.6902496180171,2.5371107936513e-05,4.5126803871888e-05
1.7805,0.6599556914892,-0.69441829310331,2.5687738386167e-05,4.5068599417199e-05
1.78075,0.65543142218728,-0.69855885968936,2.600512331254e-05,4.5008320501899e-05
1.781,0.65087885537715,-0.70267111561106,2.6323259619607e-05,4.4945957245868e-05
1.78125,0.64629813945605,-0.70675485915697,2.6642144260681e-05,4.4881499734826e-05
1.7815,0.64168942391487,-0.71080988906717,2.6961774241033e-05,4.481493801849e-05
1.78175,0.63705285933329,-0.71483600453183,2.7282146620602e-05,4.4746262108671e-05
1.782,0.63238859737496,-0.71883300518948,2.760325851677e-05,4.4675461977308e-05
1.78225,0.6276967907826,-0.72280069112504,2.7925107107229e-05,4.4602527554437e-05
1.7825,0.62297759337316,-0.72673886286761,2.8247689632933e-05,4.4527448726098e-05
1.78275,0.61823116003288,-0.7306473213879,2.8571003401142e-05,4.4450215332165e-05
1.783,0.6134576467124,-0.73452586809551,2.8895045788558e-05,4.4370817164125e-05
1.78325,0.60865721042183,-0.73837430483581,2.9219814244565e-05,4.428924396277e-05
1.7835,0.60383000922579,-0.74219243388656,2.954530629457e-05,4.4205485415825e-05
1.78375,0.59897620223849,-0.74598005795427,2.9871519543449e-05,4.4119531155505e-05
1.784,0.59409594961877,-0.74973698017013,3.0198451679116e-05,4.4031370755996e-05
1.78425,0.58918941256516,-0.75346300408576,3.0526100476202e-05,4.3940993730853e-05
1.7845,0.58425675331091,-0.75715793366854,3.0854463799865e-05,4.3848389530334e-05
1.78475,0.57929813511907,-0.76082157329662,3.1183539609725e-05,4.3753547538643e-05
1.785,0.5743137222775,-0.76445372775354,3.1513325963941e-05,4.3656457071097e-05
1.78525,0.56930368009402,-0.7680542022226,3.1843821023432e-05,4.3557107371212e-05
1.7855,0.56426817489142,-0.77162280228074,3.2175023056244e-05,4.3455487607702e-05
1.78575,0.5592073740026,-0.7751593338921,3.2506930442081e-05,4.33515868714e-05
1.786,0.5541214457657,-0.77866360340117,3.2839541676998e-05,4.324539417208e-05
1.78625,0.54901055951922,-0.78213541752555,3.3172855378272e-05,4.3136898435204e-05
1.7865,0.54387488559721,-0.78557458334826,3.3506870289458e-05,4.3026088498575e-05
1.78675,0.5387145953245,-0.78898090830971,3.3841585285637e-05,4.2912953108894e-05
1.787,0.53352986101193,-0.79235420019907,3.4176999378863e-05,4.2797480918234e-05
1.78725,0.52832085595162,-0.79569426714539,3.4513111723837e-05,4.267966048042e-05
1.7875,0.52308775441238,-0.79900091760807,3.4849921623793e-05,4.2559480247306e-05
1.78775,0.51783073163503,-0.80227396036696,3.5187428536632e-05,4.2436928564973e-05
1.788,0.51254996382789,-0.80551320451195,3.5525632081303e-05,4.2311993669817e-05
1.78825,0.5072456281623,-0.80871845943201,3.5864532044449e-05,4.2184663684556e-05
1.7885,0.5019179027682,-0.81188953480374,3.6204128387338e-05,4.2054926614123e-05
1.78875,0.49656696672979,-0.81502624057937,3.6544421253075e-05,4.1922770341485e-05
1.789,0.49119300008127,-0.81812838697421,3.6885410974146e-05,4.1788182623348e-05
1.78925,0.48579618380272,-0.82119578445352,3.7227098080272e-05,4.1651151085778e-05
1.7895,0.480376699816,-0.82422824371879,3.7569483306625e-05,4.1511663219725e-05
1.78975,0.47493473098081,-0.8272255756934,3.7912567602404e-05,4.1369706376452e-05
1.79,0.46947046109083,-0.83018759150769,3.8256352139805e-05,4.1225267762879e-05
1.79025,0.46398407487004,-0.83311410248333,3.86008383234e-05,4.1078334436836e-05
1.7905,0.45847575796909,-0.83600492011708,3.8946027799956e-05,4.0928893302227e-05
1.79075,0.45294569696187,-0.8388598560638,3.9291922468714e-05,4.077693110412e-05
1.791,0.44739407934224,-0.84167872211878,3.9638524492154e-05,4.0622434423756e-05
1.79125,0.44182109352083,-0.84446133019938,3.9985836307295e-05,4.0465389673485e-05
1.7915,0.43622692882217,-0.84720749232584,4.0333860637522e-05,4.0305783091641e-05
1.79175,0.43061177548182,-0.84991702060136,4.068260050502e-05,4.0143600737354e-05
1.792,0.42497582464388,-0.85258972719135,4.1032059243817e-05,3.9978828485317e-05
1.79225,0.41931926835852,-0.85522542430186,4.1382240513484e-05,3.9811452020514e-05
1.7925,0.41364229957992,-0.85782392415719,4.1733148313548e-05,3.9641456832914e-05
1.79275,0.4079451121643,-0.86038503897651,4.208478699863e-05,3.9468828212159e-05
1.793,0.40222790086826,-0.86290858094972,4.2437161294395e-05,3.9293551242251e-05
1.79325,0.39649086134743,-0.86539436221221,4.2790276314324e-05,3.9115610796252e-05
1.7935,0.39073419015532,-0.86784219481879,4.3144137577393e-05,3.8934991531034e-05
1.79375,0.38495808474249,-0.87025189071648,4.3498751026704e-05,3.8751677882078e-05
1.794,0.37916274345611,-0.87262326171635,4.3854123049122e-05,3.856565405837e-05
1.79425,0.37334836553978,-0.87495611946427,4.4210260496002e-05,3.8376904037414e-05
1.7945,0.36751515113371,-0.87725027541054,4.4567170705061e-05,3.8185411560388e-05
1.79475,0.36166330127536,-0.87950554077835,4.492486152348e-05,3.7991160127499e-05
1.795,0.35579301790038,-0.88172172653111,4.5283341332309e-05,3.7794132993566e-05
1.79525,0.34990450384403,-0.88389864333848,4.5642619072274e-05,3.7594313163877e-05
1.7955,0.34399796284309,-0.88603610154122,4.6002704271063e-05,3.7391683390395e-05
1.79575,0.33807359953811,-0.88813391111464,4.6363607072211e-05,3.718622616835e-05
1.796,0.33213161947636,-0.89019188163077,4.6725338265663e-05,3.6977923733304e-05
1.79625,0.32617222911514,-0.89220982221907,4.7087909320164e-05,3.676675805876e-05
1.7965,0.32019563582575,-0.89418754152571,4.7451332417566e-05,3.655271085441e-05
1.79675,0.31420204789805,-0.89612484767138,4.7815620489203e-05,3.6335763565113e-05
1.797,0.30819167454561,-0.89802154820748,4.8180787254471e-05,3.611589737073e-05
1.79725,0.30216472591159,-0.89987745007074,4.8546847261755e-05,3.5893093186929e-05
1.7975,0.29612141307527,-0.9016923595362,4.8913815931874e-05,3.5667331667111e-05
1.79775,0.29006194805935,-0.9034660821684,4.9281709604207e-05,3.5438593205622e-05
1.798,0.28398654383808,-0.90519842277084,4.9650545585694e-05,3.5206857942424e-05
1.79825,0.27789541434615,-0.90688918533357,5.002034220289e-05,3.4972105769435e-05
1.7985,0.27178877448854,-0.90853817297884,5.0391118857303e-05,3.4734316338777e-05
1.79875,0.26566684015124,-0.91014518790483,5.0762896084215e-05,3.4493469073176e-05
1.799,0.25952982821302,-0.91171003132726,5.1135695615239e-05,3.4249543178822e-05
1.79925,0.25337795655819,-0.91323250341888,5.1509540444855e-05,3.4002517661013e-05
1.7995,0.24721144409051,-0.91471240324678,5.1884454901184e-05,3.3752371342957e-05
1.79975,0.24103051074822,-0.91614952870742,5.2260464721294e-05,3.3499082888157e-05
1.8,0.23483537752039,-0.91754367645921,5.2637597131321e-05,3.3242630826845e-05
1.80025,0.22862626646445,-0.91889464185272,5.3015880931715e-05,3.2982993587003e-05
1.8005,0.22240340072523,-0.92020221885829,5.3395346587942e-05,3.2720149530583e-05
1.80075,0.21616700455536,-0.92146619999099,5.3776026326968e-05,3.2454076995593e-05
1.801,0.20991730333728,-0.92268637623289,5.4157954239888e-05,3.218475434482e-05
1.80125,0.20365452360689,-0.9238625369524,5.4541166391031e-05,3.1912160022068e-05
1.8015,0.19737889307885,-0.92499446982074,5.4925700933936e-05,3.1636272616879e-05
1.80175,0.19109064067379,-0.92608196072528,5.5311598234543e-05,3.1357070938837e-05
1.802,0.18478999654743,-0.92712479367975,5.5698901001961e-05,3.1074534102718e-05
1.80225,0.17847719212174,-0.92812275073111,5.6087654427182e-05,3.0788641625886e-05
1.8025,0.17215246011828,-0.92907561186304,5.6477906330052e-05,3.0499373539517e-05
1.80275,0.1658160345938,-0.92998315489581,5.6869707314807e-05,3.0206710515466e-05
1.803,0.15946815097835,-0.93084515538255,5.7263110934434e-05,2.9910634010787e-05
1.80325,0.15310904611586,-0.9316613865016,5.7658173864045e-05,2.9611126432211e-05
1.8035,0.14673895830751,-0.93243161894491,5.8054956083349e-05,2.9308171323147e-05
1.80375,0.14035812735796,-0.93315562080237,5.8453521068244e-05,2.9001753576141e-05
1.804,0.13396679462466,-0.93383315744175,5.8853935991318e-05,2.8691859674064e-05
1.80425,0.12756520307035,-0.93446399138423,5.9256271930942e-05,2.8378477963738e-05
1.8045,0.12115359731903,-0.93504788217534,5.9660604088304e-05,2.8061598966171e-05
1.80475,0.11473222371555,-0.93558458625102,6.0067012011481e-05,2.7741215728083e-05
1.805,0.10830133038903,-0.93607385679873,6.0475579825211e-05,2.7417324219989e-05
1.80525,0.10186116732044,-0.93651544361334,6.088639646454e-05,2.7089923786754e-05
1.8055,0.095411986414385,-0.93690909294769,6.1299555909891e-05,2.675901765721e-05
1.80575,0.088954041575599,-0.93725454735746,6.1715157420356e-05,2.642461352021e-05
1.806,0.082487588790262,-0.93755154554029,6.2133305761031e-05,2.6086724175344e-05
1.80625,0.07601288621248,-0.93779982216884,6.2554111419073e-05,2.5745368267395e-05
1.8065,0.069530194256248,-0.9379991077175,6.2977690801721e-05,2.5400571114584e-05
1.80675,0.06303977569328,-0.9381491282827,6.3404166407776e-05,2.5052365641652e-05
1.807,0.056541895756945,-0.93824960539627,6.3833666961926e-05,2.4700793429773e-05
1.80725,0.050036822252848,-0.93830025583192,6.42663274987e-05,2.4345905896335e-05
1.8075,0.043524825676326,-0.93830079140424,6.4702289379771e-05,2.3987765618465e-05
1.80775,0.037006179337355,-0.93825091876021,6.5141700224548e-05,2.3626447814996e-05
1.808,0.03048115949337,-0.93815033916271,6.5584713729531e-05,2.3262042002045e-05
1.80825,0.023950045490407,-0.93799874826588,6.6031489346574e-05,2.2894653837543e-05
1.8085,0.017413119913136,-0.93779583588188,6.6482191783872e-05,2.2524407169628e-05
1.80875,0.010870668744402,-0.93754128573887,6.6936990286023e-05,2.2151446302605e-05
1.809,0.0043229815347502,-0.93723477522965,6.7396057640871e-05,2.177593849185e-05
1.80925,-0.0022296484172759,-0.93687597515089,6.7859568850753e-05,2.1398076675202e-05
1.8095,-0.0087869238734948,-0.93646454943232,6.8327699394342e-05,2.1018082442525e-05
1.80975,-0.015348543452334,-0.93600015485564,6.8800622992394e-05,2.0636209236559e-05
1.81,-0.021914201412118,-0.93548244076272,6.9278508776462e-05,2.0252745766188e-05
1.81025,-0.028483587420662,-0.93491104875275,6.9761517744498e-05,1.986801959674e-05
1.8105,-0.035056386310232,-0.93428561236782,7.0249798371445e-05,1.9482400859836e-05
1.81075,-0.041632277816849,-0.93360575676652,7.0743481227654e-05,1.9096305996275e-05
1.811,-0.048210936303043,-0.93287109838529,7.1242672444377e-05,1.8710201407843e-05
1.81125,-0.054792030462817,-0.93208124458674,7.1747445855886e-05,1.8324606846491e-05
1.8115,-0.061375223007754,-0.93123579329489,7.2257833644819e-05,1.794009831019e-05
1.81175,-0.067960170332974,-0.93033433261644,7.2773815325155e-05,1.755731014309e-05
1.812,-0.074546522161526,-0.92937644044796,7.3295304921105e-05,1.7176935952655e-05
1.81225,-0.08113392116589,-0.92836168406823,7.38221362469e-05,1.679972785911e-05
1.8125,-0.087722002564961,-0.9272896197154,7.4354046270259e-05,1.6426493485519e-05
1.81275,-0.094310393694831,-0.92615979214842,7.4890656660702e-05,1.6058089985949e-05
1.813,-0.1008987135517,-0.92497173419222,7.5431453793083e-05,1.5695414304457e-05
1.81325,-0.10748657230484,-0.92372496626612,7.5975767706264e-05,1.5339388774782e-05
1.8135,-0.11407357077775,-0.92241899589509,7.6522750813611e-05,1.499094113204e-05
1.81375,-0.12065929989515,-0.92105331720314,7.7071357526752e-05,1.4650978043679e-05
1.814,-0.12724334009351,-0.91962741038856,7.7620326377244e-05,1.4320351414672e-05
1.81425,-0.1338252606926,-0.9181407411804,7.8168166677067e-05,1.399981702376e-05
1.8145,-0.14040461922531,-0.91659276027582,7.8713152201096e-05,1.3689985544986e-05
1.81475,-0.1469809607228,-0.91498290275774,7.9253324729801e-05,1.3391266733348e-05
1.815,-0.15355381695192,-0.91331058749254,7.9786510458112e-05,1.3103808512542e-05
1.81525,-0.16012270560137,-0.91157521650734,8.031035213484e-05,1.2827433862731e-05
1.8155,-0.16668712941313,-0.90977617434651,8.0822359219217e-05,1.2561579674025e-05
1.81575,-0.17324657525517,-0.90791282740719,8.1319977222596e-05,1.2305242942287e-05
1.816,-0.17980051313128,-0.90598452325369,8.1800675702031e-05,1.2056940603053e-05
1.81625,-0.18634839512342,-0.90399058991044,8.2262052153313e-05,1.1814689644337e-05
1.8165,-0.19288965426193,-0.90193033513361,8.2701946521497e-05,1.1576013632279e-05
1.81675,-0.19942370331808,-0.89980304566155,8.3118558566739e-05,1.1337980228272e-05
1.817,-0.20594993351373,-0.89760798644401,8.3510558368878e-05,1.1097271644515e-05
1.81725,-0.21246771314163,-0.89534439985079,8.3877179330333e-05,1.0850286486654e-05
1.8175,-0.21897638609021,-0.89301150486022,8.4218283546803e-05,1.0593267532696e-05
1.81775,-0.22547527026566,-0.89060849622818,8.4534391521763e-05,1.0322446357304e-05
1.818,-0.23196365590381,-0.88813454363886,8.4826671730293e-05,1.003419304658e-05
1.81825,-0.23844080376377,-0.88558879083829,8.5096889972148e-05,9.7251581478015e-06
1.8185,-0.24490594319453,-0.88297035475242,8.5347323030254e-05,9.3923947466433e-06
1.81875,-0.25135827006508,-0.88027832459171,8.5580645047511e-05,9.0334510503808e-06
1.819,-0.25779694454819,-0.87751176094447,8.5799797582945e-05,8.6464275949828e-06
1.81925,-0.26422108874671,-0.87466969486205,8.6007855155885e-05,8.2299974628139e-06
1.8195,-0.27062978415081,-0.87175112693919,8.6207897261525e-05,7.7833919279509e-06
1.81975,-0.27702206891374,-0.8687550263936,8.6402895699364e-05,7.3063571144262e-06
1.82,-0.2833969349323,-0.86568033014974,8.6595623150016e-05,6.7990892014887e-06
1.82025,-0.28975332471789,-0.86252594193222,8.6788585853758e-05,6.2621563769511e-06
1.8205,-0.29609012804212,-0.85929073137569,8.6983980475424e-05,5.6964153057545e-06
1.82075,-0.30240617834073,-0.85597353315863,8.7183673099471e-05,5.1029286716693e-06
1.821,-0.3087002488575,-0.85257314617021,8.7389196911965e-05,4.4828887313748e-06
1.82125,-0.31497104850905,-0.84908833272043,8.760176446242e-05,3.8375501162372e-06
1.8215,-0.32121721744995,-0.84551781780541,8.7822290327088e-05,3.1681735648385e-06
1.82175,-0.3274373223162,-0.84186028844178,8.8051420341862e-05,2.475981006589e-06
1.822,-0.33362985112317,-0.83811439308573,8.8289564164037e-05,1.7621214944237e-06
1.82225,-0.3397932077933,-0.83427874115507,8.8536928612453e-05,1.0276468904057e-06
1.8225,-0.34592570628652,-0.83035190267503,8.8793549919622e-05,2.7349589257423e-07
1.82275,-0.35202556430484,-0.82633240807158,8.9059323641358e-05,-4.9951511056938e-07
1.823,-0.35809089654107,-0.82221874813953,8.9334031476546e-05,-1.290695825389e-06
1.82325,-0.36411970743942,-0.81800937421654,8.961736464315e-05,-2.0994818082999e-06
1.8235,-0.37010988343425,-0.8137026985984,8.99089437432e-05,-2.9254313369988e-06
1.82375,-0.37605918463134,-0.80929709523594,9.0208335244091e-05,-3.7682203455153e-06
1.824,-0.38196523589415,-0.80479090075968,9.0515064824124e-05,-4.6276361789129e-06
1.82425,-0.38782551729632,-0.80018241588424,9.0828627894504e-05,-5.5035707501183e-06
1.8245,-0.39363735389956,-0.79546990725193,9.1148497633826e-05,-6.3960135322369e-06
1.82475,-0.39939790481533,-0.79065160978288,9.1474130867399e-05,-7.3050446963816e-06
1.825,-0.40510415150728,-0.78572572960773,9.1804972102642e-05,-8.2308286061266e-06
1.82525,-0.41075288529105,-0.78069044766958,9.2140456000875e-05,-9.1736078026181e-06
1.8255,-0.41634069398774,-0.77554392409254,9.2480008530333e-05,-1.0133697555878e-05
1.82575,-0.421863947688,-0.77028430342731,9.2823047008737e-05,-1.1111481014502e-05
1.826,-0.42731878358499,-0.76490972089838,9.3168979208555e-05,-1.210740495474e-05
1.82625,-0.43270108983696,-0.75941830979293,9.3517201665467e-05,-1.3121976108121e-05
1.8265,-0.43800648842393,-0.75380821014942,9.3867097301079e-05,-1.4155758031931e-05
1.82675,-0.44323031696812,-0.74807757892321,9.4218032444914e-05,-1.5209368477182e-05
1.827,-0.44836760949567,-0.7422246018282,9.456935331795e-05,-1.6283477202651e-05
1.82725,-0.45341307612633,-0.73624750707723,9.4920382020294e-05,-1.7378804179848e-05
1.8275,-0.45836108169126,-0.73014458127026,9.527041204864e-05,-1.84961181316e-05
1.82775,-0.46320562329496,-0.72391418770781,9.5618703354553e-05,-1.9636235345417e-05
1.828,-0.46794030685837,-0.71755478743833,9.5964476942078e-05,-2.0800018701475e-05
1.82825,-0.47255832270596,-0.71106496338144,9.6306908992347e-05,-2.1988376853472e-05
1.8285,-0.4770524202917,-0.70444344790526,9.6645124493437e-05,-2.3202263498331e-05
1.82875,-0.48141488219789,-0.69768915427357,9.6978190345545e-05,-2.4442676667568e-05
1.829,-0.48563749758923,-0.69080121241885,9.7305107904443e-05,-2.5710657968785e-05
1.82925,-0.4897115353618,-0.68377900953766,9.7624804919914e-05,-2.7007291699949e-05
1.8295,-0.49362771729696,-0.6766222360467,9.7936126820581e-05,-2.8333703751745e-05
1.82975,-0.49737619161287,-0.66933093747791,9.8237827292102e-05,-2.9691060203981e-05
1.83,-0.5009465074055,-0.66190557292938,9.8528558092173e-05,-3.1080565510629e-05
1.83025,-0.50432759058749,-0.65434708072229,9.8806858043484e-05,-3.2503460154418e-05
1.8305,-0.50750772206984,-0.64665695194026,9.9071141144697e-05,-3.3961017635502e-05
1.83075,-0.51047451909024,-0.63883731254334,9.931968374025e-05,-3.5454540639475e-05
1.831,-0.51321492077601,-0.63089101474849,9.9550610692557e-05,-3.6985356207675e-05
1.83125,-0.51571517923918,-0.6228217383484,9.9761880505791e-05,-3.8554809706683e-05
1.8315,-0.51796085774064,-0.61463410259138,9.9951269359437e-05,-4.0164257364379e-05
1.83175,-0.51993683772733,-0.60633378916119,0.00010011635402327,-4.1815057106166e-05
1.832,-0.52162733684363,-0.5979276766649,0.00010025449364451,-4.350855738709e-05
1.83225,-0.52301594034151,-0.58942398684834,0.0001003628104239,-4.5246083673495e-05
1.8325,-0.52408564866071,-0.58083244249958,0.00010043816923228,-4.7028922181392e-05
1.83275,-0.52481894431249,-0.57216443665398,0.00010047715626475,-4.8858300428621e-05
1.833,-0.52519788156726,-0.56343321226473,0.00010047605688829,-5.0735364104395e-05
1.83325,-0.52520420280182,-0.55465405093126,0.00010043083291344,-5.2661149704408e-05
1.8335,-0.5248194856821,-0.54584446856653,0.00010033709961448,-5.4636552324105e-05
1.83375,-0.52402532561414,-0.5370244150165,0.00010019010293962,-5.6662287949453e-05
1.834,-0.52280355804788,-0.52821647360565,9.9984697495736e-05,-5.8738849537684e-05
1.83425,-0.52113652521819,-0.51944605536373,9.9715326067053e-05,-6.0866456145122e-05
1.8345,-0.51900739169387,-0.51074158129055,9.9376001635763e-05,-6.3044994342349e-05
1.83475,-0.51640051260881,-0.50213464445128,9.896029312057e-05,-6.5273951167994e-05
1.835,-0.51330185758896,-0.49366014199597,9.8461316337679e-05,-6.7552337923218e-05
1.83525,-0.50969949207888,-0.48535636542132,9.7871732019546e-05,-6.9878604214287e-05
1.8355,-0.50558411592385,-0.47726503562512,9.7183753097508e-05,-7.2250541829033e-05
1.83575,-0.50094965659701,-0.46943126767044,9.6389163859193e-05,-7.4665178305987e-05
1.836,-0.49579391131442,-0.461903448841,9.5479354018075e-05,-7.7118660447726e-05
1.83625,-0.49011922842418,-0.45473301274022,9.4445371160207e-05,-7.9606128570189e-05
1.8365,-0.48393321391426,-0.44797409211514,9.3277995430705e-05,-8.2121582995678e-05
1.83675,-0.47724944375468,-0.44168303405136,9.1967840644989e-05,-8.4657745216352e-05
1.837,-0.47008815726786,-0.43591776348342,9.0505486195964e-05,-8.7205917297932e-05
1.83725,-0.46247690111454,-0.43073698487306,8.8881644098844e-05,-8.9755844469701e-05
1.8375,-0.45445108822843,-0.42619921764886,8.7087365171996e-05,-9.2295587446035e-05
1.83775,-0.44605443169225,-0.42236166868953,8.5114287580322e-05,-9.4811412805978e-05
1.838,-0.43733921078623,-0.419278954718,8.2954929641914e-05,-9.7287711638449e-05
1.83825,-0.42836632598397,-0.4170016986808,8.0603026794743e-05,-9.9706958505029e-05
1.8385,-0.41920510222661,-0.41557503647351,7.8053909834169e-05,-0.0001020497243786
1.83875,-0.40993280596895,-0.41503708290202,7.5304917906846e-05,-0.00010429475831321
1.839,-0.40063385161109,-0.41541741743075,7.2355835307023e-05,-0.00010641915285107
1.83925,-0.39139868700282,-0.41673565974677,6.9209336013763e-05,-0.00010839860719228
1.8395,-0.38232236525692,-0.41900021106363,6.5871414438593e-05,-0.00011020779955045
1.83975,-0.37350283013604,-0.42220723810107,6.2351775518227e-05,-0.00011182087555777
1.84,-0.36503896327393,-0.42633997181022,5.8664152774733e-05,-0.00011321205287283
1.84025,-0.35702846154249,-0.43136838169566,5.4826520123477e-05,-0.000114356333333
1.8405,-0.34956562986077,-0.4372492692283,5.0861162959342e-05,-0.00011523030347057
1.84075,-0.34273918660745,-0.44392680133909,4.6794577246955e-05,-0.00011581299277601
1.841,-0.33663018386978,-0.45133347906403,4.265717257888e-05,-0.00011608674795551
1.84125,-0.33131014202588,-0.45939150938803,3.8482766580943e-05,-0.00011603807213658
1.8415,-0.3268394874719,-0.46801452281372,3.4307873130767e-05,-0.00011565837220263
1.84175,-0.32326636447212,-0.47710955770576,3.0170804381952e-05,-0.00011494455671144
1.842,-0.32062586879694,-0.48657921715316,2.6110624646707e-05,-0.0001138994322048
1.84225,-0.31893972432678,-0.49632389634242,2.2166010434199e-05,-0.00011253185737215
1.8425,-0.31821639675605,-0.50624397872523,1.8374082955746e-05,-0.00011085663171183
1.84275,-0.31845161348556,-0.51624190713644,1.4769285177366e-05,-0.00010889411626233
1.843,-0.31962923789759,-0.52622405019388,1.1382373850592e-05,-0.00010666960610897
1.84325,-0.32172243096737,-0.53610230293213,8.2395878418624e-06,-0.00010421249483195
1.8435,-0.32469502430506,-0.54579538155628,5.3620386525979e-06,-0.00010155528717572
1.84375,-0.32850302620036,-0.55522979334315,2.7653494007078e-06,-9.8732526018666e-05
1.844,-0.33309618536882,-0.56434048225182,4.5954740356375e-07,-9.5779702291991e-05
1.84425,-0.33841954472657,-0.57307116737296,-1.5508044121046e-06,-9.273221207424e-05
1.8445,-0.34441492826364,-0.58137440412339,-3.266268465865e-06,-8.9624414922469e-05
1.84475,-0.35102231653093,-0.5892114067773,-4.6920284647101e-06,-8.6488833510733e-05
1.845,-0.35818107911914,-0.59655167565861,-5.8372688136325e-06,-8.335551900271e-05
1.84525,-0.36583104475134,-0.60337247356884,-6.714486564523e-06,-8.025159131032e-05
1.8455,-0.37391340048879,-0.60965819445825,-7.3387812051e-06,-7.7200950067532e-05
1.84575,-0.38237142061147,-0.61539966370993,-7.7271607577967e-06,-7.4224141774606e-05
1.846,-0.39115103279324,-0.62059340443015,-7.8978941327297e-06,-7.1338361543489e-05
1.84625,-0.4002012342687,-0.62524089847275,-7.8699306939876e-06,-6.8557564100112e-05
1.8465,-0.40947437395302,-0.6293478651014,-7.6623995194751e-06,-6.5892657724512e-05
1.84675,-0.41892631818801,-0.63292357461105,-7.2941935047466e-06,-6.3351755995726e-05
1.847,-0.42851651824798,-0.63598020915718,-6.7836376158273e-06,-6.0940464867069e-05
1.84725,-0.43820799725011,-0.63853227863793,-6.1482363166918e-06,-5.866218609165e-05
1.8475,-0.44796727295963,-0.64059609580554,-5.4044923839956e-06,-5.6518421821985e-05
1.84775,-0.45776423139956,-0.64218931184875,-4.5677877653458e-06,-5.4509068931251e-05
1.848,-0.46757196437071,-0.64333051144012,-3.6523165789809e-06,-5.2632694988529e-05
1.84825,-0.47736658211001,-0.64403886460393,-2.6710605290206e-06,-5.0886790723276e-05
1.8485,-0.4871270104779,-0.64433383164397,-1.635797682246e-06,-4.9267996180055e-05
1.84875,-0.49683478034379,-0.64423491668148,-5.5713651976337e-07,-4.7772299601265e-05
1.849,-0.50647381527802,-0.64376146500503,5.5543171582888e-07,-4.6395209430487e-05
1.84925,-0.51603022228413,-0.64293249934421,1.693468223487e-06,-4.5131900769869e-05
1.8495,-0.52549208912237,-0.64176659028049,2.8495141591706e-06,-4.3977338226861e-05
1.84975,-0.53484929077965,-0.64028175624203,4.0170142391054e-06,-4.2926377421812e-05
1.85,-0.54409330681921,-0.6384953888488,5.1902393403495e-06,-4.1973847564548e-05
1.85025,-0.55321705067929,-0.63642419974334,6.3642102709342e-06,-4.1114617501356e-05
1.8505,-0.56221471146352,-0.6340841854331,7.5346242702316e-06,-4.0343647530075e-05
1.85075,-0.57108160835784,-0.63149060706205,8.6977853047845e-06,-3.9656029115922e-05
1.851,-0.57981405750146,-0.62865798240882,9.8505388323385e-06,-3.9047014442007e-05
1.85125,-0.58840925091344,-0.62560008776522,1.0990211402919e-05,-3.8512037515662e-05
1.8515,-0.59686514691939,-0.62232996767826,1.2114555236178e-05,-3.8046728338901e-05
1.85175,-0.60518037141824,-0.61885995083712,1.3221697745398e-05,-3.7646921447508e-05
1.852,-0.61335412926753,-0.61520167065323,1.4310095858739e-05,-3.7308659934127e-05
1.85225,-0.62138612503677,-0.61136608931709,1.5378494907005e-05,-3.702819589936e-05
1.8525,-0.62927649237391,-0.60736352432182,1.6425891795843e-05,-3.6801988122285e-05
1.85275,-0.63702573124421,-0.60320367662185,1.7451502151621e-05,-3.662669760814e-05
1.853,-0.64463465232721,-0.59889565974867,1.8454731118352e-05,-3.649918155508e-05
1.85325,-0.65210432789355,-0.59444802933682,1.9435147483475e-05,-3.6416486182774e-05
1.8535,-0.65943604852439,-0.58986881262404,2.0392460819217e-05,-3.6375838781318e-05
1.85375,-0.66663128508055,-0.5851655375831,2.1326501340982e-05,-3.6374639268098e-05
1.854,-0.67369165537386,-0.5803452614211,2.2237202202506e-05,-3.6410451480915e-05
1.85425,-0.68061889503862,-0.5754145982464,2.312458396785e-05,-3.6480994386537e-05
1.8545,-0.687414832145,-0.57037974575773,2.3988741021384e-05,-3.658413334324e-05
1.85475,-0.69408136513852,-0.56524651085295,2.4829829698104e-05,-3.6717871522734e-05
1.855,-0.7006204437295,-0.56002033409124,2.5648057937103e-05,-3.6880341569788e-05
1.85525,-0.70703405239361,-0.55470631297093,2.6443676280565e-05,-3.7069797556035e-05
1.8555,-0.71332419617925,-0.54930922400802,2.7216970059032e-05,-3.7284607266927e-05
1.85575,-0.71949288854914,-0.54383354361863,2.7968252620598e-05,-3.7523244846831e-05
1.856,-0.72554214101255,-0.53828346782249,2.8697859477349e-05,-3.7784283816285e-05
1.85625,-0.73147395433111,-0.53266293079536,2.940614325651e-05,-3.806639046682e-05
1.8565,-0.73729031110488,-0.52697562230615,3.0093469356609e-05,-3.8368317632189e-05
1.85675,-0.74299316956717,-0.52122500408035,3.076021222055e-05,-3.8688898829801e-05
1.857,-0.74858445843584,-0.51541432513498,3.1406752147826e-05,-3.9027042762471e-05
1.85725,-0.75406607268647,-0.50954663613325,3.2033472577344e-05,-3.9381728167924e-05
1.8575,-0.75943987012803,-0.50362480280795,3.2640757780587e-05,-3.9751999001619e-05
1.85775,-0.76470766867617,-0.4976515185031,3.3228990912136e-05,-4.0136959937325e-05
1.858,-0.76987124423095,-0.49162931588332,3.3798552371034e-05,-4.0535772169136e-05
1.85825,-0.77493232907755,-0.48556057785897,3.434981843221e-05,-4.0947649498401e-05
1.8585,-0.77989261073797,-0.47944754777448,3.4883160112217e-05,-4.1371854689026e-05
1.85875,-0.78475373121037,-0.47329233890507,3.5398942238006e-05,-4.1807696074911e-05
1.859,-0.78951728654074,-0.46709694330559,3.5897522691338e-05,-4.2254524403672e-05
1.85925,-0.79418482667805,-0.4608632400533,3.6379251804916e-05,-4.2711729901391e-05
1.8595,-0.79875785557041,-0.4545930029241,3.6844471889324e-05,-4.3178739543765e-05
1.85975,-0.80323783146483,-0.44828790753997,3.7293516872499e-05,-4.3655014519709e-05
1.86,-0.80762616737805,-0.44194953802298,3.7726712035839e-05,-4.4140047874209e-05
1.86025,-0.81192423171004,-0.43557939318947,3.8144373833024e-05,-4.4633362317956e-05
1.8605,-0.81613334897532,-0.42917889231584,3.8546809779469e-05,-4.5134508192013e-05
1.86075,-0.82025480063071,-0.42274938050545,3.8934318401876e-05,-4.5643061576516e-05
1.861,-0.82428982598061,-0.41629213368427,3.9307189238704e-05,-4.6158622533099e-05
1.86125,-0.82823962314376,-0.40980836325123,3.9665702883608e-05,-4.6680813471409e-05
1.8615,-0.83210535006745,-0.40329922040733,4.0010131064919e-05,-4.7209277630744e-05
1.86175,-0.83588812557695,-0.39676580018606,4.034073675517e-05,-4.7743677668455e-05
1.862,-0.83958903044996,-0.39020914520623,4.0657774305468e-05,-4.8283694347323e-05
1.86225,-0.843209108507,-0.38363024916667,4.0961489600216e-05,-4.8829025314728e-05
1.8625,-0.84674936771016,-0.37703006010101,4.1252120228293e-05,-4.9379383966873e-05
1.86275,-0.85021078126374,-0.37040948340963,4.1529895667344e-05,-4.9934498391874e-05
1.863,-0.8535942887113,-0.36376938468421,4.1795037478301e-05,-5.0494110385957e-05
1.86325,-0.85690079702434,-0.35711059233992,4.2047759507628e-05,-5.1057974537418e-05
1.8635,-0.86013118167898,-0.35043390006842,4.2288268095209e-05,-5.1625857373428e-05
1.86375,-0.86328628771714,-0.34374006912459,4.2516762286014e-05,-5.2197536565095e-05
1.864,-0.86636693078977,-0.33702983045863,4.2733434044036e-05,-5.2772800186571e-05
1.86425,-0.86937389817992,-0.33030388670418,4.2938468467163e-05,-5.3351446024295e-05
1.8645,-0.87230794980385,-0.32356291403296,4.3132044001881e-05,-5.3933280932733e-05
1.86475,-0.875169819189,-0.31680756388496,4.3314332656885e-05,-5.4518120233299e-05
1.865,-0.87796021442756,-0.31003846458286,4.3485500214804e-05,-5.5105787153355e-05
1.86525,-0.88067981910514,-0.30325622283911,4.3645706441405e-05,-5.5696112302412e-05
1.8655,-0.88332929320384,-0.29646142516266,4.3795105291752e-05,-5.6288933182913e-05
1.86575,-0.88590927397951,-0.28965463917257,4.3933845112872e-05,-5.6884093733137e-05
1.866,-0.88842037681297,-0.282836414825,4.4062068842605e-05,-5.7481443899958e-05
1.86625,-0.89086319603543,-0.27600728555926,4.4179914204348e-05,-5.8080839239384e-05
1.8665,-0.89323830572786,-0.26916776936875,4.4287513897513e-05,-5.868214054291e-05
1.86675,-0.89554626049499,-0.26231836980185,4.4384995783522e-05,-5.9285213487928e-05
1.867,-0.89778759621397,-0.25545957689742,4.4472483067255e-05,-5.9889928310502e-05
1.86725,-0.89996283075816,-0.24859186805957,4.4550094473875e-05,-6.0496159498996e-05
1.8675,-0.90207246469662,-0.24171570887564,4.4617944421015e-05,-6.1103785507128e-05
1.86775,-0.90411698196966,-0.23483155388133,4.4676143186309e-05,-6.171268848512e-05
1.868,-0.90609685054113,-0.22793984727644,4.4724797070302e-05,-6.232275402775e-05
1.86825,-0.90801252302787,-0.2210410235946,4.4764008554778e-05,-6.2933870938153e-05
1.8685,-0.90986443730716,-0.21413550833011,4.4793876456575e-05,-6.3545931006336e-05
1.86875,-0.91165301710245,-0.20722371852459,4.4814496076945e-05,-6.4158828801433e-05
1.869,-0.91337867254837,-0.20030606331621,4.4825959346562e-05,-6.4772461476806e-05
1.86925,-0.9150418007353,-0.193382944454,4.4828354966258e-05,-6.5386728587143e-05
1.8695,-0.91664278623441,-0.18645475677941,4.4821768543603e-05,-6.6001531916801e-05
1.86975,-0.91818200160358,-0.17952188867742,4.4806282725424e-05,-6.6616775318653e-05
1.87,-0.91965980787499,-0.17258472249903,4.4781977326373e-05,-6.7232364562787e-05
1.87025,-0.9210765550249,-0.1656436349571,4.474892945367e-05,-6.7848207194435e-05
1.8705,-0.92243258242626,-0.15869899749726,4.4707213628127e-05,-6.8464212400553e-05
1.87075,-0.92372821928469,-0.15175117664539,4.4656901901566e-05,-6.9080290884527e-05
1.871,-0.92496378505856,-0.14480053433331,4.4598063970753e-05,-6.9696354748493e-05
1.87125,-0.92613958986356,-0.13784742820399,4.453076728796e-05,-7.0312317382833e-05
1.8715,-0.92725593486239,-0.1308922118976,4.4455077168273e-05,-7.0928093362394e-05
1.87175,-0.92831311264022,-0.12393523531964,4.4371056893747e-05,-7.1543598349054e-05
1.872,-0.9293114075662,-0.11697684489226,4.4278767814531e-05,-7.2158749000245e-05
1.87225,-0.93025109614183,-0.11001738378975,4.4178269447064e-05,-7.2773462883105e-05
1.8725,-0.93113244733639,-0.10305719215945,4.4069619569448e-05,-7.3387658393924e-05
1.87275,-0.93195572291015,-0.09609660732862,4.3952874314094e-05,-7.4001254682597e-05
1.873,-0.93272117772572,-0.089135963998446,4.3828088257752e-05,-7.4614171581801e-05
1.87325,-0.93342906004789,-0.082175594425845,4.3695314509014e-05,-7.5226329540633e-05
1.8735,-0.93407961183265,-0.075215828593827,4.3554604793379e-05,-7.5837649562477e-05
1.87375,-0.93467306900556,-0.068256994371131,4.3406009535977e-05,-7.6448053146874e-05
1.874,-0.93520966172998,-0.061299417661845,4.3249577942031e-05,-7.7057462235172e-05
1.87425,-0.93568961466553,-0.054343422545482,4.3085358075146e-05,-7.7665799159786e-05
1.8745,-0.93611314721721,-0.047389331408273,4.2913396933504e-05,-7.8272986596862e-05
1.87475,-0.93648047377549,-0.040437465066055,4.2733740524029e-05,-7.8878947522189e-05
1.875,-0.93679180394758,-0.033488142879318,4.2546433934614e-05,-7.9483605170203e-05
1.87525,-0.93704734278059,-0.026541682860954,4.2351521404467e-05,-8.0086882995918e-05
1.8755,-0.93724729097645,-0.019598401776969,4.214904639264e-05,-8.0688704639673e-05
1.87575,-0.93739184509922,-0.012658615240793,4.1939051644818e-05,-8.1288993894541e-05
1.876,-0.93748119777496,-0.0057226378013926,4.1721579258411e-05,-8.1887674676299e-05
1.87625,-0.93751553788446,0.0012092169743766,4.149667074602e-05,-8.2484670995833e-05
1.8765,-0.93749505074909,0.0081366364247877,4.1264367097321e-05,-8.3079906933883e-05
1.87675,-0.93741991831006,0.015059308721412,4.102470883943e-05,-8.3673306618024e-05
1.877,-0.93729031930135,0.021976922802105,4.0777736095779e-05,-8.4264794201798e-05
1.87725,-0.93710642941651,0.028889168308442,4.0523488643568e-05,-8.4854293845898e-05
1.8775,-0.93686842146956,0.03579573552751,4.0262005969828e-05,-8.5441729701347e-05
1.87775,-0.93657646555034,0.042696315337616,3.9993327326128e-05,-8.6027025894565e-05
1.878,-0.93623072917429,0.049590599157835,3.9717491781978e-05,-8.6610106514284e-05
1.87825,-0.93583137742709,0.05647827890113,3.9434538276952e-05,-8.719089560023e-05
1.8785,-0.93537857310424,0.06335904693074,3.9144505671572e-05,-8.7769317133503e-05
1.87875,-0.9348724768458,0.070232596019849,3.8847432796979e-05,-8.8345295028616e-05
1.879,-0.93431324726645,0.077098619314119,3.8543358503419e-05,-8.8918753127117e-05
1.87925,-0.93370104108109,0.083956810297109,3.8232321707574e-05,-8.9489615192763e-05
1.8795,-0.9330360132261,0.09080686275834,3.7914361438764e-05,-9.0057804908178e-05
1.87975,-0.93231831697641,0.097648470763788,3.7589516884032e-05,-9.0623245872959e-05
1.88,-0.93154810405866,0.10448132862881,3.7257827432148e-05,-9.1185861603186e-05
1.88025,-0.93072552476038,0.11130513089325,3.6919332716538e-05,-9.1745575532294e-05
1.8805,-0.92985072803554,0.11811957229866,3.6574072657161e-05,-9.2302311013266e-05
1.88075,-0.92892386160649,0.12492434776744,3.6222087501343e-05,-9.2855991322106e-05
1.881,-0.92794507206243,0.13171915238396,3.5863417863597e-05,-9.3406539662573e-05
1.88125,-0.92691450495461,0.13850368137727,3.5498104764418e-05,-9.3953879172114e-05
1.8815,-0.92583230488825,0.14527763010566,3.5126189668085e-05,-9.4497932928993e-05
1.88175,-0.92469861561143,0.15204069404258,3.4747714519466e-05,-9.5038623960561e-05
1.882,-0.92351358010102,0.1587925687642,3.4362721779833e-05,-9.5575875252655e-05
1.88225,-0.92227734064563,0.16553294993833,3.3971254461708e-05,-9.6109609760087e-05
1.8825,-0.92099003892593,0.17226153331451,3.3573356162728e-05,-9.6639750418185e-05
1.88275,-0.91965181609219,0.17897801471556,3.3169071098539e-05,-9.7166220155394e-05
1.883,-0.91826281283933,0.18568209003011,3.2758444134726e-05,-9.768894190686e-05
1.88325,-0.91682316947939,0.19237345520632,3.2341520817775e-05,-9.8207838629019e-05
1.8835,-0.91533302601169,0.19905180624662,3.1918347405075e-05,-9.8722833315133e-05
1.88375,-0.91379252219062,0.20571683920345,3.1488970893943e-05,-9.9233849011761e-05
1.884,-0.91220179759124,0.21236825017581,3.1053439049697e-05,-9.9740808836138e-05
1.88425,-0.91056099167264,0.21900573530686,3.061180043275e-05,-0.00010024363599444
1.8845,-0.90887024383931,0.22562899078218,3.0164104424737e-05,-0.00010074225380092
1.88475,-0.90712969350048,0.23223771282884,2.9710401253669e-05,-0.00010123658569785
1.885,-0.90533948012745,0.23883159771526,2.92507420181e-05,-0.00010172655527628
1.88525,-0.90349974330909,0.24541034175162,2.8785178710324e-05,-0.00010221208629764
1.8855,-0.90161062280559,0.25197364129106,2.8313764238568e-05,-0.00010269310271603
1.88575,-0.89967225860031,0.25852119273134,2.78365524482e-05,-0.00010316952870128
1.886,-0.89768479095009,0.26505269251715,2.7353598141938e-05,-0.00010364128866276
1.88625,-0.89564836043378,0.27156783714295,2.6864957099036e-05,-0.00010410830727379
1.8865,-0.89356310799934,0.27806632315621,2.6370686093479e-05,-0.00010457050949684
1.88675,-0.89142917500928,0.28454784716127,2.5870842911132e-05,-0.00010502782060925
1.887,-0.88924670328466,0.29101210582347,2.5365486365878e-05,-0.00010548016622965
1.88725,-0.88701583514771,0.29745879587379,2.4854676314712e-05,-0.00010592747234494
1.8875,-0.88473671346301,0.30388761411386,2.4338473671783e-05,-0.00010636966533783
1.88775,-0.88240948167732,0.31029825742125,2.3816940421402e-05,-0.00010680667201492
1.888,-0.88003428385819,0.31669042275519,2.3290139629971e-05,-0.00010723841963529
1.88825,-0.87761126473123,0.32306380716253,2.2758135456853e-05,-0.00010766483593961
1.8885,-0.87514056971622,0.32941810778397,2.2220993164167e-05,-0.00010808584917965
1.88875,-0.87262234496205,0.33575302186058,2.1678779125498e-05,-0.00010850138814825
1.889,-0.87005673738047,0.34206824674062,2.1131560833515e-05,-0.00010891138220969
1.88925,-0.86744389467881,0.34836347988642,2.0579406906494e-05,-0.00010931576133044
1.8895,-0.86478396539161,0.35463841888164,2.0022387093737e-05,-0.00010971445611021
1.88975,-0.8620770989112,0.3608927614386,1.9460572279876e-05,-0.00011010739781339
1.89,-0.85932344551729,0.36712620540582,1.8894034488067e-05,-0.0001104945184007
1.89025,-0.85652315640565,0.37333844877573,1.8322846882057e-05,-0.00011087575056111
1.8905,-0.85367638371575,0.37952918969244,1.7747083767126e-05,-0.00011125102774402
1.89075,-0.85078328055761,0.38569812645975,1.7166820589894e-05,-0.00011162028419157
1.891,-0.84784400103771,0.39184495754918,1.6582133936997e-05,-0.00011198345497117
1.89125,-0.84485870028403,0.39796938160809,1.5993101532624e-05,-0.00011234047600809
1.8915,-0.84182753447037,0.40407109746797,1.5399802234901e-05,-0.00011269128411822
1.89175,-0.83875066083974,0.41014980415268,1.4802316031153e-05,-0.00011303581704078
1.892,-0.83562823772713,0.41620520088682,1.4200724031999e-05,-0.00011337401347119
1.89225,-0.83246042458139,0.4222369871042,1.3595108464313e-05,-0.00011370581309382
1.8925,-0.82924738198651,0.42824486245617,1.2985552663042e-05,-0.00011403115661476
1.89275,-0.82598927168213,0.43422852682014,1.2372141061877e-05,-0.00011434998579449
1.893,-0.82268625658342,0.44018768030806,1.1754959182777e-05,-0.00011466224348046
1.89325,-0.81933850080026,0.44612202327487,1.1134093624367e-05,-0.00011496787363948
1.8935,-0.81594616965586,0.452031256327,1.0509632049191e-05,-0.00011526682138998
1.89375,-0.8125094297047,0.45791508033079,9.8816631698441e-06,-0.00011555903303403
1.894,-0.80902844874994,0.46377319642097,9.2502767339749e-06,-0.00011584445608912
1.89425,-0.8055033958602,0.46960530600902,8.6155635081743e-06,-0.00011612303931964
1.8945,-0.80193444138586,0.47541111079155,7.97761526076e-06,-0.00011639473276804
1.89475,-0.79832175697476,0.48119031275863,7.3365247434551e-06,-0.00011665948778565
1.895,-0.79466551558746,0.48694261420202,6.692385671986e-06,-0.00011691725706307
1.89525,-0.79096589151195,0.49266771772336,6.0452927055989e-06,-0.00011716799466021
1.8955,-0.78722306037788,0.49836532624233,5.3953414255103e-06,-0.00011741165603577
1.89575,-0.78343719917037,0.50403514300466,4.7426283123139e-06,-0.00011764819807631
1.896,-0.77960848624339,0.50967687159013,4.0872507223449e-06,-0.00011787757912471
1.89625,-0.77573710133263,0.51529021592041,3.4293068630253e-06,-0.00011809975900812
1.8965,-0.77182322556804,0.52087488026684,2.7688957672118e-06,-0.00011831469906533
1.89675,-0.76786704148597,0.52643056925813,2.1061172665533e-06,-0.00011852236217342
1.897,-0.76386873304086,0.53195698788791,1.441071963884e-06,-0.00011872271277381
1.89725,-0.75982848561668,0.53745384152217,7.7386120467829e-07,-0.00011891571689762
1.8975,-0.75574648603791,0.54292083590663,1.045870475731e-07,-0.00011910134219026
1.89775,-0.75162292258029,0.54835767717389,-5.6664776599978e-07,-0.00011927955793529
1.898,-0.74745798498114,0.55376407185058,-1.2397398430633e-06,-0.00011945033507743
1.89825,-0.7432518644495,0.55913972686425,-1.9145851711957e-06,-0.00011961364624486
1.8985,-0.73900475367586,0.56448434955018,-2.5910791514494e-06,-0.00011976946577053
1.89875,-0.73471684684173,0.56979764765809,-3.2691166320764e-06,-0.00011991776971271
1.899,-0.73038833962884,0.57507932935859,-3.948591943013e-06,-0.00012005853587452
1.89925,-0.72601942922817,0.58032910324955,-4.6293989311114e-06,-0.00012019174382266
1.8995,-0.72161031434871,0.58554667836236,-5.3114309960792e-06,-0.00012031737490503
1.89975,-0.71716119522603,0.59073176416789,-5.9945811270926e-06,-0.00012043541226749
1.9,-0.71267227363059,0.59588407058243,-6.6787419400606e-06,-0.00012054584086953
1.90025,-0.70814375287588,0.60100330797335,-7.3638057155016e-06,-0.00012064864749894
1.9005,-0.70357583782644,0.60608918716469,-8.0496644369942e-06,-0.00012074382078541
1.90075,-0.69896873490561,0.61114141944244,-8.7362098301761e-06,-0.0001208313512131
1.901,-0.69432265210317,0.61615971655982,-9.4233334022531e-06,-0.00012091123113204
1.90125,-0.68963779898289,0.62114379074219,-1.0110926481973e-05,-0.00012098345476848
1.9015,-0.68491438668984,0.6260933546919,-1.0798880260043e-05,-0.00012104801823409
1.90175,-0.6801526279577,0.63100812159293,-1.1487085829939e-05,-0.00012110491953403
1.902,-0.67535273711587,0.63588780511528,-1.2175434229075e-05,-0.00012115415857381
1.90225,-0.67051493009656,0.64073211941926,-1.2863816480301e-05,-0.00012119573716504
1.9025,-0.66563942444174,0.64554077915947,-1.3552123633663e-05,-0.00012122965902999
1.90275,-0.66072643931012,0.6503134994887,-1.4240246808429e-05,-0.00012125592980489
1.903,-0.65577619548394,0.65504999606157,-1.4928077235299e-05,-0.00012127455704214
1.90325,-0.65078891537586,0.65974998503792,-1.561550629878e-05,-0.00012128555021119
1.9035,-0.6457648230357,0.66441318308607,-1.630242557969e-05,-0.0001212889206983
1.90375,-0.64070414415728,0.66903930738588,-1.6988726897727e-05,-0.00012128468180504
1.904,-0.63560710608517,0.67362807563152,-1.7674302354091e-05,-0.00012127284874556
1.90425,-0.63047393782147,0.67817920603412,-1.8359044374095e-05,-0.00012125343864267
1.9045,-0.62530487003267,0.68269241732412,-1.9042845749735e-05,-0.00012122647052266
1.90475,-0.62010013505648,0.68716742875348,-1.9725599682172e-05,-0.00012119196530892
1.905,-0.61485996690873,0.69160396009767,-2.0407199824101e-05,-0.00012114994581437
1.90525,-0.60958460129034,0.69600173165739,-2.1087540321935e-05,-0.0001211004367326
1.9055,-0.60427427559437,0.70036046426012,-2.1766515857796e-05,-0.00012104346462787
1.90575,-0.59892922891316,0.70467987926145,-2.2444021691255e-05,-0.00012097905792389
1.906,-0.59354970204555,0.70895969854618,-2.311995370078e-05,-0.00012090724689144
1.90625,-0.58813593750421,0.71319964452923,-2.3794208424867e-05,-0.00012082806363471
1.9065,-0.58268817952319,0.71739944015626,-2.4466683102795e-05,-0.00012074154207663
1.90675,-0.57720667406546,0.7215588089042,-2.5137275714983e-05,-0.00012064771794289
1.907,-0.57169166883076,0.72567747478143,-2.5805885022902e-05,-0.00012054662874496
1.90725,-0.5661434132635,0.72975516232781,-2.6472410608506e-05,-0.00012043831376185
1.9075,-0.5605621585609,0.73379159661454,-2.7136752913149e-05,-0.00012032281402089
1.90775,-0.55494815768136,0.7377865032437,-2.7798813275951e-05,-0.00012020017227734
1.908,-0.54930166535296,0.74173960834763,-2.8458493971566e-05,-0.00012007043299299
1.90825,-0.54362293808224,0.74565063858815,-2.9115698247345e-05,-0.00011993364231368
1.9085,-0.53791223416323,0.74951932115546,-2.9770330359824e-05,-0.00011978984804577
1.90875,-0.53216981368669,0.75334538376693,-3.0422295610544e-05,-0.00011963909963175
1.909,-0.52639593854966,0.75712855466565,-3.1071500381133e-05,-0.00011948144812468
1.90925,-0.5205908724653,0.76086856261872,-3.1717852167649e-05,-0.00011931694616182
1.9095,-0.51475488097295,0.76456513691544,-3.2361259614145e-05,-0.00011914564793734
1.90975,-0.50888823144863,0.76821800736522,-3.3001632545417e-05,-0.00011896760917406
1.91,-0.50299119311577,0.77182690429538,-3.3638881998925e-05,-0.00011878288709436
1.91025,-0.49706403705632,0.77539155854862,-3.4272920255851e-05,-0.00011859154039034
1.9105,-0.49110703622225,0.77891170148043,-3.490366087127e-05,-0.00011839362919302
1.91075,-0.48512046544735,0.78238706495628,-3.5531018703414e-05,-0.00011818921504092
1.911,-0.47910460145953,0.78581738134862,-3.6154909942005e-05,-0.00011797836084783
1.91125,-0.47305972289342,0.78920238353367,-3.6775252135632e-05,-0.00011776113086986
1.9115,-0.46698611030347,0.7925418048881,-3.7391964218159e-05,-0.00011753759067187
1.91175,-0.46088404617746,0.79583537928555,-3.8004966534145e-05,-0.00011730780709324
1.912,-0.45475381495049,0.79908284109288,-3.8614180863249e-05,-0.00011707184821302
1.91225,-0.44859570301941,0.80228392516644,-3.9219530443624e-05,-0.00011682978331453
1.9125,-0.4424099987578,0.80543836684802,-3.9820939994258e-05,-0.00011658168284947
1.91275,-0.43619699253137,0.8085459019608,-4.0418335736285e-05,-0.00011632761840141
1.913,-0.42995697671398,0.81160626680506,-4.1011645413213e-05,-0.00011606766264899
1.91325,-0.42369024570419,0.81461919815383,-4.1600798310095e-05,-0.00011580188932856
1.9135,-0.41739709594229,0.81758443324843,-4.2185725271619e-05,-0.00011553037319648
1.91375,-0.41107782592802,0.8205017097938,-4.2766358719102e-05,-0.00011525318999111
1.914,-0.40473273623882,0.8233707659539,-4.3342632666397e-05,-0.00011497041639438
1.91425,-0.39836212954871,0.82619134034686,-4.3914482734702e-05,-0.00011468212999325
1.9145,-0.39196631064786,0.82896317204009,-4.4481846166261e-05,-0.00011438840924074
1.91475,-0.3855455864627,0.83168600054543,-4.5044661836972e-05,-0.0001140893334169
1.915,-0.37910026607686,0.83435956581405,-4.5602870267882e-05,-0.00011378498258952
1.91525,-0.37263066075266,0.83698360823151,-4.6156413635584e-05,-0.00011347543757479
1.9155,-0.36613708395338,0.83955786861257,-4.670523578151e-05,-0.00011316077989781
1.91575,-0.3596198513663,0.84208208819618,-4.724928222013e-05,-0.00011284109175301
1.916,-0.35307928092642,0.84455600864027,-4.7788500146054e-05,-0.00011251645596464
1.91625,-0.34651569284095,0.84697937201675,-4.832283844005e-05,-0.00011218695594719
1.9165,-0.33992940961472,0.84935192080631,-4.8852247673977e-05,-0.00011185267566587
1.91675,-0.33332075607625,0.85167339789342,-4.9376680114655e-05,-0.00011151369959718
1.917,-0.3266900594047,0.85394354656128,-4.9896089726661e-05,-0.0001111701126896
1.91725,-0.3200376491578,0.85616211048692,-5.0410432174079e-05,-0.00011082200032438
1.9175,-0.31336385730042,0.85832883373628,-5.0919664821212e-05,-0.00011046944827655
1.91775,-0.30666901823426,0.86044346075949,-5.1423746732257e-05,-0.0001101125426761
1.918,-0.29995346882837,0.8625057363862,-5.1922638669974e-05,-0.00010975136996943
1.91825,-0.29321754845057,0.86451540582104,-5.2416303093351e-05,-0.00010938601688102
1.9185,-0.28646159899994,0.86647221463934,-5.2904704154278e-05,-0.00010901657037546
1.91875,-0.27968596494018,0.8683759087829,-5.3387807693269e-05,-0.00010864311761973
1.919,-0.27289099333405,0.87022623455606,-5.3865581234213e-05,-0.00010826574594589
1.91925,-0.26607703387889,0.87202293862189,-5.4337993978205e-05,-0.00010788454281409
1.9195,-0.25924443894301,0.87376576799877,-5.480501679646e-05,-0.00010749959577605
1.91975,-0.25239356360336,0.87545447005712,-5.5266622222325e-05,-0.00010711099243891
1.92,-0.24552476568421,0.87708879251646,-5.5722784442424e-05,-0.00010671882042955
1.92025,-0.23863840579691,0.87866848344285,-5.6173479286947e-05,-0.00010632316735939
1.9205,-0.23173484738088,0.88019329124658,-5.66186842191e-05,-0.00010592412078967
1.92075,-0.22481445674568,0.88166296468035,-5.705837832375e-05,-0.00010552176819729
1.921,-0.21787760311436,0.88307725283778,-5.7492542295284e-05,-0.00010511619694111
1.92125,-0.21092465866798,0.8844359051524,-5.7921158424689e-05,-0.00010470749422888
1.9215,-0.20395599859129,0.88573867139711,-5.8344210585907e-05,-0.00010429574708469
1.92175,-0.19697200111985,0.88698530168413,-5.8761684221456e-05,-0.00010388104231707
1.922,-0.18997304758825,0.8881755464655,-5.9173566327366e-05,-0.00010346346648761
1.92225,-0.18295952247974,0.88930915653418,-5.9579845437439e-05,-0.00010304310588031
1.9225,-0.17593181347716,0.89038588302572,-5.9980511606864e-05,-0.00010262004647147
1.92275,-0.16889031151521,0.89140547742062,-6.0375556395214e-05,-0.00010219437390027
1.923,-0.16183541083412,0.89236769154738,-6.0764972848842e-05,-0.00010176617344006
1.92325,-0.15476750903471,0.89327227758622,-6.1148755482708e-05,-0.0001013355299702
1.9235,-0.14768700713483,0.8941189880737,-6.1526900261661e-05,-0.00010090252794872
1.92375,-0.14059430962731,0.89490757590804,-6.1899404581197e-05,-0.00010046725138556
1.924,-0.13348982453933,0.89563779435536,-6.2266267247724e-05,-0.00010002978381662
1.92425,-0.12637396349326,0.89630939705685,-6.2627488458356e-05,-9.9590208278389e-05
1.9245,-0.11924714176909,0.89692213803683,-6.2983069780262e-05,-9.9148607283426e-05
1.92475,-0.11210977836824,0.89747577171194,-6.3333014129592e-05,-9.8705062796443e-05
1.925,-0.10496229607913,0.89797005290126,-6.3677325750014e-05,-9.825965621119e-05
1.92525,-0.097805121544107,0.89840473683763,-6.4016010190872e-05,-9.7812468328038e-05
1.9255,-0.090638685328078,0.89877957918017,-6.4349074285009e-05,-9.7363579332292e-05
1.92575,-0.083463421988779,0.89909433602792,-6.4676526126258e-05,-9.6913068773252e-05
1.926,-0.076279770148557,0.89934876393489,-6.4998375046647e-05,-9.6461015543999e-05
1.92625,-0.069088172567925,0.8995426199264,-6.5314631593318e-05,-9.6007497861915e-05
1.9265,-0.061889076220709,0.89967566151681,-6.562530750521e-05,-9.5552593249949e-05
1.92675,-0.05468293237086,0.89974764672883,-6.5930415689509e-05,-9.5096378518604e-05
1.927,-0.047470196651055,0.89975833411429,-6.6229970197892e-05,-9.4638929748666e-05
1.92725,-0.040251329142926,0.89970748277651,-6.6523986202599e-05,-9.4180322274661e-05
1.9275,-0.03302679445901,0.8995948523945,-6.6812479972345e-05,-9.3720630669035e-05
1.92775,-0.025797061826559,0.89942020324871,-6.7095468848088e-05,-9.325992872706e-05
1.928,-0.018562605172946,0.89918329624884,-6.7372971218692e-05,-9.2798289452458e-05
1.92825,-0.011323903212938,0.8988838929634,-6.7645006496496e-05,-9.2335785043737e-05
1.9285,-0.0040814395377393,0.89852175565136,-6.7911595092801e-05,-9.1872486881237e-05
1.92875,0.003164297294256,0.89809664729586,-6.8172758393319e-05,-9.1408465514875e-05
1.929,0.010412813664811,0.89760833164004,-6.8428518733572e-05,-9.0943790652583e-05
1.92925,0.017663610801494,0.89705657322525,-6.8678899374296e-05,-9.0478531149438e-05
1.9295,0.024916184681445,0.89644113743144,-6.8923924476832e-05,-9.0012754997463e-05
1.92975,0.032170025933434,0.89576179052013,-6.9163619078557e-05,-8.954652931611e-05
1.93,0.03942461973801,0.89501829967984,-6.9398009068339e-05,-8.9079920343394e-05
1.93025,0.046679445725896,0.89421043307419,-6.9627121162067e-05,-8.8612993427686e-05
1.9305,0.053933977874614,0.8933379598927,-6.9850982878246e-05,-8.8145813020149e-05
1.93075,0.061187684403261,0.89240065040448,-7.0069622513681e-05,-8.7678442667802e-05
1.931,0.068440027665532,0.89139827601482,-7.0283069119279e-05,-8.7210945007218e-05
1.93125,0.07569046404096,0.89033060932486,-7.0491352475958e-05,-8.6743381758819e-05
1.9315,0.082938443824381,0.88919742419443,-7.0694503070707e-05,-8.6275813721788e-05
1.93175,0.090183411113651,0.88799849580816,-7.0892552072783e-05,-8.5808300769558e-05
1.932,0.097424803695653,0.88673360074503,-7.1085531310084e-05,-8.534090184589e-05
1.93225,0.10466205293062,0.88540251705137,-7.1273473245687e-05,-8.4873674961511e-05
1.9325,0.11189458363463,0.8840050243176,-7.1456410954585e-05,-8.4406677191312e-05
1.93275,0.11912181396072,0.8825409037587,-7.1634378100616e-05,-8.3939964672083e-05
1.933,0.12634315527803,0.88100993829856,-7.1807408913615e-05,-8.3473592600785e-05
1.93325,0.13355801204966,0.87941191265842,-7.1975538166776e-05,-8.300761523334e-05
1.9335,0.14076578170883,0.8777466134495,-7.2138801154258e-05,-8.2542085883919e-05
1.93375,0.14796585453353,0.87601382926986,-7.229723366903e-05,-8.2077056924734e-05
1.934,0.1551576135198,0.8742133508058,-7.2450871980965e-05,-8.1612579786301e-05
1.93425,0.16234043425346,0.87234497093785,-7.25997528152e-05,-8.1148704958177e-05
1.9345,0.16951368478067,0.87040848485149,-7.2743913330764e-05,-8.0685481990152e-05
1.93475,0.17667672547706,0.86840369015278,-7.2883391099478e-05,-8.0222959493873e-05
1.935,0.1838289089157,0.86633038698909,-7.3018224085147e-05,-7.9761185144913e-05
1.93525,0.19096957973393,0.864188378175,-7.3148450623035e-05,-7.9300205685241e-05
1.9355,0.1980980744991,0.86197746932355,-7.3274109399642e-05,-7.8840066926105e-05
1.93575,0.20521372157337,0.85969746898317,-7.3395239432782e-05,-7.8380813751299e-05
1.936,0.21231584097752,0.85734818878015,-7.3511880051969e-05,-7.7922490120814e-05
1.93625,0.21940374425414,0.85492944356709,-7.3624070879116e-05,-7.7465139074845e-05
1.9365,0.22647673432993,0.85244105157736,-7.3731851809552e-05,-7.700880273816e-05
1.93675,0.23353410537756,0.8498828345858,-7.3835262993363e-05,-7.6553522324798e-05
1.937,0.24057514267706,0.84725461807582,-7.3934344817051e-05,-7.6099338143102e-05
1.93725,0.24759912247682,0.84455623141302,-7.4029137885528e-05,-7.5646289601063e-05
1.9375,0.25460531185441,0.8417875080257,-7.411968300444e-05,-7.5194415211965e-05
1.93775,0.26159296857746,0.83894828559213,-7.4206021162826e-05,-7.474375260032e-05
1.938,0.26856134096442,0.83603840623514,-7.4288193516104e-05,-7.4294338508086e-05
1.93825,0.27550966774583,0.83305771672387,-7.4366241369407e-05,-7.384620880114e-05
1.9385,0.28243717792584,0.83000606868308,-7.4440206161252e-05,-7.3399398476019e-05
1.93875,0.28934309064446,0.82688331881014,-7.4510129447544e-05,-7.2953941666889e-05
1.939,0.29622661504052,0.82368932909998,-7.4576052885932e-05,-7.2509871652756e-05
1.93925,0.30308695011572,0.82042396707791,-7.4638018220494e-05,-7.2067220864891e-05
1.9395,0.30992328459984,0.81708710604099,-7.4696067266771e-05,-7.1626020894468e-05
1.93975,0.3167347968175,0.81367862530752,-7.4750241897141e-05,-7.1186302500393e-05
1.94,0.32352065455642,0.81019841047552,-7.4800584026529e-05,-7.0748095617326e-05
1.94025,0.33028001493783,0.80664635368973,-7.4847135598459e-05,-7.0311429363876e-05
1.9405,0.33701202428885,0.8030223539179,-7.4889938571448e-05,-6.9876332050967e-05
1.94075,0.34371581801752,0.7993263172361,-7.492903490573e-05,-6.944283119035e-05
1.941,0.35039052049045,0.79555815712355,-7.4964466550326e-05,-6.9010953503276e-05
1.94125,0.35703524491361,0.79171779476701,-7.4996275430433e-05,-6.8580724929287e-05
1.9415,0.36364909321644,0.78780515937488,-7.5024503435163e-05,-6.8152170635152e-05
1.94175,0.37023115593958,0.78382018850132,-7.5049192405594e-05,-6.7725315023905e-05
1.942,0.37678051212686,0.77976282838054,-7.5070384123166e-05,-6.7300181744006e-05
1.94225,0.38329622922153,0.77563303427116,-7.5088120298386e-05,-6.6876793698586e-05
1.9425,0.38977736296706,0.77143077081138,-7.5102442559864e-05,-6.6455173054797e-05
1.94275,0.39622295731368,0.76715601238439,-7.5113392443671e-05,-6.6035341253235e-05
1.943,0.40263204432988,0.76280874349493,-7.5121011382999e-05,-6.5617319017445e-05
1.94325,0.40900364412028,0.75838895915641,-7.5125340698155e-05,-6.5201126363483e-05
1.9435,0.41533676474974,0.75389666528938,-7.5126421586844e-05,-6.4786782609544e-05
1.94375,0.42163040217462,0.74933187913104,-7.5124295114772e-05,-6.4374306385639e-05
1.944,0.42788354018102,0.74469462965613,-7.5119002206543e-05,-6.3963715643316e-05
1.94425,0.43409515033129,0.73998495800913,-7.5110583636864e-05,-6.3555027665415e-05
1.9445,0.44026419191872,0.73520291794817,-7.5099080022033e-05,-6.3148259075855e-05
1.94475,0.44638961193108,0.73034857630037,-7.5084531811728e-05,-6.2743425849444e-05
1.945,0.45247034502386,0.72542201342895,-7.506697928108e-05,-6.2340543321708e-05
1.94525,0.45850531350329,0.72042332371203,-7.5046462523022e-05,-6.1939626198721e-05
1.9455,0.46449342732012,0.71535261603325,-7.5023021440931e-05,-6.154068856695e-05
1.94575,0.47043358407462,0.71021001428425,-7.4996695741528e-05,-6.1143743903092e-05
1.946,0.47632466903348,0.7049956578787,-7.4967524928062e-05,-6.0748805083909e-05
1.94625,0.48216555515903,0.69970970227856,-7.4935548293747e-05,-6.035588439604e-05
1.9465,0.48795510315179,0.69435231953166,-7.4900804915475e-05,-5.9964993545811e-05
1.94675,0.49369216150697,0.68892369882127,-7.4863333647769e-05,-5.9576143669003e-05
1.947,0.49937556658517,0.68342404702723,-7.4823173117002e-05,-5.9189345340611e-05
1.94725,0.50500414269877,0.67785358929863,-7.4780361715858e-05,-5.8804608584557e-05
1.9475,0.5105767022141,0.67221256963769,-7.4734937598034e-05,-5.8421942883369e-05
1.94775,0.51609204567035,0.66650125149519,-7.4686938673184e-05,-5.8041357187826e-05
1.948,0.52154896191625,0.66071991837671,-7.4636402602097e-05,-5.7662859926548e-05
1.94825,0.5269462282649,0.65486887445969,-7.4583366792101e-05,-5.728645901554e-05
1.9485,0.53228261066786,0.64894844522125,-7.4527868392698e-05,-5.6912161867688e-05
1.94875,0.53755686390917,0.64295897807599,-7.4469944291411e-05,-5.6539975402192e-05
1.949,0.54276773182023,0.63690084302404,-7.4409631109852e-05,-5.616990605394e-05
1.94925,0.54791394751636,0.6307744333084,-7.43469652e-05,-5.5801959782822e-05
1.9495,0.55299423365588,0.62458016608166,-7.4281982640684e-05,-5.5436142082977e-05
1.94975,0.55800730272263,0.61831848308134,-7.4214719234269e-05,-5.5072457991965e-05
1.95,0.56295185733282,0.61198985131346,-7.4145210503538e-05,-5.4710912099877e-05
