1.7,0.61207865374839,0.75946228303003,-5.2411030826932e-06,-1.6966484160524e-06
1.70025,0.61671755606431,0.7556629370562,-5.3862453068375e-06,-1.417645047066e-06
1.7005,0.62133313639969,0.75183517351891,-5.5233939342177e-06,-1.1438773643838e-06
1.70075,0.62592523116429,0.74797911776536,-5.6529484250952e-06,-8.7527374475634e-07
1.701,0.6304936770823,0.74409489618295,-5.775285861105e-06,-6.1175748761158e-07
1.70125,0.63503831120352,0.7401826362013,-5.8907622479554e-06,-3.5324774250122e-07
1.7015,0.63955897091455,0.73624246629426,-5.9997137477748e-06,-9.9660324820352e-08
1.70175,0.64405549394994,0.73227451598165,-6.1024578433177e-06,1.4909156784233e-07
1.702,0.64852771840335,0.72827891583093,-6.1992944365125e-06,3.9309672767966e-07
1.70225,0.65297548273869,0.72425579745872,-6.2905068840157e-06,6.3244538710837e-07
1.7025,0.65739862580124,0.72020529353223,-6.3763629725544e-06,8.6722873888973e-07
1.70275,0.66179698682882,0.71612753777039,-6.4571158368911e-06,1.0975385180863e-06
1.703,0.66617040546282,0.71202266494509,-6.5330048232595e-06,1.3234666388646e-06
1.70325,0.67051872175939,0.70789081088205,-6.6042563010972e-06,1.5451048799231e-06
1.7035,0.67484177620042,0.70373211246167,-6.6710844258475e-06,1.7625446129937e-06
1.70375,0.67913940970467,0.69954670761979,-6.7336918555365e-06,1.9758765694847e-06
1.704,0.68341146363883,0.69533473534817,-6.7922704237409e-06,2.1851906408685e-06
1.70425,0.68765777982846,0.691096335695,-6.8470017714692e-06,2.3905757088999e-06
1.7045,0.6918782005691,0.68683164976514,-6.8980579403721e-06,2.59211950219e-06
1.70475,0.69607256863722,0.68254081972031,-6.9456019295905e-06,2.7899084760371e-06
1.705,0.70024072730115,0.67822398877913,-6.9897882184391e-06,2.9840277127619e-06
1.70525,0.70438252033211,0.67388130121703,-7.0307632570108e-06,3.1745608401014e-06
1.7055,0.70849779201506,0.66951290236601,-7.0686659266796e-06,3.3615899654839e-06
1.70575,0.71258638715962,0.66511893861431,-7.1036279723673e-06,3.5451956242527e-06
1.706,0.71664815111098,0.6606995574059,-7.1357744083398e-06,3.7254567401219e-06
1.70625,0.72068292976071,0.6562549072399,-7.1652238991896e-06,3.9024505963361e-06
1.7065,0.72469056955761,0.65178513766985,-7.19208911757e-06,4.076252816182e-06
1.70675,0.72867091751846,0.64729039930282,-7.2164770801473e-06,4.2469373516491e-06
1.707,0.73262382123884,0.64277084379848,-7.2384894631512e-06,4.4145764791712e-06
1.70725,0.73654912890384,0.6382266238679,-7.2582228988153e-06,4.5792408015059e-06
1.7075,0.74044668929875,0.63365789327242,-7.275769253921e-06,4.7409992549105e-06
1.70775,0.74431635181978,0.62906480682226,-7.2912158915816e-06,4.8999191208736e-06
1.708,0.74815796648464,0.62444752037498,-7.3046459173285e-06,5.0560660417448e-06
1.70825,0.75197138394319,0.61980619083401,-7.3161384104966e-06,5.2095040396789e-06
1.7085,0.755756455488,0.61514097614682,-7.3257686418404e-06,5.3602955383828e-06
1.70875,0.75951303306491,0.61045203530315,-7.3336082782509e-06,5.5085013872093e-06
1.709,0.76324096928344,0.60573952833304,-7.3397255753903e-06,5.654180887197e-06
1.70925,0.76694011742741,0.60100361630473,-7.3441855590041e-06,5.7973918187049e-06
1.7095,0.77061033146518,0.59624446132251,-7.347050195625e-06,5.9381904703279e-06
1.70975,0.7742514660602,0.59146222652441,-7.3483785533319e-06,6.0766316688222e-06
1.71,0.77786337658126,0.58665707607977,-7.3482269531891e-06,6.2127688098013e-06
1.71025,0.78144591911279,0.58182917518671,-7.3466491119446e-06,6.3466538889893e-06
1.7105,0.78499895046519,0.57697869006946,-7.3436962765332e-06,6.4783375338517e-06
1.71075,0.78852232818497,0.57210578797566,-7.3394173508907e-06,6.607869035442e-06
1.711,0.792015910565,0.56721063717343,-7.3338590155565e-06,6.7352963803242e-06
1.71125,0.79547955665457,0.56229340694842,-7.3270658405055e-06,6.8606662824521e-06
1.7115,0.79891312626951,0.55735426760071,-7.3190803916275e-06,6.9840242149002e-06
1.71175,0.80231648000222,0.55239339044161,-7.3099433312401e-06,7.1054144413565e-06
1.712,0.80568947923169,0.54741094779034,-7.2996935129992e-06,7.2248800473024e-06
1.71225,0.80903198613338,0.54240711297063,-7.2883680715461e-06,7.3424629708109e-06
1.7125,0.81234386368915,0.5373820603072,-7.276002507209e-06,7.4582040329121e-06
1.71275,0.81562497569715,0.53233596512211,-7.2626307660559e-06,7.5721429674768e-06
1.713,0.81887518678151,0.52726900373107,-7.2482853155778e-06,7.6843184505813e-06
1.71325,0.82209436240215,0.52218135343954,-7.2329972162605e-06,7.7947681293229e-06
1.7135,0.82528236886446,0.51707319253884,-7.2167961892919e-06,7.9035286500585e-06
1.71375,0.82843907332893,0.51194470030211,-7.1997106806295e-06,8.0106356860502e-06
1.714,0.83156434382072,0.50679605698014,-7.1817679216444e-06,8.1161239644998e-06
1.71425,0.8346580492392,0.50162744379715,-7.162993986541e-06,8.220027292963e-06
1.7145,0.83772005936741,0.49643904294645,-7.1434138467408e-06,8.3223785851362e-06
1.71475,0.84075024488149,0.49123103758598,-7.1230514224044e-06,8.4232098860121e-06
1.715,0.84374847736002,0.48600361183381,-7.1019296312597e-06,8.5225523964012e-06
1.71525,0.84671462929334,0.48075695076347,-7.0800704348873e-06,8.6204364968234e-06
1.7155,0.84964857409276,0.47549124039924,-7.0574948826121e-06,8.7168917707703e-06
1.71575,0.85255018609976,0.47020666771135,-7.0342231531336e-06,8.8119470273447e-06
1.716,0.85541934059513,0.46490342061104,-7.0102745940251e-06,8.905630323284e-06
1.71625,0.85825591380798,0.45958168794555,-6.985667759221e-06,8.997968984374e-06
1.7165,0.86105978292478,0.45424165949304,-6.960420444605e-06,9.0889896262638e-06
1.71675,0.8638308260983,0.44888352595739,-6.9345497218041e-06,9.1787181746913e-06
1.717,0.86656892245643,0.44350747896293,-6.90807197029e-06,9.267179885128e-06
1.71725,0.86927395211108,0.43811371104907,-6.8810029078786e-06,9.3543993618579e-06
1.7175,0.87194579616682,0.43270241566486,-6.8533576197177e-06,9.4404005764988e-06
1.71775,0.87458433672964,0.42727378716341,-6.8251505858446e-06,9.5252068859805e-06
1.718,0.87718945691553,0.42182802079632,-6.7963957073913e-06,9.6088410499914e-06
1.71825,0.87976104085903,0.41636531270794,-6.7671063315102e-06,9.6913252479056e-06
1.7185,0.88229897372174,0.41088585992958,-6.7372952750903e-06,9.7726810952046e-06
1.71875,0.88480314170067,0.40538986037363,-6.706974847327e-06,9.8529296594054e-06
1.719,0.88727343203666,0.39987751282762,-6.676156871208e-06,9.9320914755079e-06
1.71925,0.88970973302262,0.39434901694819,-6.644852703972e-06,1.0010186560975e-05
1.7195,0.89211193401172,0.38880457325493,-6.6130732565946e-06,1.0087234430258e-05
1.71975,0.89447992542557,0.38324438312426,-6.5808290123522e-06,1.0163254108879e-05
1.72,0.89681359876225,0.37766864878307,-6.5481300445129e-06,1.0238264147083e-05
1.72025,0.89911284660432,0.37207757330247,-6.5149860331983e-06,1.0312282633075e-05
1.7205,0.90137756262678,0.36647136059129,-6.4814062814604e-06,1.0385327205849e-05
1.72075,0.90360764160484,0.36085021538961,-6.4473997306136e-06,1.0457415067624e-05
1.721,0.90580297942178,0.35521434326222,-6.4129749748592e-06,1.0528562995898e-05
1.72125,0.90796347307661,0.34956395059195,-6.37814027524e-06,1.0598787355136e-05
1.7215,0.91008902069174,0.34389924457295,-6.3429035729571e-06,1.0668104108089e-05
1.72175,0.91217952152049,0.33822043320394,-6.3072725020822e-06,1.0736528826775e-05
1.722,0.91423487595463,0.33252772528134,-6.2712544016961e-06,1.0804076703118e-05
1.72225,0.91625498553174,0.32682133039235,-6.2348563274808e-06,1.0870762559257e-05
1.7225,0.91823975294257,0.32110145890801,-6.1980850627931e-06,1.0936600857544e-05
1.72275,0.9201890820383,0.31536832197607,-6.1609471292456e-06,1.1001605710229e-05
1.723,0.92210287783772,0.30962213151395,-6.1234487968189e-06,1.1065790888853e-05
1.72325,0.9239810465343,0.30386310020154,-6.0855960935277e-06,1.1129169833349e-05
1.7235,0.92582349550329,0.29809144147393,-6.0473948146637e-06,1.1191755660863e-05
1.72375,0.92763013330861,0.29230736951417,-6.008850531634e-06,1.1253561174311e-05
1.724,0.9294008697097,0.28651109924585,-5.9699686004165e-06,1.1314598870667e-05
1.72425,0.93113561566843,0.28070284632574,-5.9307541696493e-06,1.1374880949002e-05
1.7245,0.93283428335567,0.27488282713625,-5.891212188372e-06,1.1434419318274e-05
1.72475,0.93449678615804,0.26905125877794,-5.8513474134359e-06,1.1493225604888e-05
1.725,0.9361230386844,0.26320835906194,-5.811164416598e-06,1.1551311160018e-05
1.72525,0.93771295677236,0.25735434650224,-5.7706675913142e-06,1.1608687066709e-05
1.7255,0.93926645749465,0.25148944030806,-5.729861159246e-06,1.1665364146767e-05
1.72575,0.94078345916547,0.2456138603761,-5.6887491764933e-06,1.1721352967435e-05
1.726,0.9422638813467,0.23972782728268,-5.6473355395672e-06,1.177666384787e-05
1.72625,0.9437076448541,0.23383156227593,-5.6056239911131e-06,1.1831306865429e-05
1.7265,0.94511467176326,0.22792528726788,-5.5636181253979e-06,1.1885291861756e-05
1.72675,0.9464848854158,0.22200922482654,-5.5213213935696e-06,1.1938628448691e-05
1.727,0.94781821042509,0.21608359816784,-5.4787371087022e-06,1.1991326014009e-05
1.72725,0.94911457268216,0.21014863114764,-5.4358684506329e-06,1.2043393726971e-05
1.7275,0.9503738993615,0.20420454825364,-5.3927184706041e-06,1.2094840543726e-05
1.72775,0.9515961189266,0.19825157459722,-5.3492900957158e-06,1.2145675212539e-05
1.728,0.95278116113565,0.19228993590529,-5.3055861331994e-06,1.2195906278873e-05
1.72825,0.95392895704696,0.18631985851206,-5.2616092745199e-06,1.2245542090312e-05
1.7285,0.95503943902446,0.18034156935083,-5.2173620993134e-06,1.2294590801345e-05
1.72875,0.95611254074296,0.1743552959456,-5.1728470791685e-06,1.2343060378004e-05
1.729,0.95714819719343,0.16836126640283,-5.1280665812577e-06,1.2390958602367e-05
1.72925,0.9581463446882,0.16235970940304,-5.0830228718257e-06,1.2438293076929e-05
1.7295,0.959106920866,0.1563508541924,-5.03771811954e-06,1.248507122884e-05
1.72975,0.96002986469697,0.15033493057426,-4.9921543987113e-06,1.2531300314027e-05
1.73,0.9609151164876,0.14431216890073,-4.9463336923881e-06,1.2576987421188e-05
1.73025,0.96176261788563,0.13828280006414,-4.9002578953309e-06,1.2622139475671e-05
1.7305,0.96257231188462,0.13224705548849,-4.8539288168723e-06,1.2666763243244e-05
1.73075,0.96334414282882,0.12620516712089,-4.8073481836664e-06,1.271086533375e-05
1.731,0.96407805641764,0.120157367423,-4.7605176423337e-06,1.2754452204657e-05
1.73125,0.96477399971019,0.1141038893623,-4.7134387620038e-06,1.2797530164511e-05
1.7315,0.96543192112968,0.10804496640357,-4.6661130367635e-06,1.2840105376278e-05
1.73175,0.96605177046779,0.10198083250007,-4.6185418880103e-06,1.2882183860601e-05
1.732,0.9666334988889,0.09591172208492,-4.5707266667186e-06,1.2923771498954e-05
1.73225,0.96717705893423,0.089837870062343,-4.5226686556205e-06,1.2964874036713e-05
1.7325,0.96768240452599,0.083759511798919,-4.4743690713049e-06,1.3005497086133e-05
1.73275,0.96814949097137,0.077676883114754,-4.4258290662388e-06,1.3045646129242e-05
1.733,0.96857827496635,0.071590220274759,-4.3770497307136e-06,1.3085326520651e-05
1.73325,0.96896871459969,0.065499759979784,-4.3280320947195e-06,1.3124543490288e-05
1.7335,0.96932076935661,0.059405739357775,-4.2787771297514e-06,1.3163302146046e-05
1.73375,0.96963440012243,0.053308395954948,-4.229285750548e-06,1.3201607476365e-05
1.734,0.96990956918621,0.047207967726872,-4.179558816768e-06,1.323946435273e-05
1.73425,0.97014624024424,0.041104693029627,-4.1295971346056e-06,1.327687753211e-05
1.7345,0.97034437840342,0.034998810610874,-4.0794014583467e-06,1.3313851659317e-05
1.73475,0.97050395018463,0.028890559600919,-4.0289724918702e-06,1.3350391269305e-05
1.735,0.97062492352603,0.02278017950381,-3.9783108900944e-06,1.33865007894e-05
1.73525,0.97070726778612,0.016667910188397,-3.9274172603723e-06,1.342218454147e-05
1.7355,0.97075095374692,0.010553991879361,-3.8762921638375e-06,1.3457446744031e-05
1.73575,0.97075595361697,0.0044386651482335,-3.8249361167013e-06,1.3492291514296e-05
1.736,0.97072224103421,-0.0016778290955379,-3.773349591505e-06,1.3526722870163e-05
1.73625,0.97064979106888,-0.0077952496135952,-3.7215330183281e-06,1.3560744732151e-05
1.7365,0.97053858022624,-0.013913354847633,-3.6694867859533e-06,1.3594360925276e-05
1.73675,0.97038858644926,-0.020031902928441,-3.6172112429922e-06,1.3627575180881e-05
1.737,0.97019978912125,-0.026150651684841,-3.5647066989706e-06,1.366039113841e-05
1.73725,0.96997216906836,-0.032269358652732,-3.511973425377e-06,1.3692812347129e-05
1.7375,0.969705708562,-0.038387781084099,-3.4590116566749e-06,1.3724842267808e-05
1.73775,0.96940039132123,-0.044505675955955,-3.40582159128e-06,1.3756484274346e-05
1.738,0.96905620251506,-0.050622799979446,-3.3524033925044e-06,1.3787741655355e-05
1.73825,0.96867312876457,-0.056738909608794,-3.2987571894687e-06,1.3818617615699e-05
1.7385,0.96825115814509,-0.062853761050298,-3.2448830779825e-06,1.3849115277989e-05
1.73875,0.96779028018827,-0.06896711027138,-3.190781121396e-06,1.3879237684035e-05
1.739,0.96729048588396,-0.075078713009555,-3.1364513514228e-06,1.3908987796257e-05
1.73925,0.96675176768216,-0.081188324781443,-3.0818937689346e-06,1.393836849906e-05
1.7395,0.96617411949482,-0.087295700891769,-3.0271083447305e-06,1.3967382600163e-05
1.73975,0.96555753669751,-0.093400596442301,-2.9720950202796e-06,1.3996032831896e-05
1.74,0.96490201613117,-0.099502766340939,-2.9168537084401e-06,1.4024321852459e-05
1.74025,0.96420755610358,-0.10560196531053,-2.861384294154e-06,1.4052252247141e-05
1.7405,0.96347415639092,-0.111697947898,-2.8056866351197e-06,1.4079826529511e-05
1.74075,0.96270181823919,-0.11779046848317,-2.7497605624425e-06,1.4107047142571e-05
1.741,0.96189054436555,-0.12387928128779,-2.6936058812639e-06,1.4133916459873e-05
1.74125,0.96104033895955,-0.12996414038443,-2.6372223713704e-06,1.4160436786612e-05
1.7415,0.96015120768436,-0.13604479970541,-2.5806097877841e-06,1.4186610360679e-05
1.74175,0.95922315767789,-0.14212101305171,-2.5237678613324e-06,1.4212439353687e-05
1.742,0.95825619755384,-0.14819253410187,-2.4666962992015e-06,1.4237925871971e-05
1.74225,0.95725033740266,-0.15425911642086,-2.4093947854716e-06,1.4263071957551e-05
1.7425,0.95620558879242,-0.16032051346894,-2.351862981635e-06,1.4287879589072e-05
1.74275,0.95512196476969,-0.16637647861051,-2.2941005270994e-06,1.4312350682717e-05
1.743,0.95399947986024,-0.17242676512294,-2.2361070396739e-06,1.4336487093089e-05
1.74325,0.95283815006978,-0.1784711262054,-2.1778821160412e-06,1.4360290614069e-05
1.7435,0.95163799288446,-0.18450931498758,-2.1194253322154e-06,1.4383762979649e-05
1.74375,0.95039902727154,-0.19054108453859,-2.0607362439851e-06,1.4406905864739e-05
1.744,0.94912127367977,-0.19656618787556,-2.0018143873437e-06,1.442972088595e-05
1.74425,0.94780475403981,-0.20258437797249,-1.9426592789075e-06,1.445220960235e-05
1.7445,0.94644949176454,-0.20859540776889,-1.8832704163194e-06,1.4474373516203e-05
1.74475,0.94505551174934,-0.21459903017847,-1.8236472786432e-06,1.4496214073683e-05
1.745,0.94362284037226,-0.22059499809781,-1.7637893267446e-06,1.4517732665557e-05
1.74525,0.94215150549414,-0.22658306441501,-1.7036960036618e-06,1.4538930627863e-05
1.7455,0.94064153645868,-0.23256298201826,-1.6433667349655e-06,1.455980924255e-05
1.74575,0.93909296409238,-0.23853450380443,-1.582800929109e-06,1.4580369738109e-05
1.746,0.93750582070452,-0.24449738268765,-1.5219979777673e-06,1.4600613290178e-05
1.74625,0.93588014008696,-0.2504513716078,-1.4609572561684e-06,1.4620541022128e-05
1.7465,0.93421595751393,-0.256396223539,-1.3996781234141e-06,1.4640154005633e-05
1.74675,0.93251330974175,-0.26233169149814,-1.3381599227929e-06,1.4659453261213e-05
1.747,0.93077223500856,-0.2682575285532,-1.2764019820843e-06,1.4678439758768e-05
1.74725,0.92899277303377,-0.2741734878318,-1.2144036138547e-06,1.4697114418088e-05
1.7475,0.92717496501771,-0.28007932252941,-1.1521641157461e-06,1.4715478109344e-05
1.74775,0.92531885364103,-0.28597478591781,-1.0896827707572e-06,1.4733531653568e-05
1.748,0.92342448306412,-0.29185963135333,-1.0269588475166e-06,1.4751275823109e-05
1.74825,0.92149189892647,-0.29773361228515,-9.6399160055072e-07,1.4768711342077e-05
1.7485,0.91952114834591,-0.30359648226351,-9.0078027054372e-07,1.4785838886765e-05
1.74875,0.91751227991786,-0.30944799494791,-8.3732408459183e-07,1.4802659086065e-05
1.749,0.91546534371449,-0.31528790411527,-7.7362225645154e-07,1.4819172521853e-05
1.74925,0.91338039128377,-0.32111596366809,-7.0967398678178e-07,1.4835379729376e-05
1.7495,0.9112574756486,-0.32693192764243,-6.454784633811e-07,1.485128119761e-05
1.74975,0.90909665130569,-0.33273555021609,-5.8103486141916e-07,1.4866877369606e-05
1.75,0.90689797422458,-0.33852658571652,-5.1634234366311e-07,1.4882168642832e-05
1.75025,0.90466150184644,-0.34430478862878,-4.5140006069979e-07,1.489715536948e-05
1.7505,0.9023872930829,-0.35006991360354,-3.8620715115244e-07,1.4911837856781e-05
1.75075,0.90007540831482,-0.35582171546485,-3.20762741894e-07,1.4926216367291e-05
1.751,0.89772590939099,-0.36155994921807,-2.5506594825556e-07,1.4940291119169e-05
1.75125,0.89533885962675,-0.36728437005762,-1.8911587423107e-07,1.495406228644e-05
1.7515,0.89291432380262,-0.37299473337474,-1.2291161267862e-07,1.4967529999248e-05
1.75175,0.89045236816282,-0.37869079476515,-5.6452245517823e-08,1.4980694344091e-05
1.752,0.88795306041374,-0.38437231003677,1.0263156076184e-08,1.4993555364045e-05
1.75225,0.88541646972241,-0.39003903521729,7.7235531481324e-08,1.5006113058981e-05
1.7525,0.88284266671485,-0.39569072656175,1.4446583044099e-07,1.5018367385757e-05
1.75275,0.88023172347446,-0.40132714056003,2.1195501287835e-07,1.5030318258412e-05
1.753,0.87758371354022,-0.40694803394434,2.7970404871383e-07,1.504196554834e-05
1.75325,0.87489871190501,-0.41255316369663,3.4771391768504e-07,1.5053309084449e-05
1.7535,0.87217679501373,-0.41814228705594,4.1598560916844e-07,1.5064348653318e-05
1.75375,0.86941804076148,-0.42371516152571,4.8452012200355e-07,1.5075083999335e-05
1.754,0.86662252849164,-0.42927154488109,5.533184643192e-07,1.5085514824824e-05
1.75425,0.86379033899391,-0.43481119517608,6.2238165336078e-07,1.5095640790166e-05
1.7545,0.86092155450232,-0.44033387075076,6.9171071532013e-07,1.5105461513903e-05
1.75475,0.85801625869317,-0.44583933023832,7.6130668516588e-07,1.511497657283e-05
1.755,0.85507453668297,-0.45132733257213,8.311706064757e-07,1.5124185502087e-05
1.75525,0.85209647502627,-0.45679763699279,9.0130353126965e-07,1.5133087795226e-05
1.7555,0.84908216171351,-0.46225000305497,9.7170651984396e-07,1.5141682904276e-05
1.75575,0.8460316861688,-0.46768419063435,1.0423806406062e-06,1.5149970239796e-05
1.756,0.84294513924766,-0.47309995993444,1.1133269699113e-06,1.5157949170916e-05
1.75625,0.8398226132347,-0.47849707149331,1.1845465918967e-06,1.5165619025368e-05
1.7565,0.83666420184132,-0.48387528619032,1.2560405983202e-06,1.517297908951e-05
1.75675,0.83347000020331,-0.48923436525276,1.3278100883957e-06,1.5180028608335e-05
1.757,0.83024010487843,-0.4945740702624,1.3998561686305e-06,1.518676678547e-05
1.75725,0.82697461384396,-0.49989416316208,1.472179952662e-06,1.5193192783174e-05
1.7575,0.82367362649423,-0.5051944062621,1.5447825610945e-06,1.5199305722312e-05
1.75775,0.82033724363804,-0.51047456224664,1.617665121335e-06,1.520510468233e-05
1.758,0.81696556749617,-0.51573439418011,1.6908287674296e-06,1.5210588701218e-05
1.75825,0.81355870169873,-0.5209736655134,1.7642746398979e-06,1.5215756775459e-05
1.7585,0.81011675128255,-0.52619214009009,1.838003885568e-06,1.5220607859972e-05
1.75875,0.80663982268852,-0.53138958215255,1.9120176574096e-06,1.5225140868047e-05
1.759,0.80312802375888,-0.53656575634808,1.9863171143664e-06,1.5229354671268e-05
1.75925,0.79958146373452,-0.54172042773486,2.0609034211876e-06,1.5233248099423e-05
1.7595,0.79600025325219,-0.54685336178789,2.1357777482573e-06,1.5236819940416e-05
1.75975,0.79238450434175,-0.55196432440485,2.2109412714233e-06,1.5240068940155e-05
1.76,0.78873433042332,-0.55705308191194,2.2863951718236e-06,1.524299380244e-05
1.76025,0.78504984630447,-0.56211940106952,2.3621406357114e-06,1.5245593188842e-05
1.7605,0.78133116817732,-0.56716304907785,2.4381788542784e-06,1.5247865718568e-05
1.76075,0.77757841361568,-0.5721837935826,2.5145110234755e-06,1.524980996832e-05
1.761,0.77379170157208,-0.57718140268038,2.5911383438318e-06,1.5251424472144e-05
1.76125,0.76997115237486,-0.58215564492419,2.668062020271e-06,1.5252707721268e-05
1.7615,0.76611688772521,-0.58710628932874,2.7452832619253e-06,1.5253658163936e-05
1.76175,0.76222903069413,-0.59203310537577,2.8228032819468e-06,1.5254274205227e-05
1.762,0.75830770571945,-0.5969358630192,2.9006232973161e-06,1.5254554206866e-05
1.76225,0.75435303860281,-0.60181433269031,2.9787445286473e-06,1.5254496487032e-05
1.7625,0.75036515650654,-0.60666828530273,3.0571681999913e-06,1.5254099320147e-05
1.76275,0.74634418795066,-0.61149749225746,3.1358955386339e-06,1.5253360936666e-05
1.763,0.74229026280976,-0.61630172544771,3.2149277748924e-06,1.5252279522847e-05
1.76325,0.73820351230984,-0.62108075726376,3.2942661419074e-06,1.5250853220525e-05
1.7635,0.73408406902527,-0.62583436059759,3.3739118754311e-06,1.5249080126862e-05
1.76375,0.72993206687559,-0.6305623088476,3.4538662136117e-06,1.5246958294104e-05
1.764,0.72574764112236,-0.63526437592314,3.5341303967742e-06,1.5244485729312e-05
1.76425,0.721530928366,-0.63994033624894,3.6147056671959e-06,1.5241660394099e-05
1.7645,0.71728206654259,-0.64458996476955,3.6955932688784e-06,1.523848020435e-05
1.76475,0.71300119492073,-0.64921303695357,3.7767944473148e-06,1.523494302993e-05
1.765,0.70868845409826,-0.6538093287979,3.8583104492515e-06,1.5231046694394e-05
1.76525,0.70434398599908,-0.65837861683183,3.9401425224461e-06,1.5226788974672e-05
1.7655,0.69996793386995,-0.66292067812106,4.0222919154189e-06,1.5222167600763e-05
1.76575,0.69556044227723,-0.66743529027165,4.1047598772002e-06,1.5217180255402e-05
1.766,0.69112165710365,-0.67192223143382,4.1875476570713e-06,1.5211824573732e-05
1.76625,0.68665172554507,-0.67638128030571,4.2706565043e-06,1.5206098142958e-05
1.7665,0.68215079610725,-0.68081221613704,4.3540876678702e-06,1.5199998501992e-05
1.76675,0.67761901860257,-0.68521481873265,4.4378423962055e-06,1.5193523141097e-05
1.767,0.67305654414682,-0.68958886845591,4.5219219368856e-06,1.518666950151e-05
1.76725,0.66846352515592,-0.69393414623213,4.606327536358e-06,1.5179434975064e-05
1.7675,0.66384011534269,-0.69825043355176,4.6910604396403e-06,1.5171816903794e-05
1.76775,0.65918646971357,-0.70253751247357,4.776121890018e-06,1.5163812579543e-05
1.768,0.65450274456542,-0.70679516562768,4.8615131287333e-06,1.5155419243546e-05
1.76825,0.64978909748227,-0.71102317621847,4.9472353946673e-06,1.5146634086015e-05
1.7685,0.64504568733204,-0.71522132802746,5.0332899240146e-06,1.5137454245707e-05
1.76875,0.64027267426338,-0.719389405416,5.1196779499488e-06,1.5127876809488e-05
1.769,0.6354702197024,-0.72352719332788,5.2064007022814e-06,1.5117898811881e-05
1.76925,0.63063848634948,-0.72763447729187,5.2934594071112e-06,1.5107517234611e-05
1.7695,0.62577763817607,-0.73171104342404,5.380855286465e-06,1.5096729006133e-05
1.76975,0.62088784042152,-0.73575667843011,5.4685895579298e-06,1.5085531001156e-05
1.77,0.61596925958987,-0.73977116960756,5.5566634342756e-06,1.5073920040153e-05
1.77025,0.61102206344673,-0.74375430484768,5.6450781230679e-06,1.5061892888863e-05
1.7705,0.60604642101611,-0.74770587263753,5.733834826272e-06,1.5049446257781e-05
1.77075,0.60104250257732,-0.75162566206167,5.8229347398451e-06,1.5036576801639e-05
1.771,0.59601047966187,-0.75551346280389,5.9123790533197e-06,1.5023281118877e-05
1.77125,0.59095052505034,-0.75936906514878,6.0021689493757e-06,1.5009555751101e-05
1.7715,0.58586281276942,-0.7631922599831,6.0923056034006e-06,1.4995397182535e-05
1.77175,0.58074751808877,-0.76698283879712,6.1827901830397e-06,1.4980801839457e-05
1.772,0.57560481751808,-0.77074059368577,6.2736238477338e-06,1.4965766089626e-05
1.77225,0.57043488880407,-0.7744653173497,6.3648077482445e-06,1.4950286241703e-05
1.7725,0.56523791092755,-0.77815680309616,6.4563430261683e-06,1.4934358544655e-05
1.77275,0.56001406410049,-0.78181484483976,6.5482308134361e-06,1.491797918715e-05
1.773,0.55476352976315,-0.78543923710314,6.6404722318014e-06,1.490114429694e-05
1.77325,0.54948649058121,-0.7890297750174,6.7330683923139e-06,1.4883849940237e-05
1.7735,0.54418313044302,-0.79258625432247,6.826020394779e-06,1.4866092121072e-05
1.77375,0.53885363445673,-0.79610847136733,6.9193293272037e-06,1.4847866780646e-05
1.774,0.53349818894766,-0.79959622311001,7.0129962652272e-06,1.4829169796669e-05
1.77425,0.52811698145555,-0.80304930711755,7.1070222715363e-06,1.4809996982689e-05
1.7745,0.52271020073194,-0.80646752156568,7.2014083952658e-06,1.4790344087405e-05
1.77475,0.5172780367376,-0.80985066523848,7.2961556713817e-06,1.477020679397e-05
1.775,0.51182068063995,-0.81319853752775,7.3912651200487e-06,1.4749580719286e-05
1.77525,0.5063383248106,-0.81651093843234,7.4867377459808e-06,1.4728461413283e-05
1.7755,0.50083116282291,-0.81978766855724,7.5825745377735e-06,1.4706844358185e-05
1.77575,0.49529938944959,-0.82302852911249,7.6787764672186e-06,1.4684724967766e-05
1.776,0.48974320066044,-0.82623332191203,7.7753444886005e-06,1.4662098586595e-05
1.77625,0.48416279362005,-0.82940184937222,7.8722795379727e-06,1.4638960489264e-05
1.7765,0.47855836668561,-0.83253391451035,7.9695825324158e-06,1.4615305879609e-05
1.77675,0.47293011940481,-0.83562932094282,8.0672543692742e-06,1.4591129889911e-05
1.777,0.46727825251382,-0.83868787288327,8.1652959253721e-06,1.4566427580092e-05
1.77725,0.46160296793523,-0.84170937514041,8.2637080562094e-06,1.4541193936893e-05
1.7775,0.45590446877626,-0.84469363311576,8.362491595133e-06,1.4515423873039e-05
1.77775,0.45018295932684,-0.84764045280116,8.4616473524884e-06,1.4489112226396e-05
1.778,0.44443864505796,-0.85054964077604,8.5611761147453e-06,1.4462253759106e-05
1.77825,0.43867173261998,-0.85342100420458,8.6610786436006e-06,1.4434843156713e-05
1.7785,0.43288242984106,-0.85625435083259,8.761355675057e-06,1.4406875027278e-05
1.77875,0.42707094572574,-0.85904948898424,8.8620079184743e-06,1.4378343900478e-05
1.779,0.42123749045353,-0.86180622755854,8.9630360555963e-06,1.4349244226685e-05
1.77925,0.41538227537767,-0.86452437602563,9.0644407395501e-06,1.4319570376042e-05
1.7795,0.40950551302395,-0.86720374442286,9.1662225938165e-06,1.4289316637516e-05
1.77975,0.40360741708966,-0.86984414335061,9.2683822111739e-06,1.4258477217939e-05
1.78,0.39768820244268,-0.87244538396793,9.3709201526104e-06,1.4227046241037e-05
1.78025,0.39174808512062,-0.87500727798789,9.473836946207e-06,1.4195017746439e-05
1.7805,0.38578728233009,-0.87752963767279,9.5771330859892e-06,1.4162385688677e-05
1.78075,0.3798060124462,-0.88001227582904,9.6808090307458e-06,1.4129143936163e-05
1.781,0.37380449501206,-0.88245500580183,9.7848652028148e-06,1.4095286270163e-05
1.78125,0.36778295073845,-0.88485764146955,9.8893019868354e-06,1.4060806383741e-05
1.7815,0.36174160150372,-0.88721999723795,9.994119728464e-06,1.4025697880697e-05
1.78175,0.35568067035365,-0.88954188803407,1.0099318733054e-05,1.3989954274485e-05
1.782,0.34960038150169,-0.89182312929987,1.02048992643e-05,1.395356898712e-05
1.78225,0.34350096032915,-0.89406353698558,1.0310861542838e-05,1.391653534806e-05
1.7825,0.33738263338567,-0.89626292754283,1.0417205744813e-05,1.387884659308e-05
1.78275,0.33124562838982,-0.89842111791745,1.05239320004e-05,1.3840495863124e-05
1.783,0.32509017422989,-0.90053792554199,1.0631040392283e-05,1.380147620314e-05
1.78325,0.31891650096481,-0.90261316832797,1.0738530954096e-05,1.3761780560906e-05
1.7835,0.31272483982532,-0.90464666465781,1.0846403668811e-05,1.3721401785825e-05
1.78375,0.3065154232153,-0.90663823337648,1.0954658467081e-05,1.3680332627713e-05
1.784,0.30028848471328,-0.90858769378277,1.1063295225544e-05,1.3638565735568e-05
1.78425,0.29404425907419,-0.91049486562034,1.1172313765063e-05,1.3596093656312e-05
1.7845,0.28778298223131,-0.91235956906838,1.1281713848925e-05,1.3552908833529e-05
1.78475,0.28150489129843,-0.91418162473196,1.1391495180987e-05,1.3509003606173e-05
1.785,0.27521022457224,-0.915960853632,1.150165740376e-05,1.3464370207258e-05
1.78525,0.26889922153498,-0.91769707719498,1.1612200096442e-05,1.3419000762537e-05
1.7855,0.26257212285731,-0.91939011724222,1.1723122772894e-05,1.3372887289154e-05
1.78575,0.25622917040141,-0.92103979597881,1.1834424879554e-05,1.3326021694275e-05
1.786,0.24987060722441,-0.9226459359822,1.1946105793286e-05,1.3278395773706e-05
1.78625,0.24349667758204,-0.9242083601904,1.2058164819168e-05,1.3230001210486e-05
1.7865,0.23710762693256,-0.92572689188975,1.2170601188213e-05,1.3180829573457e-05
1.78675,0.23070370194099,-0.9272013547024,1.2283414055021e-05,1.3130872315818e-05
1.787,0.22428515048365,-0.92863157257326,1.2396602495359e-05,1.3080120773657e-05
1.78725,0.21785222165302,-0.93001736975662,1.2510165503668e-05,1.3028566164452e-05
1.7875,0.21140516576286,-0.93135857080234,1.2624101990493e-05,1.2976199585563e-05
1.78775,0.20494423435374,-0.93265500054159,1.2738410779836e-05,1.2923012012692e-05
1.788,0.19846968019889,-0.93390648407212,1.2853090606425e-05,1.2868994298322e-05
1.78825,0.19198175731038,-0.93511284674316,1.2968140112898e-05,1.2814137170134e-05
1.7885,0.18548072094569,-0.93627391413981,1.3083557846903e-05,1.2758431229397e-05
1.78875,0.17896682761467,-0.93738951206692,1.3199342258103e-05,1.2701866949333e-05
1.789,0.1724403350869,-0.93845946653258,1.3315491695086e-05,1.2644434673462e-05
1.78925,0.16590150239941,-0.93948360373102,1.3432004402184e-05,1.2586124613911e-05
1.7895,0.15935058986492,-0.94046175002508,1.3548878516181e-05,1.2526926849706e-05
1.78975,0.15278785908042,-0.94139373192814,1.3666112062922e-05,1.2466831325032e-05
1.79,0.14621357293627,-0.94227937608549,1.3783702953813e-05,1.2405827847464e-05
1.79025,0.13962799562575,-0.9431185092552,1.3901648982201e-05,1.2343906086172e-05
1.7905,0.13303139265508,-0.94391095828844,1.4019947819645e-05,1.2281055570095e-05
1.79075,0.12642403085399,-0.94465655010917,1.4138597012056e-05,1.2217265686079e-05
1.791,0.11980617838682,-0.94535511169335,1.4257593975715e-05,1.2152525676999e-05
1.79125,0.11317810476403,-0.94600647004748,1.4376935993157e-05,1.2086824639827e-05
1.7915,0.10654008085452,-0.94661045218655,1.4496620208913e-05,1.2020151523685e-05
1.79175,0.099892378898242,-0.9471668851114,1.4616643625116e-05,1.1952495127851e-05
1.792,0.093235272519694,-0.9476755957854,1.473700309695e-05,1.1883844099737e-05
1.79225,0.086569036741829,-0.94813641111054,1.4857695327948e-05,1.1814186932823e-05
1.7925,0.079893948000698,-0.94854915790274,1.4978716865123e-05,1.1743511964559e-05
1.79275,0.073210284160798,-0.94891366286663,1.5100064093935e-05,1.1671807374221e-05
1.793,0.066518324531029,-0.94922975256953,1.5221733233075e-05,1.1599061180726e-05
1.79325,0.05981834988146,-0.94949725341472,1.5343720329071e-05,1.1525261240409e-05
1.7935,0.053110642460787,-0.94971599161402,1.5466021250695e-05,1.1450395244747e-05
1.79375,0.046395486014561,-0.9498857931596,1.558863168317e-05,1.1374450718039e-05
1.794,0.039673165804279,-0.95000648379502,1.5711547122172e-05,1.1297415015036e-05
1.79425,0.032943968627253,-0.95007788898547,1.5834762867601e-05,1.1219275318519e-05
1.7945,0.026208182837335,-0.95009983388725,1.5958274017136e-05,1.1140018636821e-05
1.79475,0.019466098366606,-0.95007214331638,1.6082075459529e-05,1.1059631801295e-05
1.795,0.012718006747924,-0.94999464171639,1.6206161867666e-05,1.0978101463716e-05
1.79525,0.0059642011384469,-0.94986715312526,1.633052769135e-05,1.0895414093621e-05
1.7955,-0.00079502365578963,-0.94968950114142,1.6455167149808e-05,1.0811555975589e-05
1.79575,-0.0075593711543507,-0.9494615088889,1.6580074223909e-05,1.0726513206435e-05
1.796,-0.014328543175711,-0.94918299898156,1.6705242648072e-05,1.0640271692348e-05
1.79625,-0.021102239809514,-0.94885379348629,1.6830665901854e-05,1.0552817145927e-05
1.7965,-0.027880159387665,-0.94847371388534,1.6956337201192e-05,1.0464135083154e-05
1.79675,-0.034661998454176,-0.94804258103754,1.70822494893e-05,1.0374210820262e-05
1.797,-0.041447451733844,-0.94756021513866,1.7208395427178e-05,1.0283029470514e-05
1.79725,-0.048236212099547,-0.94702643568053,1.7334767383729e-05,1.0190575940876e-05
1.7975,-0.055027970538267,-0.94644106140923,1.746135742546e-05,1.0096834928589e-05
1.79775,-0.061822416115707,-0.94580391028215,1.7588157305741e-05,1.0001790917612e-05
1.798,-0.068619235939413,-0.94511479942389,1.7715158453591e-05,9.9054281749533e-06
1.79825,-0.075418115120453,-0.94437354508107,1.7842351961982e-05,9.8077307468604e-06
1.7985,-0.082218736733522,-0.94357996257589,1.7969728575611e-05,9.7086824548686e-06
1.79875,-0.08902078177539,-0.94273386625855,1.809727867813e-05,9.6082668916969e-06
1.799,-0.095823929121706,-0.94183506945841,1.8224992278781e-05,9.5064674169783e-06
1.79925,-0.10262785548207,-0.94088338443387,1.8352858998416e-05,9.4032671528106e-06
1.7995,-0.1094322353532,-0.93987862232099,1.848086805486e-05,9.2986489791174e-06
1.79975,-0.11623674097035,-0.93882059308074,1.8609008247568e-05,9.1925955287998e-06
1.8,-0.12304104225663,-0.93770910544494,1.8737267941542e-05,9.0850891826654e-06
1.80025,-0.12984480677037,-0.93654396686078,1.8865635050459e-05,8.9761120641143e-06
1.8005,-0.13664769965039,-0.93532498343392,1.8994097018945e-05,8.8656460335628e-06
1.80075,-0.14344938355893,-0.93405195987014,1.9122640803963e-05,8.7536726825826e-06
1.801,-0.1502495186225,-0.93272469941553,1.9251252855229e-05,8.6401733277304e-06
1.80125,-0.15704776237014,-0.93134300379507,1.9379919094611e-05,8.5251290040419e-06
1.8015,-0.16384376966937,-0.92990667314978,1.9508624894429e-05,8.4085204581602e-06
1.80175,-0.17063719265948,-0.92841550597211,1.9637355054576e-05,8.290328141066e-06
1.802,-0.17742768068214,-0.92686929903989,1.976609377839e-05,8.1705322003736e-06
1.80225,-0.18421488020931,-0.92526784734839,1.9894824647174e-05,8.0491124721529e-06
1.8025,-0.19099843476815,-0.92361094404089,2.0023530593263e-05,7.9260484722332e-06
1.80275,-0.19777798486295,-0.92189838033734,2.0152193871542e-05,7.801319386941e-06
1.803,-0.20455316789398,-0.92012994546131,2.0280796029286e-05,7.6749040632164e-06
1.80325,-0.21132361807304,-0.91830542656509,2.0409317874196e-05,7.5467809980489e-06
1.8035,-0.21808896633553,-0.91642460865292,2.0537739440488e-05,7.4169283271676e-06
1.80375,-0.22484884024916,-0.91448727450235,2.066603995289e-05,7.2853238129088e-06
1.804,-0.23160286391881,-0.9124932045836,2.079419778836e-05,7.1519448311827e-06
1.80425,-0.23835065788762,-0.91044217697695,2.0922190435355e-05,7.0167683574446e-06
1.8045,-0.24509183903418,-0.90833396728808,2.1049994450437e-05,6.8797709515696e-06
1.80475,-0.25182602046536,-0.9061683485614,2.1177585411995e-05,6.7409287415192e-06
1.805,-0.25855281140503,-0.90394509119116,2.1304937870831e-05,6.6002174056677e-06
1.80525,-0.26527181707805,-0.90166396283047,2.1432025297345e-05,6.4576121536521e-06
1.8055,-0.27198263858978,-0.89932472829811,2.1558820025004e-05,6.3130877055806e-06
1.80575,-0.27868487280052,-0.89692714948304,2.168529318977e-05,6.1666182694233e-06
1.806,-0.28537811219488,-0.89447098524669,2.1811414665117e-05,6.0181775163854e-06
1.80625,-0.29206194474589,-0.89195599132285,2.193715299222e-05,5.8677385540322e-06
1.8065,-0.29873595377353,-0.88938192021524,2.2062475304865e-05,5.7152738969156e-06
1.80675,-0.30539971779741,-0.88674852109259,2.2187347248571e-05,5.5607554344117e-06
1.807,-0.3120528103835,-0.88405553968135,2.2311732893361e-05,5.4041543954441e-06
1.80725,-0.31869479998454,-0.88130271815578,2.2435594639552e-05,5.2454413097271e-06
1.8075,-0.32532524977384,-0.87848979502563,2.2558893115853e-05,5.0845859651075e-06
1.80775,-0.33194371747232,-0.87561650502107,2.2681587068994e-05,4.9215573605335e-06
1.808,-0.33854975516832,-0.87268257897519,2.2803633243998e-05,4.7563236541104e-06
1.80825,-0.34514290912999,-0.86968774370365,2.2924986254107e-05,4.5888521056262e-06
1.8085,-0.35172271960992,-0.86663172188176,2.3045598439238e-05,4.4191090128438e-06
1.80875,-0.35828872064159,-0.86351423191881,2.3165419711735e-05,4.2470596407592e-06
1.809,-0.36484043982739,-0.86033498782953,2.3284397387975e-05,4.0726681428954e-06
1.80925,-0.37137739811775,-0.85709369910294,2.3402476004253e-05,3.8958974735788e-06
1.8095,-0.37789910958107,-0.8537900705682,2.3519597115107e-05,3.7167092899713e-06
1.80975,-0.38440508116393,-0.85042380225773,2.363569907205e-05,3.5350638424487e-06
1.81,-0.39089481244127,-0.84699458926745,2.3750716780349e-05,3.3509198516963e-06
1.81025,-0.397367795356,-0.84350212161407,2.3864581431204e-05,3.1642343706245e-06
1.8105,-0.40382351394761,-0.83994608408958,2.3977220206271e-05,2.9749626289059e-06
1.81075,-0.41026144406929,-0.83632615611276,2.4088555951053e-05,2.7830578575697e-06
1.811,-0.416681053093,-0.83264201157784,2.4198506813179e-05,2.5884710906485e-06
1.81125,-0.42308179960196,-0.82889331870025,2.4306985840968e-05,2.3911509403691e-06
1.8115,-0.4294631330701,-0.82507973985946,2.4413900537009e-05,2.1910433417471e-06
1.81175,-0.43582449352761,-0.82120093143895,2.4519152360663e-05,1.9880912617161e-06
1.812,-0.44216531121229,-0.81725654366339,2.4622636172413e-05,1.7822343670267e-06
1.81225,-0.44848500620575,-0.81324622043289,2.4724239611903e-05,1.573408644073e-06
1.8125,-0.45478298805401,-0.80916959915464,2.4823842400113e-05,1.3615459625034e-06
1.81275,-0.46105865537152,-0.80502631057169,2.4921315554587e-05,1.1465735728867e-06
1.813,-0.46731139542817,-0.80081597858919,2.5016520504709e-05,9.2841352676051e-07
1.81325,-0.47354058371811,-0.79653822009798,2.5109308091792e-05,7.069820050196e-07
1.8135,-0.47974558350987,-0.79219264479579,2.5199517436066e-05,4.8218853766631e-07
1.81375,-0.48592574537673,-0.787778855006,2.5286974649415e-05,2.5393509432413e-07
1.814,-0.49208040670645,-0.78329644549419,2.5371491368849e-05,2.2115020412055e-08
1.81425,-0.49820889118935,-0.77874500328261,2.5452863081014e-05,-2.1338821175784e-07
1.8145,-0.50431050828389,-0.77412410746269,2.5530867202383e-05,-4.5270247475982e-07
1.81475,-0.5103845526584,-0.76943332900579,2.5605260872873e-05,-6.9596872743335e-07
1.815,-0.51643030360814,-0.76467223057243,2.5675778412277e-05,-9.4334308391731e-07
1.81525,-0.52244702444626,-0.75984036632024,2.5742128378614e-05,-1.1949992828452e-06
1.8155,-0.52843396186757,-0.75493728171079,2.5803990154937e-05,-1.4511316477951e-06
1.81575,-0.53439034528377,-0.7499625133157,2.5861009975693e-05,-1.7119586540965e-06
1.816,-0.54031538612877,-0.74491558862236,2.591279628461e-05,-1.9777272483516e-06
1.81625,-0.54620827713264,-0.73979602583951,2.5958914292561e-05,-2.248718107998e-06
1.8165,-0.5520681915627,-0.73460333370319,2.5998879574593e-05,-2.5252520823229e-06
1.81675,-0.55789428243016,-0.72933701128348,2.6032150509121e-05,-2.8076981283011e-06
1.817,-0.56368568166067,-0.7239965477924,2.6058119317323e-05,-3.0964831511853e-06
1.81725,-0.56944149922679,-0.71858142239376,2.6076101405092e-05,-3.3921042903877e-06
1.8175,-0.57516082224095,-0.71309110401523,2.6085322641127e-05,-3.6951443695582e-06
1.81775,-0.58084271400647,-0.70752505116353,2.6084904120313e-05,-4.0062914755946e-06
1.818,-0.58648621302495,-0.70188271174339,2.6073843859223e-05,-4.3263639736021e-06
1.81825,-0.59209033195756,-0.69616352288094,2.6050994748874e-05,-4.6563427464507e-06
1.8185,-0.59765405653828,-0.69036691075254,2.6015037950348e-05,-4.9974131328469e-06
1.81875,-0.60317634443622,-0.68449229041994,2.5964450769296e-05,-5.3510200243453e-06
1.819,-0.60865612406499,-0.6785390656727,2.5897467907245e-05,-5.7189410194238e-06
1.81925,-0.6140922933359,-0.67250662887919,2.5812034910877e-05,-6.103384654947e-06
1.8195,-0.61948371835267,-0.66639436084715,2.5705752732752e-05,-6.5071239099404e-06
1.81975,-0.62482923204413,-0.66020163069535,2.5575812803475e-05,-6.9336799906195e-06
1.82,-0.63012763273215,-0.65392779573776,2.5418923360544e-05,-7.3875788069099e-06
1.82025,-0.63537768263118,-0.64757220138171,2.5231230940395e-05,-7.87471408411e-06
1.8205,-0.64057810627591,-0.64113418104205,2.5008247902511e-05,-8.4028692507187e-06
1.82075,-0.64572758887332,-0.63461305607292,2.4744811782316e-05,-8.9824792460604e-06
1.821,-0.650824774575,-0.62800813571947,2.4435134035681e-05,-9.6277598561054e-06
1.82125,-0.65586826466558,-0.62131871709173,2.4073063583688e-05,-1.0358406275058e-05
1.8215,-0.66085661566269,-0.61454408516315,2.3652836971939e-05,-1.1202177684227e-05
1.82175,-0.66578833732369,-0.60768351279658,2.317090708977e-05,-1.2198849895577e-05
1.822,-0.67066189055396,-0.6007362608008,2.2630150383978e-05,-1.3406201373574e-05
1.82225,-0.67547568521143,-0.59370157802081,2.2049319724146e-05,-1.4908677481963e-05
1.8225,-0.6802280778014,-0.58657870146573,2.1483980337368e-05,-1.6828201235309e-05
1.82275,-0.68491736905557,-0.57936685647826,2.1071619963285e-05,-1.9330776133359e-05
1.823,-0.68954180138862,-0.57206525695029,2.1121119309989e-05,-2.2601097302232e-05
1.82325,-0.69409955622523,-0.56467310558963,2.2247882683323e-05,-2.6696963826075e-05
1.8235,-0.69858875119016,-0.55718959424344,2.5389376188654e-05,-3.1116243349156e-05
1.82375,-0.70300743715321,-0.54961390428441,3.1099767871953e-05,-3.4214891987651e-05
1.824,-0.70735359512055,-0.54194520706681,3.7996589582077e-05,-3.3940151354864e-05
1.82425,-0.7116251329633,-0.53418266445994,4.3223829806569e-05,-3.0423811731517e-05
1.8245,-0.71581988197355,-0.52632542946759,4.5562946677311e-05,-2.5945047270589e-05
1.82475,-0.71993559323765,-0.51837264694334,4.5831571549005e-05,-2.2188796119039e-05
1.825,-0.72396993381556,-0.51032345441234,4.5133814159634e-05,-1.9537888443416e-05
1.82525,-0.72792048271487,-0.50217698301198,4.4125342344656e-05,-1.7803451284308e-05
1.8255,-0.73178472664721,-0.49393235856504,4.3096413562648e-05,-1.6715970882449e-05
1.82575,-0.73556005555415,-0.48558870280091,4.2152895094916e-05,-1.6064775417895e-05
1.826,-0.73924375788943,-0.47714513474232,4.1322211596625e-05,-1.5706919346212e-05
1.82625,-0.74283301564349,-0.46860077227708,4.0601718249224e-05,-1.5549096878502e-05
1.8265,-0.74632489909634,-0.45995473393706,3.9978862407381e-05,-1.5530543044681e-05
1.82675,-0.74971636128424,-0.45120614090937,3.9439136035822e-05,-1.5611200233109e-05
1.827,-0.75300423216598,-0.44235411930721,3.8968975664134e-05,-1.576418829905e-05
1.82725,-0.75618521247451,-0.433397802732,3.8556627168406e-05,-1.597111528201e-05
1.8275,-0.7592558672405,-0.42433633516121,3.8192224536519e-05,-1.6219150689743e-05
1.82775,-0.76221261897521,-0.41516887420072,3.7867594458239e-05,-1.6499176357118e-05
1.828,-0.76505174050138,-0.40589459474435,3.7575991995208e-05,-1.680459877141e-05
1.82825,-0.76776934742298,-0.39651269308747,3.7311845124677e-05,-1.7130572467538e-05
1.8285,-0.77036139022683,-0.38702239154632,3.7070533442953e-05,-1.747348297469e-05
1.82875,-0.77282364601241,-0.37742294363873,3.6848205363144e-05,-1.7830596487269e-05
1.829,-0.7751517098498,-0.36771363988656,3.6641630458645e-05,-1.8199818507462e-05
1.82925,-0.77734098577026,-0.35789381430464,3.6448081403412e-05,-1.8579524928822e-05
1.8295,-0.77938667739866,-0.34796285164448,3.6265239915632e-05,-1.8968442064349e-05
1.82975,-0.7812837782433,-0.33792019546494,3.6091121812982e-05,-1.9365560256622e-05
1.83,-0.7830270616641,-0.3277653571052,3.5924017154997e-05,-1.9770070866245e-05
1.83025,-0.78461107054744,-0.31749792563748,3.5762442259643e-05,-2.018131975874e-05
1.8305,-0.78603010672228,-0.30711757887889,3.5605101067738e-05,-2.0598772584717e-05
1.83075,-0.78727822015941,-0.29662409554304,3.5450853882815e-05,-2.1021988591963e-05
1.831,-0.78834919800212,-0.28601736861218,3.5298691950337e-05,-2.1450600680148e-05
1.83125,-0.78923655348304,-0.27529742001089,3.5147716679519e-05,-2.1884300071901e-05
1.8315,-0.78993351478775,-0.26446441666197,3.4997122573447e-05,-2.2322824432159e-05
1.83175,-0.79043301393044,-0.2535186880049,3.484618313565e-05,-2.2765948587819e-05
1.832,-0.79072767571169,-0.24246074505764,3.4694239177671e-05,-2.3213477226158e-05
1.83225,-0.79080980683154,-0.23129130110351,3.4540689073141e-05,-2.3665239112168e-05
1.8325,-0.79067138523482,-0.22001129408767,3.4384980597747e-05,-2.4121082481717e-05
1.83275,-0.79030404976845,-0.20862191081184,3.4226604067626e-05,-2.4580871352489e-05
1.833,-0.78969909023447,-0.1971246130226,3.4065086545948e-05,-2.5044482557245e-05
1.83325,-0.78884743792762,-0.18552116549802,3.3899986932398e-05,-2.551180335037e-05
1.8335,-0.78773965675356,-0.17381366624841,3.3730891785738e-05,-2.5982729473421e-05
1.83375,-0.78636593503431,-0.1620045789618,3.3557411757794e-05,-2.6457163591668e-05
1.834,-0.78471607812212,-0.15009676784033,3.3379178539601e-05,-2.6935014033581e-05
1.83425,-0.78277950196261,-0.13809353499163,3.3195842238399e-05,-2.7416193780601e-05
1.8345,-0.78054522777376,-0.12599866055711,3.3007069118563e-05,-2.7900619666481e-05
1.83475,-0.77800187803958,-0.11381644577672,3.2812539651222e-05,-2.838821175481e-05
1.835,-0.77513767405668,-0.10155175920499,3.261194682674e-05,-2.8878892870821e-05
1.83525,-0.77194043531863,-0.089210086305996,3.2404994691931e-05,-2.9372588269565e-05
1.8355,-0.76839758107706,-0.07679758266221,3.2191397080185e-05,-2.9869225427486e-05
1.83575,-0.76449613447994,-0.064321131034236,3.1970876507813e-05,-3.0368733948585e-05
1.836,-0.7602227297552,-0.051788402502736,3.1743163214238e-05,-3.0871045579977e-05
1.83625,-0.75556362298253,-0.039207921909285,3.1507994327138e-05,-3.1376094334834e-05
1.8365,-0.7505047070765,-0.026589137789091,3.1265113136646e-05,-3.1883816723723e-05
1.83675,-0.74503153168916,-0.013942496952379,3.1014268465134e-05,-3.2394152098235e-05
1.837,-0.73912932883038,-0.0012795238234665,3.0755214121232e-05,-3.290704311372e-05
1.83725,-0.73278304509804,0.011387095415688,3.0487708428463e-05,-3.3422436320979e-05
1.8375,-0.72597738150607,0.024043423908862,3.0211513820433e-05,-3.3940282900138e-05
1.83775,-0.71869684199761,0.036674180562446,2.9926396495801e-05,-3.4460539553597e-05
1.838,-0.71092579182909,0.049262642077507,2.9632126127454e-05,-3.4983169579237e-05
1.83825,-0.7026485271095,0.06179054095624,2.9328475621367e-05,-3.5508144150056e-05
1.8385,-0.69384935687369,0.074237960023666,2.9015220921597e-05,-3.6035443832344e-05
1.83875,-0.68451269915741,0.08658322419509,2.8692140858881e-05,-3.6565060381621e-05
1.839,-0.67462319262036,0.098802790440492,2.8359017041216e-05,-3.7096998864288e-05
1.83925,-0.6641658253278,0.11087113715049,2.8015633785917e-05,-3.763128016357e-05
1.8395,-0.65312608234393,0.12276065439962,2.7661778093756e-05,-3.8167943941569e-05
1.83975,-0.64149011380587,0.13444153693194,2.7297239667218e-05,-3.8707052145671e-05
1.84,-0.62924492512489,0.14588168206378,2.6921810976556e-05,-3.9248693168241e-05
1.84025,-0.61637859089181,0.15704659511057,2.6535287379467e-05,-3.9792986794675e-05
1.8405,-0.60288049393484,0.16789930539486,2.6137467302989e-05,-4.0340090108136e-05
1.84075,-0.58874159077507,0.17840029638202,2.572815249986e-05,-4.0890204562002e-05
1.841,-0.57395470443359,0.18850745400877,2.5307148396563e-05,-4.1443584486176e-05
1.84125,-0.55851484514801,0.19817603781052,2.4874264557026e-05,-4.2000547365166e-05
1.8415,-0.54241955903618,0.20735868000308,2.4429315295377e-05,-4.2561486320121e-05
1.84175,-0.52566930408678,0.21600541821184,2.3972120484326e-05,-4.3126885351663e-05
1.842,-0.50826785204089,0.22406376804504,2.3502506624468e-05,-4.3697338067038e-05
1.84225,-0.49022271374301,0.23147884214484,2.302030826666e-05,-4.4273570839877e-05
1.8425,-0.47154558437429,0.23819352268287,2.2525369918641e-05,-4.4856471657182e-05
1.84275,-0.45225280363047,0.24414869445068,2.2017548624352e-05,-4.5447126330383e-05
1.843,-0.432365824376,0.24928354567797,2.1496717489804e-05,-4.6046864336057e-05
1.84325,-0.41191168161212,0.25353594343434,2.0962770558192e-05,-4.6657317383562e-05
1.8435,-0.39092345176736,0.25684288987098,2.0415629634493e-05,-4.7280494997881e-05
1.84375,-0.36944069040453,0.25914106457403,1.9855253967559e-05,-4.7918883137448e-05
1.844,-0.3475098345048,0.26036745686841,1.9281654185923e-05,-4.8575574425045e-05
1.84425,-0.32518455362638,0.26046008997798,1.8694912673165e-05,-4.9254442417634e-05
1.8445,-0.30252603255821,0.25935883647376,1.8095213873821e-05,-4.9960378241452e-05
1.84475,-0.27960316672898,0.25700632141126,1.7482890229972e-05,-5.0699617162463e-05
1.845,-0.25649265074761,0.25334890598258,1.6858493288525e-05,-5.1480197489625e-05
1.84525,-0.23327894020747,0.24833774044363,1.6222906394554e-05,-5.2312618623994e-05
1.8455,-0.21005406745555,0.24192987062024,1.5577528114372e-05,-5.3210806466362e-05
1.84575,-0.18691729357278,0.23408937760443,1.4924580004849e-05,-5.4193566944865e-05
1.846,-0.1639745814699,0.22478852553338,1.426764148053e-05,-5.5286840387907e-05
1.84625,-0.14133787886707,0.21400888786285,1.3612618232455e-05,-5.6527319932356e-05
1.8465,-0.11912420502996,0.20174241861799,1.2969582665482e-05,-5.7968496347919e-05
1.84675,-0.097454541422706,0.18799243206684,1.2356480987118e-05,-5.9691244578475e-05
1.847,-0.076452533764712,0.17277445247248,1.1807150174504e-05,-6.1823440088379e-05
1.84725,-0.056243021083808,0.15611689536775,1.1390265647802e-05,-6.4578871259414e-05
1.8475,-0.036950415877231,0.1380615434421,1.1259535534598e-05,-6.8341107636692e-05
1.84775,-0.018696967965846,0.11866378382243,1.180847546769e-05,-7.3863180241839e-05
1.848,-0.0016009525169067,0.097992579330409,1.4259786947005e-05,-8.2795264986191e-05
1.84825,0.014225170550429,0.076130154121919,2.3704663519023e-05,-9.9030654123988e-05
1.8485,0.028676573537303,0.05317138370221,7.049752653058e-05,-0.00012233052665674
1.84875,0.041657799259315,0.029222890239168,0.00012347956589003,-1.2305814320428e-05
1.849,0.053084365375894,0.0044018557947633,4.2583442431011e-05,4.2411162862382e-06
1.84925,0.062884182034809,-0.021165422125036,2.0501462118707e-05,-1.2148003085848e-05
1.8495,0.070998735485171,-0.047345197182749,1.2687435189358e-05,-2.1830055111252e-05
1.84975,0.07738399828438,-0.073998117742773,8.7199652917184e-06,-2.7693104613411e-05
1.85,0.082011036878515,-0.10098119442155,6.1715635588584e-06,-3.1546888877185e-05
1.85025,0.084866299073811,-0.12814983367008,4.2634813069988e-06,-3.4244229132164e-05
1.8505,0.085951576511572,-0.15535987723482,2.6850126008898e-06,-3.6217574919966e-05
1.85075,0.085283649920808,-0.18246958819892,1.2921613960694e-06,-3.7705400605603e-05
1.851,0.082893636868708,-0.20934152806165,1.0609255870817e-08,-3.8848735026248e-05
1.85125,0.078826072255704,-0.23584427564048,-1.2011942341351e-06,-3.9735780947649e-05
1.8515,0.073137760342219,-0.26185394697017,-2.3679262107026e-06,-4.0424224129967e-05
1.85175,0.065896443260873,-0.28725548519629,-3.5049236576974e-06,-4.0953166482266e-05
1.852,0.057179334572226,-0.31194370003761,-4.6220359157935e-06,-4.1349882731037e-05
1.85225,0.047071567474389,-0.33582404704042,-5.7257203842412e-06,-4.1633834357265e-05
1.8525,0.035664605963777,-0.35881314695467,-6.8202420486903e-06,-4.1819153723924e-05
1.85275,0.023054663894297,-0.38083905461822,-7.9083897181208e-06,-4.1916236525023e-05
1.853,0.0093411719216141,-0.4018412943626,-8.9919190064599e-06,-4.1932794386576e-05
1.85325,-0.0053746737773716,-0.42177068492343,-1.0071834371078e-05,-4.1874569671329e-05
1.8535,-0.020991253872153,-0.44058898106101,-1.1148572903402e-05,-4.1745832746176e-05
1.85375,-0.037407739155113,-0.4582683616053,-1.2222126205366e-05,-4.1549735587352e-05
1.854,-0.054525161328522,-0.47479079457347,-1.3292122113848e-05,-4.1288568402421e-05
1.85425,-0.072247334194703,-0.49014730957604,-1.435787969549e-05,-4.0963949522477e-05
1.8545,-0.090481623717966,-0.50433720618076,-1.5418446012199e-05,-4.0576968631233e-05
1.85475,-0.10913957015019,-0.51736722451541,-1.6472620172958e-05,-4.0128296928514e-05
1.855,-0.12813736921539,-0.52925070142408,-1.7518968334234e-05,-3.9618273628816e-05
1.85525,-0.14739622223391,-0.54000673219238,-1.855583213689e-05,-3.9046975420367e-05
1.8555,-0.16684256708422,-0.54965935443667,-1.9581332311235e-05,-3.8414273642838e-05
1.85575,-0.18640820313266,-0.55823676738238,-2.0593368689113e-05,-3.7719882665946e-05
1.856,-0.20603032381957,-0.56577059657079,-2.158961753974e-05,-3.6963402066785e-05
1.85625,-0.22565147058814,-0.57229521112423,-2.2567526936584e-05,-3.6144354582614e-05
1.8565,-0.24521942140031,-0.57784709812615,-2.3524310730106e-05,-3.526222137393e-05
1.85675,-0.26468702631375,-0.58246429646363,-2.4456941622529e-05,-3.4316475813829e-05
1.857,-0.28401200159531,-0.58618589063994,-2.5362143801254e-05,-3.3306616785626e-05
1.85725,-0.30315669270774,-0.58905156358217,-2.6236385577274e-05,-3.2232202294865e-05
1.8575,-0.3220878153011,-0.59110120631693,-2.7075872487616e-05,-3.1092884064964e-05
1.85775,-0.34077618212323,-0.59237458153264,-2.7876541351741e-05,-2.9888443673798e-05
1.858,-0.35919642258268,-0.5929110374513,-2.8634055817775e-05,-2.8618830690605e-05
1.85825,-0.37732670058165,-0.59274926805796,-2.9343803992655e-05,-2.7284203179873e-05
1.8585,-0.39514843520764,-0.59192711554251,-3.0000898818033e-05,-2.5884970844205e-05
1.85875,-0.41264602794475,-0.59048141076119,-3.0600181928432e-05,-2.4421840974935e-05
1.859,-0.429806599242,-0.58844784759225,-3.1136231806145e-05,-2.2895867261913e-05
1.85925,-0.44661973655885,-0.58586088721152,-3.160337712475e-05,-2.1308501377192e-05
1.8595,-0.46307725539392,-0.5827536885274,-3.1995716244403e-05,-1.9661647086672e-05
1.85975,-0.47917297428314,-0.57915806126799,-3.2307143880926e-05,-1.7957716455483e-05
1.86,-0.4949025043239,-0.57510443849166,-3.2531386008998e-05,-1.6199687494121e-05
1.86025,-0.51026305342973,-0.57062186558106,-3.2662044067894e-05,-1.4391162342081e-05
1.8605,-0.5252532452392,-0.56573800307073,-3.2692649505163e-05,-1.2536424804795e-05
1.86075,-0.53987295238273,-0.56047914094159,-3.2616729606874e-05,-1.0640495751694e-05
1.861,-0.55412314364306,-0.5548702222862,-3.2427885409223e-05,-8.7091845555922e-06
1.86125,-0.56800574442202,-0.54893487450357,-3.2119882252037e-05,-6.7491344176269e-06
1.8615,-0.5815235098402,-0.54269544641843,-3.168675320725e-05,-4.7678590941926e-06
1.86175,-0.59467990974028,-0.53617304993642,-3.1122915184864e-05,-2.7737682447722e-06
1.862,-0.60747902483394,-0.52938760504339,-3.0423296979214e-05,-7.7617837965907e-07
1.86225,-0.61992545322162,-0.52235788713321,-2.9583477870169e-05,1.2146937630167e-06
1.8625,-0.63202422651845,-0.51510157580663,-2.8599834646848e-05,3.1877586039089e-06
1.86275,-0.64378073483639,-0.50763530442282,-2.7469694095961e-05,5.1311049226899e-06
1.863,-0.65520065989817,-0.49997470980801,-2.619148712712e-05,7.032077576012e-06
1.86325,-0.66628991558974,-0.49213448163293,-2.4764899841387e-05,8.8773838572968e-06
1.8635,-0.67705459529488,-0.48412841106332,-2.319101604931e-05,1.0653229787556e-05
1.86375,-0.68750092539356,-0.47596943836862,-2.1472445085124e-05,1.2345486532207e-05
1.864,-0.69763522434658,-0.46766969924206,-1.9613428326783e-05,1.3939885803402e-05
1.86425,-0.70746386682905,-0.45924056964465,-1.7619917700389e-05,1.5422241574772e-05
1.8645,-0.71699325241531,-0.45069270903477,-1.5499619698095e-05,1.6778693779323e-05
1.86475,-0.72622977835753,-0.44203610188702,-1.3261999127669e-05,1.7995967983315e-05
1.865,-0.73517981603697,-0.4332800974388,-1.0918237968171e-05,1.9061643454746e-05
1.86525,-0.74384969070335,-0.42443344763217,-8.4811463183994e-06,1.9964420715073e-05
1.8655,-0.75224566415125,-0.41550434324204,-5.9650244365881e-06,2.069437871895e-05
1.86575,-0.7603739200143,-0.40650044820093,-3.3854771770534e-06,2.1243211376423e-05
1.866,-0.76824055138745,-0.39742893214662,-7.5918458459906e-07,2.1604433311048e-05
1.86625,-0.77585155051527,-0.38829650123025,1.8963651696627e-06,2.1773545583971e-05
1.8665,-0.78321280030928,-0.3791094272329,4.5631721318709e-06,2.1748153597423e-05
1.86675,-0.79033006748103,-0.36987357504506,7.2230400310507e-06,2.1528031447043e-05
1.867,-0.79720899709868,-0.36059442856901,9.8578995097885e-06,2.1115129486315e-05
1.86725,-0.80385510839472,-0.3512771151078,1.2450127254675e-05,2.0513524615524e-05
1.8675,-0.81027379167012,-0.3419264283062,1.4982849393982e-05,1.9729315600338e-05
1.86775,-0.81647030615644,-0.33254684971093,1.7440218482871e-05,1.8770468344273e-05
1.868,-0.82244977871223,-0.32314256901705,1.9807654981796e-05,1.7646618287062e-05
1.86825,-0.82821720324331,-0.31371750306724,2.2072046207203e-05,1.6368838820135e-05
1.8685,-0.83377744074854,-0.30427531366973,2.4221898113712e-05,1.4949385700223e-05
1.86875,-0.83913521990357,-0.29481942429885,2.6247437756428e-05,1.3401427865178e-05
1.869,-0.84429513810498,-0.28535303574047,2.8140666690119e-05,1.1738774837888e-05
1.86925,-0.84926166290568,-0.27587914074273,2.9895367724629e-05,9.9756101233923e-06
1.8695,-0.8540391337808,-0.26640053772976,3.1507069248421e-05,8.1262387790411e-06
1.86975,-0.85863176417001,-0.25691984363384,3.2972972677604e-05,6.2048558082178e-06
1.87,-0.86304364374863,-0.24743950589939,3.4291849456955e-05,4.2253403397619e-06
1.87025,-0.86727874088591,-0.2379618137087,3.5463914446275e-05,2.2010788431413e-06
1.8705,-0.87134090525337,-0.22848890847795,3.6490682517782e-05,1.4481900814211e-07
1.87075,-0.87523387055107,-0.21902279366869,3.7374814839613e-05,-1.9314455262255e-06
1.871,-0.87896125732366,-0.20956534395785,3.8119960710143e-05,-4.0165606185586e-06
1.87125,-0.88252657584136,-0.20011831380716,3.8730600023706e-05,-6.1002692198413e-06
1.8715,-0.88593322902463,-0.19068334546995,3.9211890570392e-05,-8.1732437696352e-06
1.87175,-0.88918451539389,-0.18126197647191,3.9569523470207e-05,-1.0227096477928e-05
1.872,-0.8922836320282,-0.17185564659945,3.9809589170096e-05,-1.2254370786681e-05
1.87225,-0.89523367751918,-0.16246570442771,3.993845563159e-05,-1.4248517330443e-05
1.8725,-0.89803765490823,-0.15309341341828,3.9962659633068e-05,-1.6203857596409e-05
1.87275,-0.90069847459707,-0.14373995761471,3.988881151768e-05,-1.8115538259968e-05
1.873,-0.90321895722311,-0.13440644696205,3.9723513239232e-05,-1.9979478877749e-05
1.87325,-0.90560183649238,-0.12509392227541,3.9473289189777e-05,-2.1792315287143e-05
1.8735,-0.90784976196418,-0.11580335988039,3.9144529025009e-05,-2.3551340714269e-05
1.87375,-0.90996530178259,-0.10653567594716,3.8743441524274e-05,-2.5254446250322e-05
1.874,-0.91195094535074,-0.097291730538441,3.8276018417233e-05,-2.6900062033253e-05
1.87425,-0.9138091059449,-0.088072331390194,3.774800706492e-05,-2.8487100176695e-05
1.8745,-0.91554212326584,-0.078878237442863,3.716489088569e-05,-3.001490022623e-05
1.87475,-0.91715226592564,-0.069710162139561,3.6531876454485e-05,-3.1483177696761e-05
1.875,-0.91864173386881,-0.060568776506654,3.5853886266433e-05,-3.2891976053541e-05
1.87525,-0.92001266072681,-0.051454712031281,3.5135556234492e-05,-3.4241622341871e-05
1.8755,-0.92126711610562,-0.042368563349038,3.4381237078521e-05,-3.5532686543652e-05
1.87575,-0.92240710780633,-0.033310890754627,3.3594998854504e-05,-3.676594463955e-05
1.876,-0.923434583979,-0.024282222547008,3.2780637963394e-05,-3.794234528007e-05
1.87625,-0.92435143521028,-0.015283057220062,3.194168606646e-05,-3.9062979913543e-05
1.8765,-0.92515949654557,-0.0063138655090455,3.1081420415957e-05,-4.0129056180693e-05
1.87675,-0.92586054944658,0.0026249076977637,3.020287518521e-05,-4.1141874360936e-05
1.877,-0.92645632368535,0.011532841573299,2.9308853450303e-05,-4.2102806642031e-05
1.87725,-0.92694849917593,0.020409537683403,2.8401939536114e-05,-4.3013278979767e-05
1.8775,-0.92733870774505,0.029254618428493,2.748451149268e-05,-4.387475531614e-05
1.87775,-0.92762853484307,0.038067725587693,2.6558753514176e-05,-4.4688723930925e-05
1.878,-0.92781952119666,0.046848518958926,2.5626668152545e-05,-4.5456685711622e-05
1.87825,-0.92791316440471,0.055596675088585,2.4690088211632e-05,-4.6180144139022e-05
1.8785,-0.92791092047901,0.06431188608484,2.3750688236271e-05,-4.6860596799398e-05
1.87875,-0.92781420533116,0.072993858509293,2.2809995534435e-05,-4.749952824879e-05
1.879,-0.9276243962073,0.08164231234166,2.1869400690341e-05,-4.809840406946e-05
1.87925,-0.92734283307224,0.09025698001288,2.0930167542357e-05,-4.8658665973054e-05
1.8795,-0.92697081994442,0.098837605502134,1.999344261257e-05,-4.9181727818897e-05
1.87975,-0.92650962618347,0.10738394349355,1.9060263985204e-05,-4.9668972429115e-05
1.88,-0.92596048773156,0.11589575858885,1.8131569639188e-05,-5.0121749094675e-05
1.88025,-0.92532460831038,0.12437282457224,1.7208205246415e-05,-5.054137167797e-05
1.8805,-0.924603160575,0.13281492372411,1.6290931451946e-05,-5.0929117228169e-05
1.88075,-0.92379728722612,0.1412218461805,1.5380430655826e-05,-5.1286225035277e-05
1.881,-0.92290810208216,0.14959338933534,1.4477313318547e-05,-5.1613896057607e-05
1.88125,-0.9219366911126,0.15792935728256,1.3582123813757e-05,-5.1913292665341e-05
1.8815,-0.92088411343382,0.16622956029583,1.2695345852596e-05,-5.2185538649965e-05
1.88175,-0.91975140226888,0.17449381434312,1.181740750444e-05,-5.2431719455757e-05
1.882,-0.91853956587243,0.18272194063416,1.0948685838632e-05,-5.2652882595195e-05
1.88225,-0.91724958842209,0.19091376519852,1.008951121143e-05,-5.2850038215185e-05
1.8825,-0.91588243087746,0.19906911849238,9.2401712216635e-06,-5.3024159785485e-05
1.88275,-0.91443903180788,0.20718783503219,8.4009143577721e-06,-5.3176184884654e-05
1.883,-0.91292030819022,0.21526975305348,7.5719533579186e-06,-5.330701606229e-05
1.88325,-0.91132715617772,0.22331471419318,6.7534683037944e-06,-5.3417521759418e-05
1.8835,-0.90966045184087,0.23132256319405,5.9456094676518e-06,-5.35085372715e-05
1.88375,-0.90792105188158,0.23929314762964,5.1484999309695e-06,-5.3580865740922e-05
1.884,-0.90610979432139,0.24722631764868,4.3622379920188e-06,-5.3635279167794e-05
1.88425,-0.90422749916487,0.2551219257375,3.5868993785096e-06,-5.3672519429707e-05
1.8845,-0.90227496903902,0.26297982649937,2.8225392804213e-06,-5.3693299302606e-05
1.88475,-0.90025298980963,0.2707998764498,2.0691942170636e-06,-5.3698303476249e-05
1.885,-0.89816233117547,0.27858193382659,1.3268837514386e-06,-5.3688189558907e-05
1.88525,-0.8960037472411,0.28632585841381,5.9561206403115e-07,-5.3663589066914e-05
1.8855,-0.89377797706911,0.29403151137891,-1.2463060276729e-07,-5.3625108395533e-05
1.88575,-0.8914857452126,0.30169875512187,-8.3386661919907e-07,-5.357332976835e-05
1.886,-0.88912776222866,0.30932745313589,-1.5321297520741e-06,-5.3508812163003e-05
1.88625,-0.8867047251734,0.31691746987877,-2.2194640492413e-06,-5.34320922116e-05
1.8865,-0.88421731807952,0.32446867065423,-2.8959228164359e-06,-5.3343685074628e-05
1.88675,-0.88166621241679,0.33198092150273,-3.5615676790031e-06,-5.3244085287532e-05
1.887,-0.87905206753621,0.33945408910096,-4.2164677215647e-06,-5.313376757946e-05
1.88725,-0.87637553109857,0.34688804066963,-4.8606986992801e-06,-5.3013187663955e-05
1.8875,-0.87363723948769,0.35428264388898,-5.494342314846e-06,-5.2882783001566e-05
1.88775,-0.87083781820934,0.36163776682139,-6.1174855558525e-06,-5.2742973534574e-05
1.888,-0.86797788227591,0.36895327784087,-6.7302200875664e-06,-5.2594162394153e-05
1.88825,-0.86505803657779,0.37622904556879,-7.3326416966003e-06,-5.2436736580408e-05
1.8885,-0.86207887624167,0.38346493881556,-7.9248497812956e-06,-5.2271067615854e-05
1.88875,-0.8590409869764,0.39066082652782,-8.5069468850066e-06,-5.209751217295e-05
1.889,-0.85594494540671,0.39781657774082,-9.0790382687697e-06,-5.1916412676377e-05
1.88925,-0.85279131939554,0.40493206153565,-9.6412315201323e-06,-5.1728097880794e-05
1.8895,-0.84958066835507,0.41200714700101,-1.0193636195197e-05,-5.1532883424818e-05
1.88975,-0.84631354354703,0.41904170319918,-1.0736363491152e-05,-5.133107236204e-05
1.89,-0.84299048837276,0.42603559913599,-1.1269525946817e-05,-5.1122955669832e-05
1.89025,-0.83961203865325,0.43298870373452,-1.1793237168908e-05,-5.0908812736778e-05
1.8905,-0.83617872289959,0.43990088581216,-1.2307611581922e-05,-5.0688911829511e-05
1.89075,-0.83269106257421,0.44677201406105,-1.2812764199733e-05,-5.0463510539736e-05
1.891,-0.82914957234323,0.4536019570314,-1.3308810417115e-05,-5.0232856212245e-05
1.89125,-0.82555476032023,0.46039058311773,-1.3795865819588e-05,-4.9997186354657e-05
1.8915,-0.82190712830175,0.46713776054772,-1.4274046010089e-05,-4.9756729029657e-05
1.89175,-0.81820717199491,0.47384335737352,-1.4743466451102e-05,-4.9511703230439e-05
1.892,-0.81445538123726,0.48050724146531,-1.5204242320991e-05,-4.9262319240082e-05
1.89225,-0.8106522402093,0.48712928050706,-1.5656488383403e-05,-4.9008778975527e-05
1.8925,-0.80679822763993,0.49370934199428,-1.6100318868644e-05,-4.8751276316827e-05
1.89275,-0.80289381700497,0.50024729323355,-1.6535847366094e-05,-4.8489997422309e-05
1.893,-0.79893947671905,0.5067430013439,-1.6963186726747e-05,-4.8225121030257e-05
1.89325,-0.79493567032123,0.51319633325968,-1.7382448975052e-05,-4.7956818747716e-05
1.8935,-0.79088285665438,0.51960715573503,-1.7793745229317e-05,-4.7685255326992e-05
1.89375,-0.78678149003866,0.52597533534965,-1.8197185629954e-05,-4.7410588930373e-05
1.894,-0.7826320204393,0.53230073851591,-1.8592879274956e-05,-4.713297138362e-05
1.89425,-0.77843489362882,0.53858323148718,-1.8980934161995e-05,-4.685254841871e-05
1.8945,-0.77419055134403,0.54482268036724,-1.936145713661e-05,-4.6569459906326e-05
1.89475,-0.76989943143777,0.55101895112068,-1.9734553845982e-05,-4.6283840078541e-05
1.895,-0.76556196802583,0.55717190958436,-2.0100328697847e-05,-4.5995817742143e-05
1.89525,-0.761178591629,0.56328142147964,-2.0458884824105e-05,-4.570551648301e-05
1.8955,-0.75674972931055,0.56934735242552,-2.0810324048762e-05,-4.5413054861954e-05
1.89575,-0.75227580480928,0.57536956795244,-2.1154746859818e-05,-4.5118546602391e-05
1.896,-0.74775723866825,0.58134793351684,-2.1492252384788e-05,-4.4822100770223e-05
1.89625,-0.74319444835936,0.58728231451637,-2.1822938369554e-05,-4.4523821946263e-05
1.8965,-0.73858784840399,0.59317257630558,-2.2146901160249e-05,-4.4223810391545e-05
1.89675,-0.73393785048968,0.59901858421228,-2.2464235687923e-05,-4.3922162205833e-05
1.897,-0.72924486358318,0.60482020355429,-2.2775035455762e-05,-4.3618969479623e-05
1.89725,-0.72450929403983,0.6105772996567,-2.3079392528613e-05,-4.3314320439932e-05
1.8975,-0.71973154570949,0.61628973786952,-2.3377397524639e-05,-4.3008299590146e-05
1.89775,-0.71491202003911,0.62195738358567,-2.366913960889e-05,-4.2700987844183e-05
1.898,-0.71005111617206,0.62758010225937,-2.3954706488636e-05,-4.2392462655225e-05
1.89825,-0.70514923104427,0.6331577594248,-2.4234184410279e-05,-4.2082798139255e-05
1.8985,-0.70020675947745,0.63869022071498,-2.4507658157723e-05,-4.1772065193611e-05
1.89875,-0.69522409426924,0.64417735188106,-2.4775211052029e-05,-4.1460331610796e-05
1.899,-0.69020162628064,0.64961901881161,-2.5036924952261e-05,-4.1147662187725e-05
1.89925,-0.68513974452067,0.65501508755228,-2.5292880257373e-05,-4.083411883062e-05
1.8995,-0.68003883622833,0.66036542432556,-2.5543155909056e-05,-4.0519760655722e-05
1.89975,-0.67489928695213,0.66566989555069,-2.5787829395423e-05,-4.020464408602e-05
1.9,-0.66972148062698,0.67092836786373,-2.6026976755439e-05,-3.9888822944142e-05
1.90025,-0.66450579964883,0.6761407081377,-2.6260672584026e-05,-3.9572348541582e-05
1.9005,-0.6592526249469,0.68130678350285,-2.6488990037732e-05,-3.9255269764419e-05
1.90075,-0.65396233605374,0.68642646136703,-2.6712000840919e-05,-3.8937633155657e-05
1.901,-0.64863531117307,0.69149960943604,-2.6929775292374e-05,-3.8619482994349e-05
1.90125,-0.64327192724555,0.69652609573413,-2.7142382272294e-05,-3.8300861371616e-05
1.9015,-0.63787256001252,0.70150578862446,-2.7349889249579e-05,-3.7981808263703e-05
1.90175,-0.63243758407778,0.70643855682968,-2.7552362289367e-05,-3.7662361602189e-05
1.902,-0.62696737296743,0.71132426945236,-2.7749866060777e-05,-3.7342557341456e-05
1.90225,-0.62146229918795,0.71616279599567,-2.7942463844788e-05,-3.7022429523545e-05
1.9025,-0.61592273428241,0.72095400638382,-2.8130217542223e-05,-3.6702010340495e-05
1.90275,-0.61034904888502,0.72569777098263,-2.8313187681792e-05,-3.6381330194259e-05
1.903,-0.60474161277396,0.73039396062002,-2.8491433428145e-05,-3.6060417754307e-05
1.90325,-0.59910079492264,0.73504244660652,-2.8665012589904e-05,-3.5739300012997e-05
1.9035,-0.59342696354932,0.73964310075571,-2.8833981627637e-05,-3.5418002338809e-05
1.90375,-0.58772048616531,0.74419579540464,-2.8998395661735e-05,-3.5096548527514e-05
1.904,-0.58198172962163,0.74870040343418,-2.9158308480167e-05,-3.4774960851383e-05
1.90425,-0.57621106015419,0.75315679828938,-2.9313772546072e-05,-3.4453260106472e-05
1.9045,-0.57040884342774,0.75756485399972,-2.9464839005176e-05,-3.4131465658106e-05
1.90475,-0.56457544457833,0.76192444519931,-2.961155769298e-05,-3.3809595484591e-05
1.905,-0.55871122825456,0.76623544714711,-2.975397714172e-05,-3.3487666219238e-05
1.90525,-0.55281655865749,0.7704977357469,-2.9892144587059e-05,-3.3165693190773e-05
1.9055,-0.54689179957941,0.77471118756747,-3.0026105974483e-05,-3.2843690462171e-05
1.90575,-0.54093731444137,0.77887567986247,-3.0155905965392e-05,-3.2521670868e-05
1.906,-0.53495346632957,0.7829910905903,-3.0281587942849e-05,-3.2199646050307e-05
1.90625,-0.5289406180306,0.78705729843401,-3.0403194016972e-05,-3.1877626493121e-05
1.9065,-0.52289913206571,0.79107418282101,-3.0520765029947e-05,-3.155562155561e-05
1.90675,-0.5168293707238,0.79504162394271,-3.0634340560643e-05,-3.1233639503956e-05
1.907,-0.51073169609367,0.79895950277419,-3.0743958928797e-05,-3.0911687541982e-05
1.90725,-0.50460647009506,0.80282770109369,-3.084965719877e-05,-3.058977184059e-05
1.9075,-0.49845405450876,0.80664610150209,-3.095147118283e-05,-3.0267897566048e-05
1.90775,-0.49227481100592,0.81041458744227,-3.1049435443961e-05,-2.9946068907171e-05
1.908,-0.48606910117625,0.81413304321842,-3.1143583298166e-05,-2.9624289101439e-05
1.90825,-0.47983728655548,0.81780135401531,-3.1233946816249e-05,-2.9302560460084e-05
1.9085,-0.47357972865186,0.82141940591737,-3.1320556825062e-05,-2.8980884392207e-05
1.90875,-0.46729678897194,0.82498708592787,-3.1403442908183e-05,-2.8659261427927e-05
1.909,-0.46098882904539,0.82850428198787,-3.1482633406013e-05,-2.8337691240636e-05
1.90925,-0.45465621044915,0.83197088299517,-3.1558155415277e-05,-2.8016172668369e-05
1.9095,-0.4482992948307,0.83538677882322,-3.1630034787898e-05,-2.7694703734331e-05
1.90975,-0.4419184439307,0.83875186033985,-3.1698296129222e-05,-2.7373281666621e-05
1.91,-0.4355140196048,0.84206601942609,-3.1762962795589e-05,-2.7051902917174e-05
1.91025,-0.42908638384475,0.84532914899474,-3.1824056891199e-05,-2.6730563179963e-05
1.9105,-0.42263589879891,0.84854114300905,-3.1881599264281e-05,-2.6409257408485e-05
1.91075,-0.4161629267919,0.85170189650121,-3.1935609502518e-05,-2.6087979832561e-05
1.911,-0.40966783034382,0.85481130559084,-3.1986105927716e-05,-2.5766723974484e-05
1.91125,-0.40315097218861,0.85786926750337,-3.2033105589685e-05,-2.5445482664546e-05
1.9115,-0.39661271529193,0.86087568058843,-3.2076624259313e-05,-2.5124248055958e-05
1.91175,-0.39005342286838,0.86383044433813,-3.2116676420793e-05,-2.4803011639214e-05
1.912,-0.38347345839813,0.86673345940527,-3.2153275262999e-05,-2.4481764255908e-05
1.91225,-0.37687318564291,0.86958462762153,-3.2186432669948e-05,-2.416049611204e-05
1.9125,-0.37025296866155,0.87238385201562,-3.2216159210348e-05,-2.383919679084e-05
1.91275,-0.36361317182484,0.87513103683134,-3.2242464126184e-05,-2.351785526513e-05
1.913,-0.35695415982996,0.8778260875456,-3.2265355320315e-05,-2.3196459909267e-05
1.91325,-0.35027629771426,0.88046891088638,-3.228483934304e-05,-2.2874998510676e-05
1.9135,-0.34357995086862,0.88305941485071,-3.2300921377609e-05,-2.2553458281011e-05
1.91375,-0.33686548505029,0.88559750872253,-3.2313605224632e-05,-2.2231825866979e-05
1.914,-0.33013326639515,0.88808310309051,-3.2322893285347e-05,-2.1910087360841e-05
1.91425,-0.32338366142959,0.89051610986592,-3.2328786543712e-05,-2.1588228310633e-05
1.9145,-0.31661703708186,0.89289644230033,-3.233128454727e-05,-2.1266233730125e-05
1.91475,-0.30983376069294,0.89522401500342,-3.2330385386754e-05,-2.0944088108558e-05
1.915,-0.303034200027,0.89749874396055,-3.2326085674361e-05,-2.0621775420195e-05
1.91525,-0.2962187232814,0.89972054655057,-3.2318380520684e-05,-2.0299279133698e-05
1.9155,-0.28938769909615,0.90188934156336,-3.2307263510203e-05,-1.9976582221384e-05
1.91575,-0.28254149656315,0.90400504921745,-3.2292726675322e-05,-1.96536671684e-05
1.916,-0.2756804852348,0.90606759117761,-3.2274760468872e-05,-1.9330515981823e-05
1.91625,-0.26880503513228,0.90807689057241,-3.2253353735028e-05,-1.9007110199759e-05
1.9165,-0.26191551675345,0.91003287201173,-3.2228493678569e-05,-1.8683430900461e-05
1.91675,-0.2550123010803,0.91193546160425,-3.2200165832431e-05,-1.835945871151e-05
1.917,-0.24809575958599,0.91378458697496,-3.2168354023472e-05,-1.8035173819105e-05
1.91725,-0.24116626424162,0.91558017728262,-3.2133040336371e-05,-1.7710555977512e-05
1.9175,-0.23422418752239,0.91732216323723,-3.2094205075608e-05,-1.7385584518715e-05
1.91775,-0.22726990241366,0.91901047711741,-3.2051826725419e-05,-1.7060238362326e-05
1.918,-0.2203037824164,0.9206450527879,-3.2005881907656e-05,-1.6734496025801e-05
1.91825,-0.21332620155244,0.92222582571688,-3.1956345337468e-05,-1.6408335635034e-05
1.9185,-0.20633753436926,0.92375273299345,-3.1903189776698e-05,-1.6081734935379e-05
1.91875,-0.19933815594443,0.92522571334495,-3.1846385984907e-05,-1.5754671303168e-05
1.919,-0.1923284418898,0.92664470715439,-3.1785902667931e-05,-1.5427121757801e-05
1.91925,-0.18530876835519,0.92800965647782,-3.1721706423841e-05,-1.5099062974485e-05
1.9195,-0.17827951203184,0.92932050506166,-3.1653761686222e-05,-1.4770471297686e-05
1.91975,-0.17124105015551,0.93057719836014,-3.1582030664634e-05,-1.4441322755405e-05
1.92,-0.16419376050922,0.93177968355259,-3.1506473282141e-05,-1.4111593074345e-05
1.92025,-0.15713802142562,0.93292790956083,-3.142704710977e-05,-1.3781257696097e-05
1.9205,-0.15007421178914,0.93402182706655,-3.1343707297779e-05,-1.3450291794415e-05
1.92075,-0.1430027110377,0.93506138852868,-3.1256406503573e-05,-1.3118670293733e-05
1.921,-0.13592389916417,0.93604654820069,-3.1165094816133e-05,-1.2786367889014e-05
1.92125,-0.12883815671747,0.93697726214807,-3.1069719676793e-05,-1.2453359067086e-05
1.9215,-0.12174586480336,0.93785348826558,-3.0970225796204e-05,-1.2119618129588e-05
1.92175,-0.11464740508494,0.93867518629474,-3.0866555067311e-05,-1.1785119217702e-05
1.922,-0.10754315978279,0.93944231784114,-3.0758646474163e-05,-1.1449836338811e-05
1.92225,-0.10043351167482,0.94015484639185,-3.0646435996361e-05,-1.1113743395277e-05
1.9225,-0.093318844095864,0.94081273733285,-3.0529856508955e-05,-1.0776814215524e-05
1.92275,-0.086199540936823,0.9414159579664,-3.040883767757e-05,-1.0439022587633e-05
1.923,-0.079075986643678,0.94196447752844,-3.0283305848552e-05,-1.010034229568e-05
1.92325,-0.071948566216066,0.94245826720606,-3.0153183933902e-05,-9.7607471590408e-06
1.9235,-0.064817665205589,0.94289730015491,-3.0018391290753e-05,-9.4202110749368e-06
1.92375,-0.057683669713861,0.94328155151663,-2.9878843595151e-05,-9.0787080645019e-06
1.924,-0.050546966390201,0.94361099843632,-2.9734452709867e-05,-8.7362123226667e-06
1.92425,-0.043407942429023,0.94388562008001,-2.9585126545973e-05,-8.3926982721925e-06
1.9245,-0.036266985566976,0.94410539765208,-2.9430768917895e-05,-8.0481406222148e-06
1.92475,-0.029124484079732,0.94427031441283,-2.9271279391644e-05,-7.7025144316704e-06
1.925,-0.021980826778505,0.94438035569589,-2.9106553125912e-05,-7.355795178036e-06
1.92525,-0.014836403006266,0.94443550892578,-2.8936480705714e-05,-7.0079588318183e-06
1.9255,-0.0076916026336166,0.9444357636354,-2.8760947968235e-05,-6.6589819372887e-06
1.92575,-0.00054681605444952,0.94438111148357,-2.8579835820528e-05,-6.3088416999924e-06
1.926,0.0065975658187812,0.94427154627254,-2.8393020048714e-05,-5.9575160815969e-06
1.92625,0.013741151560015,0.94410706396556,-2.8200371118279e-05,-5.6049839027097e-06
1.9265,0.020883549234883,0.94388766270443,-2.8001753965112e-05,-5.2512249543293e-06
1.92675,0.028024366406316,0.94361334282704,-2.7797027776847e-05,-4.8962201186619e-06
1.927,0.03516321014039,0.94328410688497,-2.7586045764115e-05,-4.5399515000971e-06
1.92725,0.042299687012532,0.94289995966105,-2.7368654921267e-05,-4.1824025671935e-06
1.9275,0.049433403114019,0.94246090818697,-2.7144695776129e-05,-3.8235583066085e-06
1.92775,0.056563964058739,0.94196696176081,-2.6914002128343e-05,-3.4634053899838e-06
1.928,0.063690974990283,0.94141813196471,-2.6676400775827e-05,-3.1019323548767e-06
1.92825,0.070814040589373,0.94081443268243,-2.6431711228895e-05,-2.7391298009282e-06
1.9285,0.077932765081497,0.94015588011694,-2.6179745411559e-05,-2.3749906025638e-06
1.92875,0.085046752244971,0.93944249280807,-2.5920307349542e-05,-2.0095101396189e-06
1.929,0.09215560541919,0.93867429165006,-2.5653192844529e-05,-1.6426865474218e-06
1.92925,0.099258927513263,0.93785129990921,-2.5378189134179e-05,-1.2745209879787e-06
1.9295,0.10635632101495,0.93697354324145,-2.5095074537439e-05,-9.0501794406045e-07
1.92975,0.11344738799984,0.93604104970996,-2.4803618084723e-05,-5.3418553814354e-07
1.93,0.12053173014094,0.93505384980276,-2.4503579132504e-05,-1.6203587831684e-07
1.93025,0.12760894871848,0.93401197645027,-2.4194706961943e-05,2.1141456653449e-07
1.9305,0.13467864463007,0.93291546504292,-2.3876740361174e-05,5.8614455977591e-07
1.93075,0.14174041840125,0.93176435344872,-2.3549407190931e-05,9.621276555816e-07
1.931,0.14879387019614,0.93055868203076,-2.3212423933257e-05,1.3393317200501e-06
1.93125,0.15583859982867,0.92929849366483,-2.2865495223102e-05,1.7177184116787e-06
1.9315,0.16287420677393,0.92798383375686,-2.2508313362712e-05,2.0972426177137e-06
1.93175,0.16990029017992,0.92661475026051,-2.2140557818812e-05,2.477851842593e-06
1.932,0.17691644887963,0.92519129369458,-2.1761894702714e-05,2.8594855443862e-06
1.93225,0.18392228140341,0.9237135171605,-2.1371976233634e-05,3.2420744147746e-06
1.9325,0.19091738599166,0.92218147635978,-2.0970440185689e-05,3.6255395977384e-06
1.93275,0.19790136060787,0.92059522961137,-2.0556909319258e-05,4.0097918417187e-06
1.933,0.20487380295201,0.91895483786909,-2.0130990797634e-05,4.3947305795656e-06
1.93325,0.21183431047412,0.91726036473893,-1.9692275590205e-05,4.7802429301259e-06
1.9335,0.21878248038847,0.91551187649636,-1.9240337863757e-05,5.1662026148058e-06
1.93375,0.22571790968775,0.91370944210359,-1.8774734363871e-05,5.5524687818936e-06
1.934,0.23264019515788,0.91185313322682,-1.8295003788884e-05,5.9388847308596e-06
1.93425,0.23954893339293,0.90994302425335,-1.780066615945e-05,6.3252765282038e-06
1.9345,0.24644372081052,0.90797919230879,-1.7291222187312e-05,6.7114515057815e-06
1.93475,0.2533241536675,0.90596171727404,-1.6766152647729e-05,7.0971966318186e-06
1.935,0.26018982807598,0.90389068180239,-1.6224917760761e-05,7.4822767440889e-06
1.93525,0.26704034001966,0.90176617133641,-1.5666956587685e-05,7.8664326339565e-06
1.9355,0.27387528537062,0.89958827412487,-1.5091686449871e-05,8.249378969164e-06
1.93575,0.28069425990631,0.89735708123957,-1.4498502378825e-05,8.6308020424044e-06
1.936,0.28749685932697,0.89507268659208,-1.3886776607536e-05,9.0103573318619e-06
1.93625,0.29428267927341,0.89273518695042,-1.3255858115012e-05,9.387666859019e-06
1.9365,0.30105131534506,0.89034468195567,-1.260507223786e-05,9.7623163281449e-06
1.93675,0.30780236311846,0.88790127413848,-1.193372036495e-05,1.0133852031038e-05
1.937,0.31453541816608,0.88540506893549,-1.1241079733813e-05,1.0501777499738e-05
1.93725,0.32125007607538,0.88285617470569,-1.0526403350276e-05,1.086554988918e-05
1.9375,0.32794593246847,0.88025470274664,-9.7889200561406e-06,1.1224576071091e-05
1.93775,0.33462258302185,0.87760076731061,-9.0278347734603e-06,1.1578208419875e-05
1.938,0.34127962348672,0.87489448562064,-8.2423289581435e-06,1.1925740270915e-05
1.93825,0.34791664970951,0.87213597788643,-7.4315613003999e-06,1.2266401031608e-05
1.9385,0.35453325765287,0.86932536732018,-6.5946687148529e-06,1.2599350925679e-05
1.93875,0.361129043417,0.86646278015226,-5.7307676691444e-06,1.292367535198e-05
1.939,0.36770360326123,0.86354834564681,-4.8389559065402e-06,1.3238378840166e-05
1.93925,0.37425653362615,0.86058219611709,-3.9183146254541e-06,1.3542378587469e-05
1.9395,0.38078743115599,0.85756446694089,-2.9679111870607e-06,1.3834497563508e-05
1.93975,0.38729589272139,0.85449529657564,-1.9868024312279e-06,1.4113457173734e-05
1.94,0.39378151544251,0.85137482657339,-9.7403869090414e-07,1.4377869477071e-05
1.94025,0.40024389671258,0.84820320159571,7.133139409605e-08,1.4626228959752e-05
1.9405,0.40668263422174,0.84498056942842,1.1502551513341e-06,1.4856903875617e-05
1.94075,0.41309732598135,0.84170708099607,2.2636691130668e-06,1.5068127173543e-05
1.941,0.41948757034852,0.83838289037637,3.4124910785666e-06,1.5257987045695e-05
1.94125,0.42585296605117,0.83500815481436,4.5976108498683e-06,1.542441714628e-05
1.9415,0.43219311221337,0.83158303473642,5.8198794755199e-06,1.5565186550026e-05
1.94175,0.43850760838106,0.82810769376415,7.0800968233405e-06,1.5677889543275e-05
1.942,0.44479605454819,0.82458229872797,8.3789972901885e-06,1.5759935368875e-05
1.94225,0.45105805118321,0.82100701968054,9.7172334451009e-06,1.5808538079753e-05
1.9425,0.45729319925586,0.8173820299101,1.1095357392794e-05,1.5820706695693e-05
1.94275,0.4635011002645,0.81370750595337,1.2513799638402e-05,1.5793235904122e-05
1.943,0.46968135626362,0.80998362760844,1.3972845233011e-05,1.5722697599182e-05
1.94325,0.4758335698919,0.80621057794731,1.547260698476e-05,1.5605433614536e-05
1.9435,0.48195734440051,0.80238854332827,1.7012995533985e-05,1.5437550074404e-05
1.94375,0.48805228368187,0.79851771340802,1.8593686115812e-05,1.5214913864342e-05
1.944,0.49411799229874,0.79459828115351,2.0214081872571e-05,1.4933151807715e-05
1.94425,0.50015407551368,0.79063044285357,2.1873273634762e-05,1.4587653224676e-05
1.9445,0.50616013931895,0.78661439813031,2.3569996166994e-05,1.4173576645906e-05
1.94475,0.51213579046665,0.78255034995012,2.5302580978229e-05,1.3685861550593e-05
1.945,0.51808063649939,0.77843850463462,2.7068905928171e-05,1.3119246092972e-05
1.94525,0.52399428578118,0.77427907187107,2.8866342027956e-05,1.2468291868643e-05
1.9455,0.52987634752884,0.77007226472274,3.0691698037013e-05,1.1727416843385e-05
1.94575,0.53572643184362,0.7658182996388,3.2541163702121e-05,1.0890937613753e-05
1.946,0.54154414974334,0.76151739646401,3.4410252770395e-05,9.9531221788197e-06
1.94625,0.54732911319473,0.75716977844805,3.629374723416e-05,8.9082543620634e-06
1.9465,0.55308093514633,0.75277567225459,3.818564462802e-05,7.7507109156766e-06
1.94675,0.55879922956157,0.74833530796995,4.0079110587884e-05,6.4750521491667e-06
1.947,0.56448361145233,0.74384891911154,4.1966439283824e-05,5.0761266319632e-06
1.94725,0.57013369691277,0.73931674263584,4.3839024732265e-05,3.5491901086277e-06
1.9475,0.57574910315365,0.73473901894611,4.5687346348987e-05,1.890038220956e-06
1.94775,0.5813294485368,0.73011599189978,4.7500972386262e-05,9.515194482359e-08
1.948,0.58687435261016,0.72544790881532,4.9268585060387e-05,-1.8381461791256e-06
1.94825,0.59238343614304,0.72073502047895,5.0978031169241e-05,-3.9115279005842e-06
1.9485,0.5978563211617,0.71597758115082,5.2616401769602e-05,-6.1254911409797e-06
1.94875,0.60329263098544,0.71117584857082,5.4170143977985e-05,-8.4791929570134e-06
1.949,0.60869199026279,0.7063300839641,5.5625207132209e-05,-1.0970289743581e-05
1.94925,0.61405402500829,0.70144055204604,5.6967224374827e-05,-1.3594791830882e-05
1.9495,0.61937836263938,0.69650752102693,5.8181729189618e-05,-1.6346940415708e-05
1.94975,0.6246646320138,0.69153126261618,5.9254404568519e-05,-1.9219115219988e-05
1.95,0.6299124634672,0.68651205202608,6.0171360379086e-05,-2.2201781269001e-05
