1.7,0.67945053181274,0.6895903864326,-2.7766318874439e-05,1.3931087711388e-05
1.70025,0.68371748393104,0.6853014940553,-2.7719729853602e-05,1.4111953209702e-05
1.7005,0.68795844733309,0.68098475427278,-2.7672223169488e-05,1.4293052457074e-05
1.70075,0.69217322782333,0.67664032242933,-2.7623794031936e-05,1.447438147833e-05
1.701,0.69636163221096,0.67226835521842,-2.7574437654397e-05,1.4655936249169e-05
1.70125,0.70052346831849,0.66786901067453,-2.7524149254354e-05,1.4837712695948e-05
1.7015,0.70465854499003,0.66344244816486,-2.7472924053733e-05,1.5019706695467e-05
1.70175,0.70876667209959,0.65898882838111,-2.7420757279324e-05,1.5201914074759e-05
1.702,0.71284766055928,0.65450831333108,-2.7367644163211e-05,1.5384330610879e-05
1.70225,0.71690132232732,0.6500010663304,-2.7313579943195e-05,1.5566952030703e-05
1.7025,0.72092747041611,0.64546725199408,-2.7258559863233e-05,1.5749774010726e-05
1.70275,0.72492591890007,0.6409070362281,-2.7202579173875e-05,1.5932792176861e-05
1.703,0.72889648292345,0.63632058622099,-2.7145633132706e-05,1.6116002104248e-05
1.70325,0.73283897870808,0.63170807043532,-2.7087717004795e-05,1.6299399317063e-05
1.7035,0.73675322356092,0.62706965859917,-2.7028826063146e-05,1.6482979288327e-05
1.70375,0.74063903588161,0.62240552169767,-2.6968955589152e-05,1.6666737439728e-05
1.704,0.74449623516995,0.61771583196433,-2.690810087306e-05,1.6850669141437e-05
1.70425,0.74832464203314,0.61300076287253,-2.6846257214431e-05,1.7034769711933e-05
1.7045,0.75212407819312,0.60826048912689,-2.6783419922611e-05,1.721903441783e-05
1.70475,0.75589436649367,0.60349518665461,-2.6719584317206e-05,1.7403458473716e-05
1.705,0.7596353309075,0.59870503259682,-2.6654745728555e-05,1.7588037041977e-05
1.70525,0.76334679654319,0.59389020529993,-2.6588899498217e-05,1.7772765232651e-05
1.7055,0.76702858965214,0.5890508843069,-2.6522040979451e-05,1.7957638103259e-05
1.70575,0.77068053763525,0.58418725034854,-2.6454165537712e-05,1.8142650658668e-05
1.706,0.77430246904976,0.57929948533479,-2.638526855114e-05,1.8327797850932e-05
1.70625,0.77789421361573,0.57438777234594,-2.6315345411062e-05,1.851307457916e-05
1.7065,0.78145560222266,0.5694522956239,-2.6244391522493e-05,1.8698475689372e-05
1.70675,0.78498646693587,0.56449324056341,-2.617240230464e-05,1.888399597437e-05
1.707,0.78848664100286,0.55951079370326,-2.6099373191416e-05,1.9069630173608e-05
1.70725,0.79195595885958,0.55450514271747,-2.6025299631952e-05,1.9255372973071e-05
1.7075,0.79539425613659,0.54947647640651,-2.5950177091115e-05,1.9441219005157e-05
1.70775,0.79880136966511,0.54442498468848,-2.5874001050032e-05,1.9627162848561e-05
1.708,0.80217713748309,0.53935085859024,-2.5796767006612e-05,1.9813199028173e-05
1.70825,0.80552139884104,0.53425429023863,-2.571847047608e-05,1.9999322014968e-05
1.7085,0.80883399420791,0.52913547285161,-2.5639106991505e-05,2.0185526225915e-05
1.70875,0.81211476527679,0.5239946007294,-2.5558672104343e-05,2.0371806023884e-05
1.709,0.8153635549706,0.51883186924566,-2.5477161384972e-05,2.0558155717556e-05
1.70925,0.81858020744762,0.51364747483861,-2.5394570423241e-05,2.0744569561345e-05
1.7095,0.821764568107,0.50844161500221,-2.5310894829011e-05,2.0931041755322e-05
1.70975,0.82491648359417,0.50321448827727,-2.5226130232713e-05,2.1117566445148e-05
1.71,0.82803580180613,0.4979662942426,-2.51402722859e-05,2.1304137722005e-05
1.71025,0.8311223718967,0.49269723350619,-2.5053316661801e-05,2.1490749622543e-05
1.7105,0.83417604428169,0.48740750769633,-2.4965259055887e-05,2.1677396128825e-05
1.71075,0.83719667064395,0.48209731945273,-2.4876095186434e-05,2.1864071168285e-05
1.711,0.84018410393839,0.47676687241776,-2.4785820795088e-05,2.2050768613683e-05
1.71125,0.84313819839686,0.47141637122752,-2.4694431647439e-05,2.2237482283075e-05
1.7115,0.84605880953303,0.46604602150304,-2.460192353359e-05,2.2424205939786e-05
1.71175,0.84894579414711,0.46065602984147,-2.4508292268739e-05,2.2610933292389e-05
1.712,0.85179901033052,0.45524660380722,-2.4413533693752e-05,2.2797657994688e-05
1.71225,0.85461831747055,0.44981795192315,-2.431764367575e-05,2.2984373645714e-05
1.7125,0.8574035762548,0.4443702836618,-2.4220618108692e-05,2.3171073789722e-05
1.71275,0.8601546486757,0.43890380943655,-2.412245291396e-05,2.3357751916196e-05
1.713,0.86287139803484,0.43341874059284,-2.4023144040954e-05,2.3544401459862e-05
1.71325,0.8655536889473,0.42791528939941,-2.3922687467678e-05,2.3731015800709e-05
1.7135,0.86820138734583,0.42239366903953,-2.382107920134e-05,2.3917588264011e-05
1.71375,0.87081436048502,0.41685409360225,-2.3718315278948e-05,2.4104112120364e-05
1.714,0.87339247694541,0.41129677807365,-2.3614391767906e-05,2.4290580585725e-05
1.71425,0.87593560663744,0.40572193832811,-2.3509304766619e-05,2.4476986821458e-05
1.7145,0.87844362080541,0.40012979111966,-2.3403050405094e-05,2.4663323934392e-05
1.71475,0.88091639203135,0.39452055407317,-2.3295624845546e-05,2.4849584976878e-05
1.715,0.88335379423878,0.38889444567581,-2.3187024283007e-05,2.5035762946863e-05
1.71525,0.88575570269648,0.38325168526827,-2.3077244945932e-05,2.5221850787966e-05
1.7155,0.88812199402209,0.37759249303619,-2.2966283096809e-05,2.5407841389559e-05
1.71575,0.89045254618574,0.37191709000152,-2.2854135032775e-05,2.5593727586862e-05
1.716,0.89274723851355,0.36622569801386,-2.2740797086226e-05,2.5779502161043e-05
1.71625,0.89500595169106,0.36051853974196,-2.2626265625432e-05,2.5965157839323e-05
1.7165,0.89722856776666,0.35479583866509,-2.2510537055154e-05,2.6150687295095e-05
1.71675,0.89941497015488,0.34905781906453,-2.2393607817261e-05,2.6336083148041e-05
1.717,0.90156504363964,0.34330470601499,-2.2275474391347e-05,2.6521337964268e-05
1.71725,0.90367867437749,0.33753672537618,-2.2156133295351e-05,2.6706444256446e-05
1.7175,0.90575574990067,0.33175410378426,-2.2035581086176e-05,2.6891394483955e-05
1.71775,0.9077961591202,0.32595706864344,-2.1913814360308e-05,2.7076181053038e-05
1.718,0.90979979232894,0.32014584811749,-2.1790829754441e-05,2.7260796316966e-05
1.71825,0.91176654120444,0.31432067112137,-2.1666623946092e-05,2.7445232576211e-05
1.7185,0.9136962988119,0.30848176731284,-2.1541193654229e-05,2.7629482078622e-05
1.71875,0.91558895960696,0.30262936708404,-2.1414535639887e-05,2.7813537019619e-05
1.719,0.91744441943846,0.29676370155326,-2.1286646706793e-05,2.7997389542383e-05
1.71925,0.91926257555118,0.29088500255652,-2.1157523701986e-05,2.8181031738064e-05
1.7195,0.92104332658844,0.28499350263935,-2.102716351644e-05,2.8364455645998e-05
1.71975,0.92278657259473,0.27908943504853,-2.0895563085681e-05,2.8547653253921e-05
1.72,0.92449221501826,0.27317303372383,-2.0762719390414e-05,2.8730616498208e-05
1.72025,0.9261601567134,0.26724453328982,-2.0628629457134e-05,2.8913337264108e-05
1.7205,0.92779030194314,0.26130416904772,-2.0493290358753e-05,2.909580738599e-05
1.72075,0.92938255638143,0.25535217696722,-2.0356699215212e-05,2.9278018647606e-05
1.721,0.93093682711556,0.24938879367836,-2.0218853194102e-05,2.945996278235e-05
1.72125,0.93245302264838,0.24341425646349,-2.0079749511278e-05,2.9641631473535e-05
1.7215,0.93393105290052,0.23742880324914,-1.9939385431473e-05,2.9823016354678e-05
1.72175,0.93537082921259,0.23143267259809,-1.979775826891e-05,3.0004109009787e-05
1.722,0.93677226434727,0.22542610370125,-1.9654865387915e-05,3.0184900973666e-05
1.72225,0.93813527249137,0.21940933636979,-1.9510704203527e-05,3.0365383732224e-05
1.7225,0.93945976925788,0.21338261102717,-1.9365272182101e-05,3.054554872279e-05
1.72275,0.94074567168792,0.20734616870123,-1.9218566841917e-05,3.0725387334446e-05
1.723,0.94199289825266,0.20130025101634,-1.9070585753784e-05,3.0904890908359e-05
1.72325,0.94320136885522,0.1952451001855,-1.8921326541635e-05,3.108405073813e-05
1.7235,0.94437100483248,0.18918095900262,-1.877078688313e-05,3.1262858070145e-05
1.72375,0.94550172895686,0.18310807083468,-1.8618964510248e-05,3.1441304103941e-05
1.724,0.94659346543811,0.177026679614,-1.8465857209881e-05,3.161937999258e-05
1.72425,0.94764613992494,0.17093702983054,-1.8311462824423e-05,3.1797076843024e-05
1.7245,0.94865967950673,0.16483936652423,-1.8155779252355e-05,3.1974385716535e-05
1.72475,0.94963401271511,0.15873393527729,-1.7998804448826e-05,3.2151297629066e-05
1.725,0.95056906952556,0.15262098220667,-1.7840536426234e-05,3.2327803551677e-05
1.72525,0.95146478135891,0.14650075395644,-1.7680973254801e-05,3.2503894410946e-05
1.7255,0.95232108108287,0.14037349769026,-1.7520113063143e-05,3.2679561089401e-05
1.72575,0.95313790301342,0.1342394610839,-1.7357954038836e-05,3.2854794425953e-05
1.726,0.95391518291629,0.1280988923177,-1.719449442898e-05,3.3029585216344e-05
1.72625,0.95465285800828,0.12195204006922,-1.7029732540759e-05,3.3203924213595e-05
1.7265,0.95535086695864,0.11579915350579,-1.6863666741991e-05,3.3377802128476e-05
1.72675,0.95600914989033,0.10964048227714,-1.6696295461676e-05,3.355120962997e-05
1.727,0.95662764838131,0.10347627650809,-1.6527617190545e-05,3.3724137345762e-05
1.72725,0.95720630546574,0.097306786791257,-1.6357630481595e-05,3.3896575862722e-05
1.7275,0.95774506563521,0.09113226417978,-1.618633395062e-05,3.4068515727405e-05
1.72775,0.95824387483985,0.084952960180123,-1.6013726276744e-05,3.4239947446563e-05
1.728,0.95870268048951,0.078769126744857,-1.5839806202937e-05,3.4410861487652e-05
1.72825,0.9591214314548,0.072581016265547,-1.5664572536536e-05,3.4581248279366e-05
1.7285,0.95950007806817,0.066388881565625,-1.5488024149753e-05,3.4751098212164e-05
1.72875,0.95983857212494,0.060192975893294,-1.5310159980176e-05,3.4920401638818e-05
1.729,0.96013686688428,0.053993552914535,-1.5130979031271e-05,3.5089148874957e-05
1.72925,0.96039491707019,0.047790866706057,-1.4950480372867e-05,3.5257330199633e-05
1.7295,0.96061267887243,0.041585171748373,-1.4768663141644e-05,3.5424935855884e-05
1.72975,0.96079010994742,0.035376722918861,-1.4585526541608e-05,3.5591956051314e-05
1.73,0.96092716941911,0.029165775484855,-1.4401069844559e-05,3.5758380958674e-05
1.73025,0.96102381787983,0.022952585096834,-1.4215292390556e-05,3.592420071646e-05
1.7305,0.96108001739113,0.016737407781567,-1.4028193588367e-05,3.6089405429509e-05
1.73075,0.96109573148454,0.010520499935372,-1.383977291592e-05,3.6253985169613e-05
1.731,0.96107092516236,0.0043021183173709,-1.3650029920738e-05,3.6417929976131e-05
1.73125,0.96100556489839,-0.0019174799572328,-1.3458964220371e-05,3.6581229856622e-05
1.7315,0.96089961863862,-0.0081380374237767,-1.3266575502818e-05,3.6743874787472e-05
1.73175,0.96075305580197,-0.01435929627478,-1.307286352694e-05,3.6905854714538e-05
1.732,0.96056584728092,-0.02058099836654,-1.2877828122863e-05,3.7067159553796e-05
1.73225,0.96033796544213,-0.026802885225642,-1.2681469192379e-05,3.7227779191999e-05
1.7325,0.96006938412711,-0.033024698055484,-1.2483786709325e-05,3.7387703487341e-05
1.73275,0.95976007865277,-0.039246177742757,-1.2284780719966e-05,3.7546922270125e-05
1.733,0.95941002581201,-0.045467064863831,-1.2084451343361e-05,3.7705425343449e-05
1.73325,0.95901920387426,-0.051687099691189,-1.188279877172e-05,3.7863202483884e-05
1.7335,0.95858759258603,-0.057906022199732,-1.1679823270752e-05,3.8020243442172e-05
1.73375,0.95811517317138,-0.064123572073107,-1.1475525180007e-05,3.8176537943925e-05
1.734,0.95760192833242,-0.070339488709989,-1.1269904913198e-05,3.8332075690333e-05
1.73425,0.95704784224979,-0.07655351123027,-1.106296295852e-05,3.8486846358875e-05
1.7345,0.95645290058312,-0.082765378481293,-1.085469987896e-05,3.864083960404e-05
1.73475,0.95581709047139,-0.088974829043956,-1.0645116312588e-05,3.8794045058056e-05
1.735,0.95514040053342,-0.09518160123884,-1.0434212972845e-05,3.8946452331619e-05
1.73525,0.9544228208682,-0.10138543313229,-1.0221990648813e-05,3.9098051014635e-05
1.7355,0.95366434305532,-0.10758606254241,-1.0008450205481e-05,3.9248830676965e-05
1.73575,0.95286496015526,-0.11378322704505,-9.7935925839949e-06,3.9398780869172e-05
1.736,0.95202466670977,-0.11997666397978,-9.5774188018912e-06,3.9547891123283e-05
1.73625,0.9511434587422,-0.12616611045577,-9.35992995333e-06,3.9696150953546e-05
1.7365,0.95022133375779,-0.13235130335764,-9.1411272093056e-06,3.9843549857202e-05
1.73675,0.94925829074394,-0.13853197935129,-8.9210118178502e-06,3.9990077315252e-05
1.737,0.94825433017053,-0.14470787488968,-8.6995851042236e-06,4.0135722793238e-05
1.73725,0.94720945399016,-0.15087872621858,-8.476848471089e-06,4.0280475742028e-05
1.7375,0.94612366563838,-0.15704426938219,-8.2528033986785e-06,4.0424325598596e-05
1.73775,0.94499697003397,-0.16320424022889,-8.0274514449437e-06,4.0567261786818e-05
1.738,0.9438293735791,-0.16935837441678,-7.8007942456924e-06,4.0709273718268e-05
1.73825,0.94262088415957,-0.17550640741923,-7.5728335147154e-06,4.0850350793015e-05
1.7385,0.94137151114503,-0.18164807453049,-7.3435710438946e-06,4.0990482400429e-05
1.73875,0.94008126538908,-0.18778311087104,-7.1130087033025e-06,4.1129657919985e-05
1.739,0.93875015922955,-0.19391125139311,-6.8811484412842e-06,4.1267866722079e-05
1.73925,0.93737820648855,-0.20003223088605,-6.6479922845262e-06,4.1405098168835e-05
1.7395,0.9359654224727,-0.20614578398165,-6.4135423381124e-06,4.1541341614929e-05
1.73975,0.93451182397321,-0.21225164515944,-6.1778007855642e-06,4.1676586408402e-05
1.74,0.93301742926603,-0.21834954875199,-5.9407698888655e-06,4.1810821891488e-05
1.74025,0.93148225811199,-0.22443922895002,-5.7024519884755e-06,4.1944037401434e-05
1.7405,0.92990633175683,-0.23052041980768,-5.4628495033236e-06,4.207622227133e-05
1.74075,0.92828967293139,-0.23659285524755,-5.2219649307916e-06,4.2207365830937e-05
1.741,0.92663230585163,-0.24265626906578,-4.9798008466799e-06,4.2337457407515e-05
1.74125,0.92493425621875,-0.24871039493709,-4.7363599051568e-06,4.2466486326657e-05
1.7415,0.92319555121921,-0.25475496641973,-4.4916448386958e-06,4.2594441913121e-05
1.74175,0.92141621952487,-0.2607897169604,-4.2456584579941e-06,4.2721313491663e-05
1.742,0.91959629129295,-0.26681437989916,-3.9984036518762e-06,4.2847090387873e-05
1.74225,0.91773579816618,-0.27282868847421,-3.749883387183e-06,4.2971761929008e-05
1.7425,0.91583477327275,-0.27883237582671,-3.5001007086422e-06,4.3095317444827e-05
1.74275,0.9138932512264,-0.28482517500546,-3.2490587387255e-06,4.3217746268427e-05
1.743,0.91191126812643,-0.29080681897158,-2.9967606774871e-06,4.3339037737076e-05
1.74325,0.90988886155773,-0.2967770406032,-2.7432098023863e-06,4.3459181193046e-05
1.7435,0.90782607059079,-0.30273557269995,-2.488409468095e-06,4.3578165984447e-05
1.74375,0.90572293578173,-0.3086821479875,-2.2323631062866e-06,4.3695981466059e-05
1.744,0.90357949917226,-0.31461649912206,-1.9750742254081e-06,4.3812617000157e-05
1.74425,0.90139580428974,-0.32053835869475,-1.7165464104378e-06,4.3928061957345e-05
1.7445,0.89917189614716,-0.32644745923599,-1.4567833226221e-06,4.4042305717378e-05
1.74475,0.89690782124313,-0.33234353321977,-1.1957886991985e-06,4.4155337669987e-05
1.745,0.89460362756185,-0.33822631306793,-9.3356635309949e-07,4.4267147215699e-05
1.74525,0.89225936457317,-0.34409553115433,-6.7012017263889e-07,4.4377723766654e-05
1.7455,0.88987508323249,-0.34995091980898,-4.0545412118227e-07,4.4487056747421e-05
1.74575,0.88745083598082,-0.35579221132211,-1.3957223679837e-07,4.4595135595806e-05
1.746,0.88498667674471,-0.36161913794822,1.2752136810759e-07,4.4701949763663e-05
1.74625,0.88248266093626,-0.36743143190999,3.9582250717591e-07,4.4807488717692e-05
1.7465,0.87993884545311,-0.37322882540219,6.6532692049594e-07,4.4911741940239e-05
1.74675,0.8773552886784,-0.37901105059552,9.3603027502384e-07,4.5014698930089e-05
1.747,0.87473205048074,-0.38477783964038,1.207928165021e-06,4.5116349203252e-05
1.74725,0.87206919221425,-0.39052892467056,1.4810161125105e-06,4.5216682293748e-05
1.7475,0.86936677671847,-0.39626403780689,1.7552895677495e-06,4.5315687754383e-05
1.74775,0.86662486831841,-0.40198291116082,2.0307439097224e-06,4.5413355157514e-05
1.748,0.86384353282448,-0.40768527683792,2.307374446652e-06,4.5509674095821e-05
1.74825,0.86102283753252,-0.41337086694131,2.5851764165272e-06,4.5604634183054e-05
1.7485,0.85816285122376,-0.41903941357507,2.8641449876522e-06,4.5698225054791e-05
1.74875,0.85526364416485,-0.42469064884749,3.144275259211e-06,4.5790436369174e-05
1.749,0.85232528810784,-0.43032430487432,3.4255622618529e-06,4.5881257807647e-05
1.74925,0.84934785629015,-0.43594011378194,3.7080009582969e-06,4.5970679075675e-05
1.7495,0.84633142343466,-0.44153780771042,3.991586243952e-06,4.605868990347e-05
1.74975,0.84327606574963,-0.44711711881652,4.2763129475593e-06,4.614528004669e-05
1.75,0.8401818609288,-0.45267777927666,4.5621758318521e-06,4.6230439287144e-05
1.75025,0.83704888815135,-0.45821952128971,4.8491695942334e-06,4.6314157433477e-05
1.7505,0.83387722808198,-0.46374207707983,5.1372888674747e-06,4.6396424321851e-05
1.75075,0.83066696287094,-0.46924517889907,5.4265282204314e-06,4.6477229816611e-05
1.751,0.82741817615408,-0.47472855903007,5.7168821587786e-06,4.6556563810944e-05
1.75125,0.82413095305289,-0.48019194978851,6.0083451257668e-06,4.6634416227526e-05
1.7515,0.82080538017461,-0.48563508352557,6.3009115029935e-06,4.6710777019154e-05
1.75175,0.81744154561226,-0.49105769263029,6.5945756111963e-06,4.6785636169372e-05
1.752,0.81403953894479,-0.49645950953182,6.8893317110663e-06,4.6858983693078e-05
1.75225,0.81059945123715,-0.50184026670154,7.1851740040759e-06,4.6930809637125e-05
1.7525,0.80712137504039,-0.50719969665521,7.4820966333314e-06,4.7001104080905e-05
1.75275,0.80360540439186,-0.51253753195487,7.7800936844399e-06,4.7069857136919e-05
1.753,0.80005163481527,-0.51785350521078,8.0791591863984e-06,4.7137058951334e-05
1.75325,0.79646016332092,-0.52314734908316,8.3792871125012e-06,4.7202699704529e-05
1.7535,0.79283108840585,-0.52841879628387,8.6804713812655e-06,4.7266769611621e-05
1.75375,0.78916451005407,-0.53366757957799,8.982705857377e-06,4.7329258922982e-05
1.754,0.78546052973671,-0.5388934317853,9.2859843526554e-06,4.7390157924732e-05
1.75425,0.78171925041232,-0.54409608578161,9.5903006270367e-06,4.7449456939227e-05
1.7545,0.77794077652711,-0.54927527450003,9.8956483895775e-06,4.7507146325522e-05
1.75475,0.77412521401521,-0.55443073093212,1.0202021299475e-05,4.7563216479822e-05
1.755,0.77027267029902,-0.55956218812884,1.0509412967111e-05,4.7617657835914e-05
1.75525,0.76638325428946,-0.56466937920154,1.0817816955109e-05,4.7670460865586e-05
1.7555,0.76245707638641,-0.56975203732269,1.1127226779414e-05,4.7721616079019e-05
1.75575,0.75849424847904,-0.57480989572653,1.1437635910391e-05,4.7771114025173e-05
1.756,0.75449488394622,-0.57984268770963,1.1749037773945e-05,4.7818945292141e-05
1.75625,0.75045909765697,-0.58485014663127,1.2061425752652e-05,4.78651005075e-05
1.7565,0.74638700597096,-0.58983200591374,1.2374793186917e-05,4.7909570338626e-05
1.75675,0.74227872673894,-0.59478799904242,1.2689133376149e-05,4.7952345493002e-05
1.757,0.73813437930337,-0.59971785956583,1.300443957995e-05,4.7993416718499e-05
1.75725,0.73395408449891,-0.60462132109546,1.3320705019332e-05,4.8032774803638e-05
1.7575,0.7297379646531,-0.60949811730549,1.3637922877945e-05,4.8070410577834e-05
1.75775,0.72548614358698,-0.61434798193234,1.3956086303325e-05,4.8106314911615e-05
1.758,0.72119874661578,-0.6191706487741,1.4275188408165e-05,4.814047871682e-05
1.75825,0.71687590054969,-0.62396585168977,1.45952222716e-05,4.8172892946774e-05
1.7585,0.7125177336946,-0.62873332459838,1.4916180940517e-05,4.8203548596446e-05
1.75875,0.70812437585298,-0.63347280147791,1.523805743087e-05,4.8232436702577e-05
1.759,0.70369595832473,-0.63818401636404,1.5560844729035e-05,4.8259548343785e-05
1.75925,0.69923261390813,-0.64286670334883,1.588453579316e-05,4.8284874640656e-05
1.7595,0.69473447690081,-0.64752059657906,1.6209123554556e-05,4.8308406755795e-05
1.75975,0.69020168310083,-0.65214543025451,1.6534600919085e-05,4.8330135893867e-05
1.76,0.68563436980776,-0.65674093862607,1.6860960768587e-05,4.8350053301606e-05
1.76025,0.68103267582386,-0.66130685599354,1.7188195962308e-05,4.8368150267796e-05
1.7605,0.6763967414553,-0.66584291670341,1.7516299338359e-05,4.8384418123236e-05
1.76075,0.6717267085135,-0.6703488551463,1.7845263715185e-05,4.8398848240666e-05
1.761,0.66702272031645,-0.67482440575425,1.8175081893058e-05,4.8411432034679e-05
1.76125,0.6622849216902,-0.67926930299787,1.8505746655584e-05,4.8422160961594e-05
1.7615,0.65751345897035,-0.68368328138316,1.8837250771233e-05,4.8431026519315e-05
1.76175,0.6527084800037,-0.6880660754482,1.9169586994882e-05,4.843802024715e-05
1.762,0.64787013414987,-0.69241741975962,1.950274806938e-05,4.8443133725605e-05
1.76225,0.64299857228317,-0.69673704890877,1.983672672713e-05,4.8446358576159e-05
1.7625,0.63809394679437,-0.70102469750779,2.017151569169e-05,4.8447686460994e-05
1.76275,0.63315641159274,-0.70528010018529,2.0507107679387e-05,4.8447109082707e-05
1.763,0.62818612210805,-0.70950299158191,2.0843495400961e-05,4.8444618183993e-05
1.76325,0.62318323529278,-0.71369310634557,2.1180671563214e-05,4.8440205547287e-05
1.7635,0.61814790962438,-0.7178501791265,2.1518628870683e-05,4.8433862994388e-05
1.76375,0.61308030510766,-0.72197394457197,2.1857360027335e-05,4.8425582386045e-05
1.764,0.60798058327725,-0.72606413732081,2.2196857738271e-05,4.8415355621513e-05
1.76425,0.60284890720031,-0.7301204919976,2.2537114711457e-05,4.8403174638078e-05
1.7645,0.59768544147918,-0.73414274320662,2.2878123659469e-05,4.8389031410552e-05
1.76475,0.59249035225432,-0.73813062552551,2.3219877301254e-05,4.837291795073e-05
1.765,0.58726380720735,-0.7420838734986,2.3562368363914e-05,4.8354826306819e-05
1.76525,0.58200597556414,-0.74600222163002,2.3905589584506e-05,4.8334748562835e-05
1.7655,0.57671702809819,-0.74988540437638,2.4249533711861e-05,4.8312676837962e-05
1.76575,0.57139713713404,-0.75373315613929,2.459419350842e-05,4.8288603285881e-05
1.766,0.56604647655094,-0.75754521125744,2.4939561752086e-05,4.8262520094061e-05
1.76625,0.56066522178663,-0.76132130399834,2.5285631238103e-05,4.8234419483022e-05
1.7665,0.55525354984131,-0.76506116854986,2.5632394780946e-05,4.8204293705558e-05
1.76675,0.54981163928176,-0.76876453901125,2.5979845216231e-05,4.8172135045923e-05
1.767,0.54433967024573,-0.77243114938395,2.6327975402644e-05,4.8137935818991e-05
1.76725,0.53883782444645,-0.77606073356193,2.6676778223892e-05,4.810168836937e-05
1.7675,0.53330628517735,-0.77965302532172,2.7026246590669e-05,4.8063385070488e-05
1.76775,0.52774523731706,-0.78320775831202,2.7376373442642e-05,4.8023018323635e-05
1.768,0.52215486733452,-0.78672466604299,2.7727151750455e-05,4.7980580556977e-05
1.76825,0.51653536329445,-0.79020348187503,2.807857451776e-05,4.793606422453e-05
1.7685,0.51088691486293,-0.79364393900725,2.8430634783256e-05,4.788946180509e-05
1.76875,0.50520971331333,-0.79704577046544,2.8783325622756e-05,4.7840765801142e-05
1.769,0.49950395153245,-0.80040870908969,2.9136640151269e-05,4.7789968737715e-05
1.76925,0.49376982402691,-0.80373248752151,2.9490571525112e-05,4.7737063161208e-05
1.7695,0.48800752692988,-0.8070168381905,2.9845112944025e-05,4.768204163818e-05
1.76975,0.48221725800805,-0.81026149330061,3.0200257653327e-05,4.7624896754096e-05
1.77,0.47639921666892,-0.81346618481585,3.0555998946077e-05,4.7565621112044e-05
1.77025,0.47055360396839,-0.81663064444556,3.0912330165263e-05,4.75042073314e-05
1.7705,0.46468062261868,-0.81975460362921,3.1269244706017e-05,4.7440648046473e-05
1.77075,0.45878047699665,-0.8228377935206,3.1626736017843e-05,4.7374935905095e-05
1.771,0.45285337315234,-0.82587994497163,3.1984797606872e-05,4.730706356719e-05
1.77125,0.44689951881799,-0.82888078851551,3.2343423038144e-05,4.7237023703284e-05
1.7715,0.44091912341741,-0.83184005434935,3.2702605937906e-05,4.7164808993002e-05
1.77175,0.43491239807573,-0.83475747231632,3.3062339995938e-05,4.7090412123504e-05
1.772,0.42887955562955,-0.83763277188709,3.3422618967903e-05,4.70138257879e-05
1.77225,0.42282081063758,-0.84046568214082,3.3783436677723e-05,4.6935042683621e-05
1.7725,0.41673637939162,-0.84325593174542,3.4144787019977e-05,4.6854055510751e-05
1.77275,0.41062647992811,-0.84600324893729,3.450666396233e-05,4.6770856970327e-05
1.773,0.40449133204009,-0.84870736150035,3.4869061547986e-05,4.6685439762601e-05
1.77325,0.39833115728965,-0.8513679967445,3.5231973898171e-05,4.6597796585265e-05
1.7735,0.392146179021,-0.85398488148331,3.5595395214638e-05,4.650792013164e-05
1.77375,0.38593662237389,-0.85655774201113,3.5959319782214e-05,4.6415803088836e-05
1.774,0.37970271429779,-0.85908630407946,3.6323741971362e-05,4.6321438135869e-05
1.77425,0.37344468356655,-0.86157029287256,3.6688656240789e-05,4.622481794175e-05
1.7745,0.36716276079361,-0.86400943298243,3.7054057140073e-05,4.6125935163545e-05
1.77475,0.36085717844796,-0.86640344838294,3.7419939312337e-05,4.6024782444393e-05
1.775,0.3545281708707,-0.86875206240322,3.7786297496942e-05,4.5921352411506e-05
1.77525,0.3481759742922,-0.87105499770031,3.8153126532233e-05,4.5815637674128e-05
1.7755,0.34180082685009,-0.87331197623092,3.8520421358305e-05,4.5707630821476e-05
1.77575,0.3354029686079,-0.87552271922245,3.8888177019825e-05,4.5597324420647e-05
1.776,0.32898264157451,-0.8776869471431,3.9256388668879e-05,4.5484711014507e-05
1.77625,0.32254008972431,-0.8798043796711,3.962505156787e-05,4.5369783119547e-05
1.7765,0.31607555901825,-0.88187473566315,3.9994161092457e-05,4.5252533223731e-05
1.77675,0.30958929742578,-0.88389773312181,4.0363712734539e-05,4.5132953784311e-05
1.777,0.30308155494754,-0.8858730891621,4.0733702105291e-05,4.5011037225635e-05
1.77725,0.29655258363909,-0.88780051997701,4.110412493824e-05,4.4886775936938e-05
1.7775,0.29000263763556,-0.88967974080215,4.1474977092403e-05,4.4760162270118e-05
1.77775,0.28343197317727,-0.8915104658793,4.1846254555475e-05,4.4631188537509e-05
1.778,0.27684084863647,-0.89329240841903,4.2217953447075e-05,4.4499847009645e-05
1.77825,0.27022952454501,-0.89502528056216,4.259007002205e-05,4.436612991302e-05
1.7785,0.26359826362327,-0.89670879334025,4.2962600673847e-05,4.4230029427857e-05
1.77875,0.25694733081018,-0.89834265663493,4.3335541937943e-05,4.4091537685879e-05
1.779,0.25027699329444,-0.89992657913609,4.3708890495356e-05,4.3950646768089e-05
1.77925,0.24358752054705,-0.90146026829899,4.4082643176215e-05,4.3807348702567e-05
1.7795,0.23687918435509,-0.90294343030006,4.4456796963424e-05,4.3661635462293e-05
1.77975,0.23015225885689,-0.90437576999167,4.4831348996393e-05,4.3513498962991e-05
1.78,0.22340702057858,-0.90575699085545,4.5206296574862e-05,4.3362931061009e-05
1.78025,0.2166437484722,-0.90708679495452,4.5581637162819e-05,4.3209923551237e-05
1.7805,0.20986272395515,-0.90836488288436,4.5957368392505e-05,4.3054468165076e-05
1.78075,0.20306423095145,-0.90959095372229,4.6333488068534e-05,4.2896556568461e-05
1.781,0.19624855593451,-0.91076470497567,4.6709994172106e-05,4.2736180359949e-05
1.78125,0.18941598797163,-0.91188583252873,4.708688486535e-05,4.2573331068878e-05
1.7815,0.18256681877033,-0.91295403058786,4.7464158495777e-05,4.2408000153617e-05
1.78175,0.1757013427265,-0.91396899162556,4.784181360087e-05,4.2240178999904e-05
1.782,0.16881985697455,-0.91493040632285,4.8219848912806e-05,4.2069858919296e-05
1.78225,0.16192266143947,-0.91583796351017,4.8598263363327e-05,4.1897031147738e-05
1.7825,0.15501005889101,-0.9166913501067,4.8977056088771e-05,4.1721686844265e-05
1.78275,0.14808235500015,-0.91749025105815,4.9356226435259e-05,4.1543817089861e-05
1.783,0.14113985839768,-0.9182343492728,4.9735773964068e-05,4.1363412886472e-05
1.78325,0.13418288073518,-0.91892332555606,5.0115698457191e-05,4.1180465156217e-05
1.7835,0.12721173674857,-0.91955685854312,5.0495999923097e-05,4.0994964740795e-05
1.78375,0.120226744324,-0.92013462463003,5.087667860271e-05,4.0806902401116e-05
1.784,0.11322822456662,-0.92065629790292,5.1257734975615e-05,4.0616268817187e-05
1.78425,0.10621650187197,-0.92112155006544,5.1639169766515e-05,4.0423054588266e-05
1.7845,0.099191904000269,-0.92153005036431,5.2020983951955e-05,4.0227250233315e-05
1.78475,0.092154762153771,-0.92188146551302,5.2403178767322e-05,4.0028846191783e-05
1.785,0.085105411057189,-0.92217545961357,5.2785755714162e-05,3.9827832824752e-05
1.78525,0.078044189041352,-0.92241169407628,5.3168716567815e-05,3.9624200416473e-05
1.7855,0.07097143813032,-0.92258982753751,5.3552063385407e-05,3.9417939176336e-05
1.78575,0.063887504131934,-0.92270951577543,5.3935798514222e-05,3.9209039241315e-05
1.786,0.056792736732127,-0.92277041162362,5.4319924600481e-05,3.8997490678921e-05
1.78625,0.049687489592996,-0.9227721648826,5.4704444598556e-05,3.878328349073e-05
1.7865,0.042572120454868,-0.92271442222909,5.508936178067e-05,3.8566407616516e-05
1.78675,0.035446991242563,-0.9225968271232,5.5474679747096e-05,3.8346852939058e-05
1.787,0.028312468175933,-0.92241901971324,5.5860402436916e-05,3.8124609289686e-05
1.78725,0.021168921884904,-0.92218063673829,5.6246534139378e-05,3.7899666454616e-05
1.7875,0.014016727529282,-0.92188131142845,5.6633079505893e-05,3.7672014182163e-05
1.78775,0.0068562649233562,-0.92152067340268,5.7020043562739e-05,3.7441642190897e-05
1.788,-0.00031208133429988,-0.92109834856427,5.7407431724515e-05,3.7208540178845e-05
1.78825,-0.007487921725771,-0.92061395899381,5.7795249808425e-05,3.6972697833809e-05
1.7885,-0.0146708616732,-0.92006712283971,5.8183504049447e-05,3.6734104844917e-05
1.78875,-0.021860501392342,-0.91945745420619,5.8572201116472e-05,3.6492750915526e-05
1.789,-0.029056435740189,-0.9187845630387,5.8961348129499e-05,3.6248625777567e-05
1.78925,-0.036258254056209,-0.91804805500676,5.9350952677968e-05,3.6001719207497e-05
1.7895,-0.0434655399971,-0.91724753138413,5.9741022840346e-05,3.5752021043987e-05
1.78975,-0.050677871364703,-0.91638258892643,6.013156720507e-05,3.5499521207495e-05
1.79,-0.057894819926731,-0.91545281974594,6.0522594892968e-05,3.5244209721918e-05
1.79025,-0.065115951230106,-0.91445781118377,6.0914115581301e-05,3.4986076738486e-05
1.7905,-0.072340824406551,-0.91339714567933,6.1306139529569e-05,3.472511256213e-05
1.79075,-0.079568991970012,-0.91227040063693,6.1698677607253e-05,3.446130768052e-05
1.791,-0.086799999605695,-0.9110771482897,6.2091741323664e-05,3.419465279605e-05
1.79125,-0.094033385950285,-0.90981695556073,6.2485342860122e-05,3.3925138861017e-05
1.7915,-0.10126868236289,-0.90848938392136,6.2879495104661e-05,3.3652757116312e-05
1.79175,-0.10850541268649,-0.9070939892467,6.327421168953e-05,3.3377499133927e-05
1.792,-0.11574309299925,-0.90563032166836,6.366950703176e-05,3.3099356863663e-05
1.79225,-0.1229812313554,-0.9040979254244,6.4065396377095e-05,3.281832268441e-05
1.7925,-0.13021932751527,-0.90249633870645,6.4461895847637e-05,3.2534389460455e-05
1.79275,-0.13745687266375,-0.90082509350414,6.4859022493577e-05,3.2247550603281e-05
1.793,-0.14469334911698,-0.89908371544673,6.5256794349436e-05,3.19578001394e-05
1.79325,-0.1519282300165,-0.89727172364214,6.5655230495289e-05,3.1665132784788e-05
1.7935,-0.15916097901041,-0.8953886305132,6.6054351123492e-05,3.1369544026587e-05
1.79375,-0.16639104992104,-0.89343394163142,6.6454177611513e-05,3.1071030212768e-05
1.794,-0.1736178863983,-0.89140715554817,6.6854732601505e-05,3.0769588650558e-05
1.79425,-0.18084092155828,-0.88930776362343,6.7256040087383e-05,3.0465217714499e-05
1.7945,-0.1880595776064,-0.88713524985215,6.765812551022e-05,3.0157916965115e-05
1.79475,-0.19527326544431,-0.88488909068842,6.8061015862903e-05,2.9847687279259e-05
1.795,-0.2024813842599,-0.88256875486744,6.8464739805094e-05,2.9534530993345e-05
1.79525,-0.2096833210997,-0.88017370322551,6.8869327789686e-05,2.9218452060787e-05
1.7955,-0.2168784504227,-0.87770338851825,6.9274812202094e-05,2.8899456225145e-05
1.79575,-0.22406613363503,-0.87515725523704,6.9681227513895e-05,2.8577551210624e-05
1.796,-0.23124571860426,-0.87253473942412,7.0088610452524e-05,2.8252746931781e-05
1.79625,-0.23841653915283,-0.86983526848641,7.0497000188994e-05,2.7925055724504e-05
1.7965,-0.24557791452927,-0.86705826100831,7.0906438545835e-05,2.7594492600584e-05
1.79675,-0.25272914885644,-0.86420312656388,7.1316970227782e-05,2.7261075528479e-05
1.797,-0.25986953055568,-0.86126926552856,7.172864307809e-05,2.6924825743176e-05
1.79725,-0.26699833174571,-0.85825606889089,7.2141508363767e-05,2.6585768088434e-05
1.7975,-0.27411480761529,-0.85516291806454,7.2555621093481e-05,2.6243931395098e-05
1.79775,-0.28121819576821,-0.85198918470111,7.2971040372474e-05,2.5899348899642e-05
1.798,-0.28830771553959,-0.84873423050415,7.3387829799443e-05,2.555205870763e-05
1.79825,-0.29538256728195,-0.84539740704495,7.3806057911123e-05,2.5202104307418e-05
1.7985,-0.30244193161992,-0.84197805558056,7.4225798681174e-05,2.4849535140103e-05
1.79875,-0.3094849686719,-0.83847550687484,7.4647132081037e-05,2.449440723254e-05
1.799,-0.31651081723729,-0.83488908102299,7.5070144711626e-05,2.4136783901194e-05
1.79925,-0.32351859394783,-0.83121808728053,7.5494930516196e-05,2.3776736535634e-05
1.7995,-0.33050739238106,-0.82746182389739,7.5921591586413e-05,2.3414345471747e-05
1.79975,-0.33747628213465,-0.82361957795808,7.6350239075722e-05,2.304970096616e-05
1.8,-0.34442430785934,-0.81969062522886,7.6780994236488e-05,2.2682904285026e-05
1.80025,-0.35135048824895,-0.81567423001309,7.7213989600333e-05,2.2314068922241e-05
1.8005,-0.35825381498534,-0.81156964501575,7.7649370324515e-05,2.1943321964419e-05
1.80075,-0.36513325163627,-0.80737611121853,7.808729573141e-05,2.1570805622547e-05
1.801,-0.37198773250415,-0.80309285776688,7.8527941073158e-05,2.1196678953275e-05
1.80125,-0.37881616142327,-0.79871910187043,7.8971499559685e-05,2.0821119796366e-05
1.8015,-0.38561741050333,-0.79425404871852,7.9418184695677e-05,2.0444326959005e-05
1.80175,-0.39239031881681,-0.78969689141255,7.9868232981192e-05,2.006652268252e-05
1.802,-0.3991336910276,-0.78504681091716,8.0321907041647e-05,1.9687955432826e-05
1.80225,-0.4058462959584,-0.78030297603231,8.077949926661e-05,1.9308903062653e-05
1.8025,-0.41252686509395,-0.77546454338857,8.1241336053695e-05,1.8929676401519e-05
1.80275,-0.41917409101752,-0.77053065746819,8.1707782774794e-05,1.8550623338797e-05
1.803,-0.42578662577743,-0.76550045065442,8.2179249608098e-05,1.8172133476202e-05
1.80325,-0.43236307918077,-0.7603730433124,8.2656198412054e-05,1.7794643438974e-05
1.8035,-0.43890201701103,-0.75514754390445,8.3139150858818e-05,1.7418642950299e-05
1.80375,-0.44540195916637,-0.74982304914349,8.3628698097058e-05,1.7044681791327e-05
1.804,-0.45186137771511,-0.74439864418813,8.41255122807e-05,1.6673377790044e-05
1.80425,-0.45827869486499,-0.73887340288374,8.4630360385726e-05,1.6305426006492e-05
1.8045,-0.46465228084254,-0.73324638805367,8.5144120847379e-05,1.5941609309694e-05
1.80475,-0.4709804516788,-0.72751665184562,8.566780369323e-05,1.5582810573283e-05
1.805,-0.47726146689756,-0.72168323613816,8.6202575034524e-05,1.5230026751926e-05
1.80525,-0.48349352710215,-0.71574517301314,8.6749787024146e-05,1.4884385138263e-05
1.8055,-0.4896747714569,-0.70970148530002,8.7311014715428e-05,1.4547162137911e-05
1.80575,-0.49580327505883,-0.70355118719867,8.7888101691124e-05,1.4219804933855e-05
1.806,-0.50187704619565,-0.69729328498774,8.8483216917276e-05,1.3903956432851e-05
1.80625,-0.50789402348564,-0.69092677782636,8.9098926070943e-05,1.3601483880613e-05
1.8065,-0.51385207289516,-0.68445065865742,8.9738281677169e-05,1.3314511473468e-05
1.80675,-0.51974898462928,-0.6778639152214,9.0404937889761e-05,1.3045457136445e-05
1.807,-0.52558246989134,-0.67116553119049,9.1103297837485e-05,1.2797073302608e-05
1.80725,-0.53135015750688,-0.66435448743353,9.1838704388766e-05,1.2572490878908e-05
1.8075,-0.53704959040776,-0.65742976342297,9.2617689342259e-05,1.2375264380836e-05
1.80775,-0.54267822197199,-0.65039033879607,9.3448301988689e-05,1.220941404201e-05
1.808,-0.54823341221527,-0.64323519508372,9.4340546544697e-05,1.207945681073e-05
1.80825,-0.55371242383013,-0.6359633176208,9.5306970368512e-05,1.1990411199353e-05
1.8085,-0.55911241806888,-0.62857369765355,9.6363462946134e-05,1.1947748531869e-05
1.80875,-0.56443045046664,-0.62106533466046,9.7530351988137e-05,1.1957240785598e-05
1.809,-0.56966346640148,-0.61343723890435,9.8833921129601e-05,1.2024614634288e-05
1.80925,-0.57480829648847,-0.60568843423487,0.00010030852785151,1.2154846757042e-05
1.8095,-0.57986165180551,-0.59781796116182,0.00010199957336037,1.2350796903777e-05
1.80975,-0.58482011894901,-0.58982488022154,0.00010396766360078,1.2610614591375e-05
1.81,-0.58968015491833,-0.58170827566007,0.00010629436946015,1.2922860895552e-05
1.81025,-0.59443808182863,-0.57346725945852,0.00010908992304836,1.3257347747577e-05
1.8105,-0.59909008145286,-0.56510097572788,0.00011250259405805,1.3547941190494e-05
1.81075,-0.60363218959453,-0.55660860550287,0.00011672726753174,1.3660467360009e-05
1.811,-0.60806029029445,-0.5479893719658,0.00012200389314137,1.3334205200907e-05
1.81125,-0.61237010987575,-0.53924254613421,0.00012857781634275,1.2082272221138e-05
1.8115,-0.61655721083368,-0.53036745304806,0.0001365513264974,9.0521259120258e-06
1.81175,-0.62061698557827,-0.5213634784946,0.00014549481046625,2.9442326987724e-06
1.812,-0.62454465004026,-0.51223007631184,0.00015375835057832,-7.6286281112694e-06
1.81225,-0.6283352371535,-0.5029667763138,0.00015812458034976,-2.2725324053013e-05
1.8125,-0.63198359022954,-0.49357319288362,0.00015554107051848,-3.9305381173839e-05
1.81275,-0.63548435624383,-0.48404903428355,0.00014647535056202,-5.2479346263708e-05
1.813,-0.6388319790564,-0.47439411273328,0.00013481817306835,-5.9710280367542e-05
1.81325,-0.64202069259415,-0.46460835531147,0.00012412715582992,-6.1958968205483e-05
1.8135,-0.64504451402674,-0.45469181573789,0.00011579380459397,-6.1377571540179e-05
1.81375,-0.64789723697318,-0.44464468709677,0.00010976809223353,-5.9618835616611e-05
1.814,-0.65057242478229,-0.43446731556483,0.00010554016072883,-5.7587769353265e-05
1.81425,-0.65306340393684,-0.42416021521011,0.00010259865409862,-5.5694259855741e-05
1.8145,-0.6553632576384,-0.41372408393065,0.0001005505911237,-5.4091729757262e-05
1.81475,-0.65746481963846,-0.40315982060442,9.9119434947436e-05,-5.2815945463806e-05
1.815,-0.6593606683901,-0.39246854352417,9.811614821235e-05,-5.185378373734e-05
1.81525,-0.66104312160497,-0.38165161019274,9.7412010159761e-05,-5.11748249185e-05
1.8155,-0.66250423131112,-0.37071063855564,9.6918689838725e-05,-5.0745087612562e-05
1.81575,-0.66373577951966,-0.35964752974879,9.6574759042884e-05,-5.0532561016945e-05
1.816,-0.66472927462159,-0.34846449243907,9.633680748595e-05,-5.0509082778626e-05
1.81625,-0.66547594865072,-0.33716406883475,9.61736189057e-05,-5.0650651506001e-05
1.8165,-0.66596675556478,-0.32574916244074,9.606233310226e-05,-5.0937119075894e-05
1.81675,-0.66619237071392,-0.31422306763076,9.5985890363403e-05,-5.1351681865485e-05
1.817,-0.66614319168477,-0.3025895011033,9.5931307992604e-05,-5.1880349501125e-05
1.81725,-0.6658093407282,-0.29085263528215,9.5888501973232e-05,-5.2511460650879e-05
1.8175,-0.66518066900082,-0.2790171337133,9.584947005008e-05,-5.3235266928173e-05
1.81775,-0.66424676287287,-0.26708818849884,9.5807717543395e-05,-5.404358541588e-05
1.818,-0.66299695257989,-0.25507155979484,9.5757848356009e-05,-5.4929512491869e-05
1.81825,-0.66142032352091,-0.24297361738231,9.5695269891896e-05,-5.5887189476068e-05
1.8185,-0.6595057305325,-0.2308013842997,9.5615977544047e-05,-5.6911610844773e-05
1.81875,-0.6572418154957,-0.21856258250017,9.5516395468769e-05,-5.7998466864805e-05
1.819,-0.65461702866051,-0.20626568046624,9.5393257673516e-05,-5.914401381819e-05
1.81925,-0.65161965410106,-0.19391994267982,9.5243518337758e-05,-6.0344966238299e-05
1.8195,-0.648237839742,-0.18153548080347,9.5064283601433e-05,-6.15984066625e-05
1.81975,-0.64445963242339,-0.16912330638139,9.4852759329367e-05,-6.2901709305609e-05
1.82,-0.64027301849638,-0.1566953848134,9.4606210938492e-05,-6.4252474787161e-05
1.82025,-0.63566597046363,-0.14426469029233,9.432193248351e-05,-6.5648473629008e-05
1.8205,-0.6306265001971,-0.13184526132436,9.3997222984913e-05,-6.7087596704326e-05
1.82075,-0.6251427192783,-0.11945225637197,9.362936855021e-05,-6.8567811189112e-05
1.821,-0.61920290701253,-0.10710200907022,9.321562925197e-05,-7.0087120862791e-05
1.82125,-0.6127955866662,-0.094812082369099,9.2753230030424e-05,-7.1643529842355e-05
1.8215,-0.6059096104632,-0.082601320846781,9.2239355115026e-05,-7.3235009027872e-05
1.82175,-0.59853425385057,-0.070489900322337,9.1671145630336e-05,-7.4859464696722e-05
1.822,-0.59065931950268,-0.058499373771272,9.1045700181595e-05,-7.6514708817925e-05
1.82225,-0.58227525147369,-0.046652712414479,9.036007831495e-05,-7.819843077302e-05
1.8225,-0.5733732598282,-0.034974340712872,8.9611306823438e-05,-7.9908170271188e-05
1.82275,-0.56394545597584,-0.023490163857529,8.8796388927462e-05,-8.1641291337729e-05
1.823,-0.55398499880449,-0.012227586201211,8.7912316400629e-05,-8.3394957339781e-05
1.82325,-0.543486251546,-0.0012155189365446,8.6956084740482e-05,-8.5166107093427e-05
1.8235,-0.53244494911429,0.0095156248087259,8.5924711499689e-05,-8.6951432173907e-05
1.82375,-0.52085837542676,0.019933949410781,8.481525789702e-05,-8.8747355626472e-05
1.824,-0.50872554995424,0.030006112778002,8.3624853818736e-05,-9.055001234987e-05
1.82425,-0.49604742244,0.039697381101452,8.2350726299052e-05,-9.2355231497668e-05
1.8245,-0.48282707438691,0.048971704503465,8.0990231532597e-05,-9.4158521313497e-05
1.82475,-0.46906992553281,0.057791815760771,7.9540890420981e-05,-9.5955056884045e-05
1.825,-0.45478394312253,0.066119354224832,7.8000427589155e-05,-9.773967135583e-05
1.82525,-0.43997985134542,0.073915016944872,7.6366813724353e-05,-9.9506851216351e-05
1.8255,-0.42467133784723,0.08113873880759,7.463831099071e-05,-0.00010125073628381
1.82575,-0.40887525375575,0.087749903231045,7.2813521156696e-05,-0.00010296512507861
1.826,-0.39261180319459,0.093707584580036,7.0891435941007e-05,-0.00010464348626013
1.82625,-0.37590471781317,0.098970822998704,6.8871488937762e-05,-0.00010627897679951
1.8265,-0.35878141145648,0.10349893177741,6.6753608326888e-05,-0.00010786446751883
1.82675,-0.34127310975466,0.10725183668393,6.4538269414909e-05,-0.00010939257655424
1.827,-0.32341494915543,0.11019044589595,6.2226545890799e-05,-0.0001108557111925
1.82725,-0.30524603978066,0.11227704827992,5.9820158528794e-05,-0.00011224611838299
1.8275,-0.28680948648384,0.1134757367854,5.7321519933256e-05,-0.00011355594403951
1.82775,-0.26815236265006,0.11375285268262,5.4733773810258e-05,-0.00011477730101847
1.828,-0.24932563163339,0.11307744529429,5.2060827176672e-05,-0.00011590234539491
1.82825,-0.23038401129067,0.11142174079247,4.9307373891116e-05,-0.00011692336036055
1.8285,-0.21138577785886,0.10876161259149,4.6478907922606e-05,-0.00011783284674693
1.82875,-0.19239250643985,0.10507704491374,4.3581724870746e-05,-0.00011862361884413
1.829,-0.17346874659802,0.10035258028895,4.0622910422737e-05,-0.00011928890385439
1.82925,-0.15468163302542,0.094577741121555,3.7610314680628e-05,-0.00011982244300892
1.8295,-0.13610043285663,0.087747415077184,3.4552511616064e-05,-0.00012021859210285
1.82975,-0.11779603297916,0.079862193946179,3.1458743304145e-05,-0.00012047241898761
1.83,-0.099840372528703,0.070928655878816,2.833884904145e-05,-0.00012057979542032
1.83025,-0.082305827614677,0.060959581482203,2.5203179949823e-05,-0.00012053748062374
1.8305,-0.065264557115337,0.049974095236811,2.2062500186162e-05,-0.00012034319396878
1.83075,-0.048787820030883,0.037997725027083,1.8927876394125e-05,-0.00011999567436426
1.831,-0.032945276304529,0.025062374262148,1.5810557519001e-05,-0.00011949472422495
1.83125,-0.017804284139128,0.011206203047428,1.2721847534407e-05,-0.00011884123628311
1.8315,-0.0034292075781301,-0.0035265829085625,9.6729739721274e-06,-0.00011803720199787
1.83175,0.010119251567439,-0.019086034583264,6.6749553822001e-06,-0.00011708570087864
1.832,0.022784683517653,-0.035416849604257,3.7384709619366e-06,-0.00011599087064869
1.83225,0.03451554875299,-0.052458843950807,8.7373557042669e-07,-0.00011475785880075
1.8325,0.045265692480402,-0.070147497174606,-1.9096168119303e-06,-0.00011339275670674
1.83275,0.054994784678504,-0.08841456088095,-4.6026384044125e-06,-0.00011190251800618
1.833,0.063668676974753,-0.1071887184978,-7.1971593503425e-06,-0.00011029486348298
1.83325,0.071259669815355,-0.12639628304928,-9.6858639553322e-06,-0.00010857817502595
1.8335,0.077746685799822,-0.14596191879552,-1.2062350100435e-05,-0.00010676138153524
1.83375,0.08311534756267,-0.165809372231,-1.4321171074218e-05,-0.00010485383977834
1.834,0.087357961089107,-0.18586219805456,-1.6457859652563e-05,-0.00010286521321278
1.83425,0.090473407746603,-0.20604446631576,-1.8468934812499e-05,-0.0001008053516855
1.8345,0.092466950505998,-0.2262814379604,-2.0351891970948e-05,-9.868417470532e-05
1.83475,0.093349961736012,-0.24650019738149,-2.2105178070963e-05,-9.651156068279e-05
1.835,0.093139581522803,-0.26663023225548,-2.3728153182616e-05,-9.4297244164085e-05
1.83525,0.091858316651599,-0.28660395281919,-2.5221040535414e-05,-9.2050722675891e-05
1.8355,0.089533591172145,-0.30635714473567,-2.6584867052808e-05,-8.9781174369739e-05
1.83575,0.086197259855431,-0.32582935171731,-2.7821396520795e-05,-8.7497387229039e-05
1.836,0.081885095856718,-0.3449641860441,-2.8933057500584e-05,-8.5207700198499e-05
1.83625,0.076636263564691,-0.36370956696461,-2.9922868001782e-05,-8.2919956228686e-05
1.8365,0.07049278698682,-0.38201788863793,-3.0794358781171e-05,-8.0641466909123e-05
1.83675,0.063499023151274,-0.39984612072905,-3.1551496938085e-05,-7.8378988097905e-05
1.837,0.05570114895581,-0.41715584597555,-3.2198611254873e-05,-7.6138705747513e-05
1.83725,0.04714666872287,-0.43391323999134,-3.2740320493692e-05,-7.3926230974594e-05
1.8375,0.037883948483899,-0.45008899926114,-3.3181465620702e-05,-7.1746603322879e-05
1.83775,0.027961781766411,-0.46565822371872,-3.3527046695565e-05,-6.9604301118091e-05
1.838,0.017428990438178,-0.48060026051223,-3.3782164945633e-05,-6.7503257805068e-05
1.83825,0.0063340630101418,-0.49489851556719,-3.3951970346007e-05,-6.5446883183379e-05
1.8385,-0.0052751682583459,-0.50854023939144,-3.404161485222e-05,-6.343808851116e-05
1.83875,-0.017351811052589,-0.52151629325782,-3.4056211283552e-05,-6.1479314520727e-05
1.839,-0.029850157913484,-0.53382090148301,-3.4000797732196e-05,-5.9572561477216e-05
1.83925,-0.042725893473042,-0.54545139502282,-3.3880307275897e-05,-5.7719420507532e-05
1.8395,-0.055936265679355,-0.55640795105589,-3.3699542697545e-05,-5.5921105526212e-05
1.83975,-0.069440223108038,-0.56669333265221,-3.3463155862369e-05,-5.417848518372e-05
1.84,-0.083198520773579,-0.57631263204189,-3.3175631369149e-05,-5.249211435799e-05
1.84025,-0.097173797065657,-0.58527302043162,-3.2841274073589e-05,-5.0862264799503e-05
1.8405,-0.11133062455361,-0.59358350677261,-3.2464200076937e-05,-4.9288954622409e-05
1.84075,-0.12563553744232,-0.60125470737797,-3.2048330778475e-05,-4.7771976408046e-05
1.841,-0.14005703843591,-0.60829862782304,-3.1597389604333e-05,-4.6310923752489e-05
1.84125,-0.15456558768569,-0.6147284581462,-3.1114901045007e-05,-4.4905216146288e-05
1.8415,-0.16913357637808,-0.6205583820006,-3.0604191658174e-05,-4.3554122122626e-05
1.84175,-0.18373528736594,-0.62580340008934,-3.0068392720324e-05,-4.2256780650342e-05
1.842,-0.19834684507359,-0.63047916794665,-2.9510444239138e-05,-4.1012220781123e-05
1.84225,-0.21294615672031,-0.6346018479032,-2.8933100067262e-05,-3.9819379586407e-05
1.8425,-0.22751284671421,-0.63818797489085,-2.8338933886519e-05,-3.8677118440038e-05
1.84275,-0.24202818587569,-0.64125433559726,-2.7730345858948e-05,-3.758423771802e-05
1.843,-0.25647501696105,-0.64381786037097,-2.7109569766933e-05,-3.6539489997717e-05
1.84325,-0.27083767777471,-0.64589552719614,-2.6478680488873e-05,-3.5541591846162e-05
1.8435,-0.28510192298665,-0.64750427700194,-2.5839601679044e-05,-3.458923429135e-05
1.84375,-0.29925484561155,-0.64866093953868,-2.5194113540553e-05,-3.368109207217e-05
1.844,-0.31328479895775,-0.64938216903803,-2.4543860598522e-05,-3.2815831762355e-05
1.84425,-0.32718131971975,-0.64968438887596,-2.3890359396839e-05,-3.1992118861984e-05
1.8445,-0.34093505276615,-0.64958374446925,-2.323500605625e-05,-3.1208623947115e-05
1.84475,-0.35453767806629,-0.64909606365906,-2.2579083644089e-05,-3.0464027964136e-05
1.845,-0.36798184010266,-0.64823682386446,-2.1923769316949e-05,-2.9757026750982e-05
1.84525,-0.3812610800314,-0.64702112532354,-2.1270141207e-05,-2.9086334862425e-05
1.8455,-0.39436977078019,-0.64546366977824,-2.0619185030743e-05,-2.845068877148e-05
1.84575,-0.40730305520892,-0.64357874399953,-1.997180040583e-05,-2.7848849513795e-05
1.846,-0.42005678740445,-0.64138020759118,-1.932880686734e-05,-2.7279604836695e-05
1.84625,-0.43262747713511,-0.63888148455266,-1.8690949579658e-05,-2.6741770909439e-05
1.8465,-0.44501223745153,-0.63609555812242,-1.8058904744072e-05,-2.6234193646433e-05
1.84675,-0.45720873538879,-0.63303496846375,-1.7433284705351e-05,-2.5755749690391e-05
1.847,-0.46921514569832,-0.62971181279388,-1.6814642763182e-05,-2.5305347098077e-05
1.84725,-0.48103010751661,-0.62613774759418,-1.6203477696303e-05,-2.4881925767092e-05
1.8475,-0.49265268386107,-0.62232399257456,-1.5600238008728e-05,-2.448445763833e-05
1.84775,-0.50408232382928,-0.61828133609866,-1.5005325908615e-05,-2.4111946705126e-05
1.848,-0.51531882736845,-0.6140201418072,-1.4419101031107e-05,-2.3763428856859e-05
1.84825,-0.52636231247335,-0.6095503562069,-1.3841883917032e-05,-2.3437971581717e-05
1.8485,-0.53721318466594,-0.60488151701959,-1.327395925966e-05,-2.313467355061e-05
1.84875,-0.5478721086062,-0.60002276211226,-1.2715578931776e-05,-2.2852664101665e-05
1.849,-0.5583399816815,-0.59498283885328,-1.2166964805348e-05,-2.2591102642508e-05
1.84925,-0.56861790942103,-0.58977011376337,-1.1628311375879e-05,-2.2349177985437e-05
1.8495,-0.57870718258252,-0.58439258235192,-1.1099788203272e-05,-2.2126107628774e-05
1.84975,-0.58860925576014,-0.57885787905073,-1.0581542180713e-05,-2.1921136995991e-05
1.85,-0.59832572736495,-0.5731732871779,-1.0073699642705e-05,-2.1733538642737e-05
1.85025,-0.60785832083413,-0.56734574888441,-9.5763683229363e-06,-2.1562611440542e-05
1.8505,-0.61720886692992,-0.56138187505615,-9.0896391722422e-06,-2.1407679744789e-05
1.85075,-0.62637928699719,-0.55528795516295,-8.6135880464416e-06,-2.1268092553498e-05
1.851,-0.63537157705712,-0.54906996706525,-8.1482772733572e-06,-2.1143222662515e-05
1.85125,-0.64418779262601,-0.54273358680768,-7.6937571078751e-06,-2.103246582187e-05
1.8515,-0.65283003416226,-0.53628419844561,-7.2500670834089e-06,-2.0935239897342e-05
1.85175,-0.66130043306098,-0.52972690396778,-6.8172372677126e-06,-2.0850984040616e-05
1.852,-0.66960113813581,-0.52306653339165,-6.3952894305218e-06,-2.0779157870843e-05
1.85225,-0.67773430255064,-0.51630765512049,-5.9842381300998e-06,-2.0719240669934e-05
1.8525,-0.68570207118976,-0.50945458665921,-5.5840917253622e-06,-2.0670730593461e-05
1.85275,-0.69350656848477,-0.50251140578942,-5.194853319867e-06,-2.0633143898683e-05
1.853,-0.70114988674777,-0.49548196230256,-4.8165216436066e-06,-2.0606014190858e-05
1.85325,-0.708634075093,-0.48836989038094,-4.4490918782073e-06,-2.0588891688746e-05
1.8535,-0.7159611290626,-0.48117862170012,-4.092556430821e-06,-2.0581342509943e-05
1.85375,-0.72313298110268,-0.47391139930087,-3.7469056617113e-06,-2.0582947976481e-05
1.854,-0.73015149206312,-0.46657129224555,-3.4121285702816e-06,-2.0593303940967e-05
1.85425,-0.73701844391511,-0.45916121103069,-3.0882134440314e-06,-2.0612020133347e-05
1.8545,-0.7437355338916,-0.4516839236787,-2.7751484747351e-06,-2.0638719528305e-05
1.85475,-0.75030437025562,-0.44414207237501,-2.472922345924e-06,-2.0673037733161e-05
1.855,-0.75672646988654,-0.43653819045946,-2.181524795593e-06,-2.0714622396076e-05
1.85525,-0.76300325784447,-0.42887471952282,-1.9009471579062e-06,-2.0763132634301e-05
1.8555,-0.7691360690267,-0.42115402630669,-1.631182887544e-06,-2.0818238482144e-05
1.85575,-0.77512615196755,-0.4133784190627,-1.3722280702465e-06,-2.0879620358332e-05
1.856,-0.78097467475907,-0.40555016299865,-1.1240819230157e-06,-2.0946968552382e-05
1.85625,-0.78668273298421,-0.3976714944301,-8.8674728740132e-07,-2.1019982729628e-05
1.8565,-0.79225135946564,-0.38974463326854,-6.6023111925347e-07,-2.1098371454524e-05
1.85675,-0.79768153554627,-0.38177179351302,-4.4454497833088e-07,-2.1181851731898e-05
1.857,-0.80297420353874,-0.37375519147173,-2.3970552116688e-07,-2.1270148565826e-05
1.85725,-0.80813027991803,-0.36569705151934,-4.5735000653601e-08,-2.1362994535868e-05
1.8575,-0.8131506687889,-0.35759960929159,1.3733822412526e-07,-2.146012939044e-05
1.85775,-0.8180362751432,-0.3494651123241,3.0947916417242e-07,-2.1561299657198e-05
1.858,-0.82278801743194,-0.34129581824957,4.7064565918157e-07,-2.1666258270349e-05
1.85825,-0.82740683901426,-0.3330939907695,6.2078781451907e-07,-2.1774764214954e-05
1.8585,-0.83189371810794,-0.3248618937057,7.5984741240908e-07,-2.188658218836e-05
1.85875,-0.83624967594633,-0.31660178350601,8.8775729290696e-07,-2.2001482279089e-05
1.859,-0.84047578294161,-0.30831590062556,1.0044406999443e-06,-2.2119239663619e-05
1.85925,-0.84457316275488,-0.30000646022486,1.1098105873762e-06,-2.2239634321734e-05
1.8595,-0.84854299427198,-0.29167564262172,1.2037688795751e-06,-2.2362450771304e-05
1.85975,-0.85238651157573,-0.28332558390586,1.2862056806379e-06,-2.2487477823642e-05
1.86,-0.85610500208322,-0.2749583670781,1.3569984257581e-06,-2.2614508360875e-05
1.86025,-0.85969980307692,-0.26657601401474,1.416010967702e-06,-2.2743339137121e-05
1.8605,-0.86317229690128,-0.25818047848831,1.4630925906508e-06,-2.2873770605682e-05
1.86075,-0.86652390511807,-0.24977364040339,1.4980769428693e-06,-2.3005606774962e-05
1.861,-0.86975608192014,-0.24135730133526,1.5207808788036e-06,-2.3138655096358e-05
1.86125,-0.87287030709138,-0.23293318139507,1.5310032001674e-06,-2.3272726388088e-05
1.8615,-0.87586807877875,-0.22450291738888,1.5285232844599e-06,-2.3407634799678e-05
1.86175,-0.87875090630989,-0.21606806219299,1.5130995880432e-06,-2.3543197822801e-05
1.862,-0.88152030325397,-0.20763008523389,1.4844680094471e-06,-2.3679236355231e-05
1.86225,-0.88417778088148,-0.19919037393871,1.4423400968958e-06,-2.381557482604e-05
1.8625,-0.8867248421425,-0.19075023600807,1.3864010821586e-06,-2.3952041391698e-05
1.86275,-0.8891629762432,-0.18231090236043,1.3163077206915e-06,-2.4088468214606e-05
1.863,-0.89149365386855,-0.17387353059955,1.2316859156008e-06,-2.422469183781e-05
1.86325,-0.89371832307036,-0.16543920886476,1.1321281002174e-06,-2.4360553672334e-05
1.8635,-0.89583840581528,-0.15700895993696,1.0171903509322e-06,-2.4495900616678e-05
1.86375,-0.89785529516976,-0.14858374548774,8.8638919844917e-07,-2.4630585831924e-05
1.864,-0.89977035308414,-0.14016447037412,7.3919810157135e-07,-2.4764469700406e-05
1.86425,-0.90158490872886,-0.13175198689927,5.7504354316669e-07,-2.4897421001472e-05
1.8645,-0.90330025732965,-0.12334709897302,3.9330070282057e-07,-2.5029318344492e-05
1.86475,-0.90491765944575,-0.11495056612264,1.93288654982e-07,-2.5160051907361e-05
1.865,-0.90643834063458,-0.10656310731491,-2.5734965092591e-08,-2.5289525538489e-05
1.86525,-0.90786349144823,-0.098185404564597,-2.6457989247383e-07,-2.5417659292131e-05
1.8655,-0.90919426770932,-0.089818106311518,-5.2412983373863e-07,-2.5544392481396e-05
1.86575,-0.91043179101826,-0.081461830558714,-8.0534982008506e-07,-2.5669687350818e-05
1.866,-0.91157714944774,-0.073117167769327,-1.1092944040825e-06,-2.5793533491976e-05
1.86625,-0.91263139838515,-0.064784683525489,-1.4371168024491e-06,-2.5915953151991e-05
1.8665,-0.91359556148849,-0.056464920956908,-1.7900790986641e-06,-2.6037007617117e-05
1.86675,-0.91447063172521,-0.048158402948532,-2.1695636312648e-06,-2.615680489352e-05
1.867,-0.91525757246871,-0.039865634140268,-2.5770857058343e-06,-2.6275508956416e-05
1.86725,-0.91595731863012,-0.031587102731409,-3.0143077804822e-06,-2.6393350899452e-05
1.8675,-0.91657077780753,-0.023323282104276,-3.4830552851197e-06,-2.6510642391267e-05
1.86775,-0.91709883143767,-0.015074632281266,-3.9853342424037e-06,-2.6627791939235e-05
1.868,-0.91754233593764,-0.0068416012292616,-4.5233508609261e-06,-2.674532457595e-05
1.86825,-0.91790212382753,0.001375373974832,-5.09953326562e-06,-2.6863905727481e-05
1.8685,-0.91817900482599,0.0095758661042589,-5.7165555116687e-06,-2.6984370201117e-05
1.86875,-0.91837376691365,0.017759456856168,-6.3773639895553e-06,-2.7107757452332e-05
1.869,-0.91848717735983,0.02592573602725,-7.085206259883e-06,-2.7235354567063e-05
1.86925,-0.91851998371,0.034074300780803,-7.8436622426603e-06,-2.7368748738512e-05
1.8695,-0.9184729147323,0.042204754995352,-8.6566775055712e-06,-2.7509891443005e-05
1.86975,-0.91834668132198,0.050316708685951,-9.5285981186399e-06,-2.7661177044276e-05
1.87,-0.91814197736392,0.058409777489969,-1.0464206125001e-05,-2.7825539199677e-05
1.87025,-0.91785948055334,0.066483582210383,-1.1468754056427e-05,-2.8006569224544e-05
1.8705,-0.91749985317561,0.074537748409555,-1.2547996008784e-05,-2.8208661509971e-05
1.87075,-0.9170637428462,0.082571906048063,-1.3708211460581e-05,-2.843719219201e-05
1.871,-0.91655178321231,0.09058568916306,-1.4956216090044e-05,-2.8698738525342e-05
1.87125,-0.91596459461738,0.098578735581553,-1.6299351076449e-05,-2.9001347768941e-05
1.8715,-0.91530278473037,0.10655068666466,-1.7745438422441e-05,-2.9354865718403e-05
1.87175,-0.91456694914152,0.11450118707882,-1.9302684254117e-05,-2.9771336059556e-05
1.872,-0.91375767192598,0.12242988459107,-2.097950426032e-05,-3.0265481983945e-05
1.87225,-0.9128755261775,0.13033642988535,-2.278423470671e-05,-3.0855280132978e-05
1.8725,-0.91192107451336,0.13822047639736,-2.4724678015393e-05,-3.156263244798e-05
1.87275,-0.9108948695527,0.14608168016573,-2.6807413050284e-05,-3.2414131468122e-05
1.873,-0.90979745436935,0.15391969969777,-2.9036776828711e-05,-3.3441895193745e-05
1.87325,-0.9086293629211,0.16173419584769,-3.1413397621924e-05,-3.4684413016219e-05
1.8735,-0.90739112045655,0.16952483170626,-3.3932133599393e-05,-3.6187286220089e-05
1.87375,-0.90608324390117,0.17729127250033,-3.6579256541715e-05,-3.8003654832809e-05
1.874,-0.90470624222367,0.18503318550112,-3.9328737353464e-05,-4.0193966683808e-05
1.87425,-0.90326061678406,0.19275023994038,-4.2137576051103e-05,-4.2824560146263e-05
1.8745,-0.90174686166458,0.20044210693345,-4.4940331480599e-05,-4.596431514473e-05
1.87475,-0.90016546398436,0.20810845940842,-4.7643420533795e-05,-4.9678439756334e-05
1.875,-0.89851690419913,0.21574897204104,-5.0120438084085e-05,-5.4018447323311e-05
1.87525,-0.89680165638676,0.22336332119427,-5.2210676084505e-05,-5.9007799559228e-05
1.8755,-0.89502018851948,0.23095118486254,-5.3723946107977e-05,-6.4623883306484e-05
1.87575,-0.89317296272376,0.23851224261982,-5.4455102170009e-05,-7.0779177968088e-05
1.876,-0.89126043552849,0.2460461755714,-5.4210314170371e-05,-7.7307340297397e-05
1.87625,-0.88928305810221,0.25355266630896,-5.2843290642262e-05,-8.3962119783756e-05
1.8765,-0.88724127648011,0.26103139886854,-5.0293731422368e-05,-9.0436170939936e-05
1.87675,-0.8851355317813,0.26848205869136,-4.6615128744887e-05,-9.6401068959598e-05
1.877,-0.88296626041711,0.27590433258704,-4.1979049381082e-05,-0.00010156031583144
1.87725,-0.88073389429069,0.28329790869922,-3.6650666859273e-05,-0.00010569910506001
1.8775,-0.87843886098873,0.29066247647323,-3.0942420102767e-05,-0.0001087142301347
1.87775,-0.87608158396543,0.29799772662579,-2.5161716995951e-05,-0.00011061604106235
1.878,-0.8736624827194,0.30530335111656,-1.9568948565601e-05,-0.00011150628283082
1.87825,-0.87118197296377,0.31257904312147,-1.4354783035812e-05,-0.00011154355030235
1.8785,-0.86864046678991,0.31982449700747,-9.6366096081727e-06,-0.00011090874268859
1.87875,-0.86603837282507,0.32703940830912,-5.4681883663769e-06,-0.00010977844656144
1.879,-0.86337609638431,0.33422347370631,-1.8552980278172e-06,-0.00010830871848758
1.87925,-0.86065403961701,0.3413763910036,1.2281440496803e-06,-0.00010662798300204
1.8795,-0.85787260164815,0.34849785911071,3.8265118432379e-06,-0.00010483624808262
1.87975,-0.85503217871483,0.35558757802428,5.9924450124076e-06,-0.00010300787608179
1.88,-0.85213316429796,0.36264524881088,7.7801740039157e-06,-0.00010119585247787
1.88025,-0.84917594924965,0.36967057359107,9.2415082074955e-06,-9.9436282192251e-05
1.8805,-0.84616092191634,0.37666325552459,1.042372179126e-05,-9.7752459957868e-05
1.88075,-0.84308846825789,0.38362299879659,1.1368683510307e-05,-9.615826067606e-05
1.881,-0.83995897196283,0.39054950860485,1.2112741400365e-05,-9.4660818575168e-05
1.88125,-0.83677281455996,0.39744249114801,1.268702637507e-05,-9.32625692452e-05
1.8815,-0.83353037552646,0.40430165361469,1.3117958517008e-05,-9.1962765443559e-05
1.88175,-0.8302320323926,0.41112670417352,1.3427824941276e-05,-9.0758579248747e-05
1.882,-0.82687816084329,0.41791735196408,1.3635354768609e-05,-8.9645889529033e-05
1.88225,-0.82346913481652,0.42467330708866,1.3756252613673e-05,-8.8619835446863e-05
1.8825,-0.82000532659885,0.43139428060481,1.3803673679706e-05,-8.7675198936301e-05
1.88275,-0.8164871069181,0.43807998451879,1.3788636020217e-05,-8.6806663807995e-05
1.883,-0.81291484503332,0.44473013177962,1.3720372238621e-05,-8.6008986847947e-05
1.88325,-0.80928890882209,0.45134443627404,1.3606626135324e-05,-8.5277106784292e-05
1.8835,-0.80560966486537,0.45792261282215,1.3453901038306e-05,-8.4606209851709e-05
1.88375,-0.80187747852991,0.46446437717365,1.3267666670901e-05,-8.3991765398795e-05
1.884,-0.79809271404837,0.47096944600494,1.3052530962638e-05,-8.3429541122654e-05
1.88425,-0.79425573459706,0.47743753691676,1.2812382512407e-05,-8.2915604718484e-05
1.8845,-0.79036690237175,0.4838683684325,1.2550508645291e-05,-8.2446316719543e-05
1.88475,-0.78642657866115,0.49026165999718,1.2269693259117e-05,-8.2018317862013e-05
1.885,-0.78243512391852,0.49661713197699,1.1972297978758e-05,-8.1628513282148e-05
1.88525,-0.77839289783134,0.50293450565945,1.1660329542701e-05,-8.1274055123627e-05
1.8855,-0.77430025938899,0.5092135032542,1.1335495839088e-05,-8.0952324617175e-05
1.88575,-0.77015756694874,0.51545384789419,1.0999252581818e-05,-8.066091433138e-05
1.886,-0.76596517829987,0.52165526363763,1.0652842262361e-05,-8.0397611039468e-05
1.88625,-0.76172345072616,0.52781747547031,1.0297326719753e-05,-8.016037947019e-05
1.8865,-0.75743274106674,0.53394020930851,9.9336144303203e-06,-7.9947347089437e-05
1.88675,-0.75309340577526,0.54002319200238,9.5624834212256e-06,-7.9756789976709e-05
1.887,-0.74870580097759,0.54606615133987,9.1846005505229e-06,-7.958711980558e-05
1.88725,-0.744270282528,0.55206881605102,8.8005377644566e-06,-7.9436871901641e-05
1.8875,-0.73978720606385,0.55803091581288,8.4107858349887e-06,-7.93046943293e-05
1.88775,-0.73525692705893,0.5639521812547,8.0157659924613e-06,-7.9189337945993e-05
1.888,-0.73067980087538,0.56983234396368,7.6158397962506e-06,-7.9089647355997e-05
1.88825,-0.72605618281424,0.57567113649114,7.2113175272854e-06,-7.9004552693935e-05
1.8885,-0.72138642816484,0.58146829235901,6.8024653379297e-06,-7.8933062168836e-05
1.88875,-0.71667089225278,0.58722354606686,6.3895113549864e-06,-7.8874255302153e-05
1.889,-0.71190993048677,0.5929366330992,5.9726508988983e-06,-7.8827276796805e-05
1.88925,-0.70710389840427,0.59860728993323,5.5520509552792e-06,-7.8791330978527e-05
1.8895,-0.70225315171595,0.60423525404698,5.1278540126406e-06,-7.8765676755279e-05
1.88975,-0.69735804634903,0.60982026392771,4.7001813617815e-06,-7.8749623044995e-05
1.89,-0.69241893848958,0.61536205908078,4.2691359370233e-06,-7.8742524626294e-05
1.89025,-0.6874361846236,0.62086038003881,3.8348047667898e-06,-7.8743778370992e-05
1.8905,-0.68241014157725,0.62631496837115,3.3972610904743e-06,-7.8752819821105e-05
1.89075,-0.67734116655591,0.6317255666937,2.9565661897028e-06,-7.876912007669e-05
1.891,-0.67222961718233,0.63709191867907,2.5127709747565e-06,-7.8792182964171e-05
1.89125,-0.66707585153381,0.64241376906697,2.0659173607218e-06,-7.8821542457831e-05
1.8915,-0.66188022817838,0.64769086367502,1.6160394627638e-06,-7.8856760329902e-05
1.89175,-0.65664310621014,0.65292294940968,1.1631646355648e-06,-7.8897424007161e-05
1.892,-0.65136484528366,0.65810977427765,7.073143782788e-07,-7.8943144614195e-05
1.89225,-0.64604580564746,0.66325108739739,2.4850512326339e-07,-7.8993555185507e-05
1.8925,-0.64068634817674,0.668346639011,-2.1325107577085e-07,-7.9048309030439e-05
1.89275,-0.6352868344052,0.67339618049628,-6.7794594279762e-07,-7.9107078236526e-05
1.893,-0.62984762655602,0.67839946437917,-1.1455744541718e-06,-7.9169552298339e-05
1.89325,-0.6243690875721,0.68335624434628,-1.6161343790744e-06,-7.9235436860183e-05
1.8935,-0.6188515811455,0.68826627525775,-2.0896258771717e-06,-7.9304452562181e-05
1.89375,-0.61329547174612,0.69312931316035,-2.5660511461062e-06,-7.9376333980329e-05
1.894,-0.60770112464958,0.69794511530073,-3.0454141124564e-06,-7.9450828652019e-05
1.89425,-0.60206890596443,0.70271344013898,-3.5277201606468e-06,-7.9527696179394e-05
1.8945,-0.59639918265862,0.7074340473623,-4.0129758950231e-06,-7.9606707403631e-05
1.89475,-0.59069232258528,0.71210669789902,-4.5011889309541e-06,-7.9687643643918e-05
1.895,-0.58494869450777,0.71673115393262,-4.9923677113432e-06,-7.977029599551e-05
1.89525,-0.57916866812412,0.72130717891613,-5.48652134542e-06,-7.9854464681768e-05
1.8955,-0.57335261409072,0.72583453758665,-5.9836594670793e-06,-7.9939958455585e-05
1.89575,-0.56750090404549,0.73031299597999,-6.4837921103763e-06,-8.0026594046041e-05
1.896,-0.56161391063028,0.73474232144556,-6.986929600107e-06,-8.0114195646501e-05
1.89625,-0.55569200751274,0.73912228266145,-7.4930824556512e-06,-8.0202594440741e-05
1.8965,-0.54973556940751,0.74345264964959,-8.002261306482e-06,-8.0291628163999e-05
1.89675,-0.54374497209692,0.74773319379114,-8.5144768179574e-06,-8.0381140696127e-05
1.897,-0.53772059245092,0.75196368784202,-9.0297396261684e-06,-8.0470981684283e-05
1.89725,-0.53166280844664,0.75614390594855,-9.5480602807672e-06,-8.0561006192835e-05
1.8975,-0.52557199918721,0.76027362366333,-1.0069449194847e-05,-8.0651074378354e-05
1.89775,-0.51944854492014,0.76435261796111,-1.0593916601032e-05,-8.0741051187759e-05
1.898,-0.51329282705508,0.76838066725496,-1.1121472513065e-05,-8.083080607787e-05
1.89825,-0.50710522818105,0.77235755141247,-1.165212669224e-05,-8.0920212754744e-05
1.8985,-0.5008861320832,0.77628305177206,-1.2185888618129e-05,-8.1009148931343e-05
1.89875,-0.49463592375897,0.78015695115952,-1.2722767463097e-05,-8.1097496102193e-05
1.899,-0.4883549894338,0.78397903390452,-1.326277207017e-05,-8.1185139333816e-05
1.89925,-0.4820437165763,0.78774908585732,-1.3805910933876e-05,-8.127196706981e-05
1.8995,-0.47570249391289,0.79146689440564,-1.4352192183712e-05,-8.1357870949571e-05
1.89975,-0.4693317114421,0.79513224849144,-1.4901623569936e-05,-8.1442745639717e-05
1.9,-0.4629317604482,0.79874493862802,-1.5454212451428e-05,-8.1526488677353e-05
1.90025,-0.45650303351446,0.80230475691708,-1.6009965785369e-05,-8.1609000324421e-05
1.9005,-0.45004592453598,0.80581149706585,-1.6568890118542e-05,-8.1690183432396e-05
1.90075,-0.44356082873197,0.80926495440442,-1.7130991580075e-05,-8.1769943316686e-05
1.901,-0.43704814265763,0.81266492590303,-1.7696275875445e-05,-8.1848187640149e-05
1.90125,-0.43050826421561,0.81601121018951,-1.8264748281616e-05,-8.1924826305166e-05
1.9015,-0.42394159266695,0.81930360756673,-1.8836413643179e-05,-8.1999771353775e-05
1.90175,-0.41734852864171,0.82254192003016,-1.9411276369365e-05,-8.2072936875428e-05
1.902,-0.41072947414906,0.82572595128551,-1.9989340431851e-05,-8.2144238921931e-05
1.90225,-0.40408483258701,0.82885550676633,-2.0570609363254e-05,-8.2213595429209e-05
1.9025,-0.39741500875176,0.83193039365175,-2.1155086256226e-05,-8.2280926145553e-05
1.90275,-0.39072040884655,0.83495042088423,-2.1742773763099e-05,-8.2346152566015e-05
1.903,-0.38400144049022,0.83791539918739,-2.2333674095972e-05,-8.2409197872712e-05
1.90325,-0.3772585127253,0.8408251410838,-2.2927789027229e-05,-8.2469986880736e-05
1.9035,-0.3704920360257,0.84367946091286,-2.3525119890382e-05,-8.2528445989489e-05
1.90375,-0.36370242230414,0.84647817484872,-2.4125667581213e-05,-8.2584503139208e-05
1.904,-0.35689008491905,0.84922110091817,-2.4729432559163e-05,-8.2638087772513e-05
1.90425,-0.35005543868118,0.8519080590186,-2.5336414848905e-05,-8.2689130800822e-05
1.9045,-0.34319889985984,0.85453887093593,-2.5946614042055e-05,-8.2737564575493e-05
1.90475,-0.3363208861888,0.85711336036257,-2.6560029298992e-05,-8.2783322863567e-05
1.905,-0.32942181687177,0.8596313529154,-2.7176659350711e-05,-8.2826340828029e-05
1.90525,-0.32250211258758,0.86209267615372,-2.7796502500671e-05,-8.2866555012495e-05
1.9055,-0.31556219549501,0.86449715959721,-2.8419556626591e-05,-8.2903903330259e-05
1.90575,-0.30860248923731,0.86684463474386,-2.9045819182124e-05,-8.2938325057667e-05
1.906,-0.3016234189463,0.86913493508793,-2.9675287198361e-05,-8.2969760831765e-05
1.90625,-0.29462541124624,0.87136789613784,-3.0307957285094e-05,-8.2998152652231e-05
1.9065,-0.28760889425735,0.87354335543404,-3.0943825631764e-05,-8.3023443887569e-05
1.90675,-0.28057429759893,0.87566115256691,-3.1582888008025e-05,-8.3045579285596e-05
1.907,-0.27352205239233,0.87772112919452,-3.2225139763824e-05,-8.3064504988242e-05
1.90725,-0.2664525912635,0.87972312906045,-3.2870575828916e-05,-8.3080168550714e-05
1.9075,-0.25936634834519,0.88166699801149,-3.3519190711696e-05,-8.3092518965081e-05
1.90775,-0.25226375927904,0.88355258401536,-3.417097849723e-05,-8.310150668835e-05
1.908,-0.24514526121721,0.88537973717829,-3.482593284436e-05,-8.3107083675129e-05
1.90825,-0.23801129282379,0.8871483097626,-3.5484046981722e-05,-8.3109203414968e-05
1.9085,-0.23086229427595,0.88885815620419,-3.6145313702522e-05,-8.3107820974499e-05
1.90875,-0.22369870726477,0.89050913312998,-3.6809725357878e-05,-8.3102893044505e-05
1.909,-0.21652097499585,0.89210109937522,-3.7477273848519e-05,-8.3094377992051e-05
1.90925,-0.20932954218966,0.89363391600078,-3.8147950614613e-05,-8.3082235917843e-05
1.9095,-0.20212485508156,0.8951074463103,-3.8821746623466e-05,-8.3066428718976e-05
1.90975,-0.19490736142168,0.89652155586729,-3.949865235479e-05,-8.304692015724e-05
1.91,-0.18767751047449,0.89787611251206,-4.0178657783233e-05,-8.3023675933201e-05
1.91025,-0.18043575301812,0.89917098637865,-4.0861752357792e-05,-8.2996663766219e-05
1.9105,-0.17318254134356,0.90040604991152,-4.1547924977728e-05,-8.296585348065e-05
1.91075,-0.16591832925346,0.90158117788226,-4.2237163964515e-05,-8.2931217098416e-05
1.911,-0.15864357206087,0.90269624740606,-4.292945702933e-05,-8.2892728938184e-05
1.91125,-0.15135872658772,0.90375113795808,-4.3624791235533e-05,-8.2850365721377e-05
1.9115,-0.14406425116305,0.90474573138977,-4.4323152955523e-05,-8.2804106685231e-05
1.91175,-0.13676060562113,0.90567991194491,-4.5024527821273e-05,-8.2753933703128e-05
1.912,-0.12944825129931,0.9065535662756,-4.572890066779e-05,-8.269983141243e-05
1.91225,-0.12212765103576,0.90736658345808,-4.6436255468673e-05,-8.2641787349988e-05
1.9125,-0.11479926916699,0.90811885500835,-4.7146575262812e-05,-8.2579792095551e-05
1.91275,-0.10746357152521,0.90881027489767,-4.7859842071223e-05,-8.2513839423193e-05
1.913,-0.1001210254356,0.90944073956788,-4.8576036802865e-05,-8.2443926460913e-05
1.91325,-0.092772099713324,0.91001014794648,-4.9295139148197e-05,-8.2370053858484e-05
1.9135,-0.085417264660465,0.91051840146167,-5.0017127459102e-05,-8.2292225963562e-05
1.91375,-0.078056992062871,0.91096540405699,-5.0741978613637e-05,-8.2210451006034e-05
1.914,-0.070691755186775,0.91135106220598,-5.1469667863979e-05,-8.2124741290459e-05
1.91425,-0.063322028775413,0.91167528492647,-5.2200168665722e-05,-8.2035113396373e-05
1.9145,-0.05594828904547,0.91193798379473,-5.2933452486551e-05,-8.1941588386102e-05
1.91475,-0.048571013683435,0.91213907295944,-5.366948859212e-05,-8.1844192019561e-05
1.915,-0.041190681841935,0.91227846915532,-5.4408243806776e-05,-8.174295497534e-05
1.91525,-0.033807774135935,0.91235609171665,-5.5149682246578e-05,-8.1637913077178e-05
1.9155,-0.026422772638881,0.91237186259052,-5.5893765021868e-05,-8.1529107524637e-05
1.91575,-0.019036160878855,0.91232570634976,-5.6640449906401e-05,-8.1416585126517e-05
1.916,-0.011648423834627,0.91221755020572,-5.7389690969892e-05,-8.1300398535187e-05
1.91625,-0.00426004793169,0.91204732402077,-5.8141438170587e-05,-8.1180606479595e-05
1.9165,0.003128478961661,0.91181496032047,-5.8895636904267e-05,-8.1057273994261e-05
1.91675,0.010516667538343,0.91152039430557,-5.9652227505965e-05,-8.0930472640982e-05
1.917,0.01790402705639,0.91116356386365,-6.0411144700429e-05,-8.0800280719386e-05
1.91725,0.025290065342899,0.91074440958052,-6.1172316997343e-05,-8.0666783461721e-05
1.9175,0.032674288797934,0.91026287475132,-6.1935666027169e-05,-8.0530073206462e-05
1.91775,0.040056202398311,0.90971890539133,-6.2701105813496e-05,-8.0390249544408e-05
1.918,0.047435309701417,0.90911245024643,-6.3468541977879e-05,-8.0247419429887e-05
1.91825,0.054811112848834,0.90844346080335,-6.4237870873317e-05,-8.0101697248538e-05
1.9185,0.062183112569948,0.90771189129947,-6.5008978642852e-05,-7.9953204831873e-05
1.91875,0.069550808185423,0.90691769873244,-6.5781740200305e-05,-7.9802071407389e-05
1.919,0.076913697610496,0.90606084286931,-6.655601813082e-05,-7.9648433471499e-05
1.91925,0.084271277358177,0.90514128625549,-6.7331661509933e-05,-7.9492434570906e-05
1.9195,0.091623042542278,0.90415899422324,-6.8108504641085e-05,-7.9334224976272e-05
1.91975,0.098968486880205,0.90311393489985,-6.8886365713178e-05,-7.9173961230277e-05
1.92,0.1063071026956,0.90200607921548,-6.9665045381815e-05,-7.9011805550255e-05
1.92025,0.11363838092074,0.90083540091064,-7.0444325280414e-05,-7.8847925063795e-05
1.9205,0.12096181109868,0.89960187654325,-7.1223966470457e-05,-7.8682490853938e-05
1.92075,0.12827688138517,0.89830548549538,-7.2003707843877e-05,-7.8515676789004e-05
1.921,0.13558307855018,0.89694620997958,-7.2783264494939e-05,-7.8347658110826e-05
1.92125,0.14287988797928,0.89552403504483,-7.3562326084131e-05,-7.8178609754307e-05
1.9215,0.15016679367455,0.89403894858209,-7.4340555222415e-05,-7.8008704370941e-05
1.92175,0.15744327825519,0.89249094132947,-7.5117585910885e-05,-7.7838110029563e-05
1.922,0.16470882295776,0.89088000687695,-7.5893022078271e-05,-7.7666987569165e-05
1.92225,0.17196290763595,0.88920614167071,-7.6666436266807e-05,-7.7495487581588e-05
1.9225,0.17920501076004,0.88746934501709,-7.7437368525605e-05,-7.732374700649e-05
1.92275,0.18643460941577,0.88566961908605,-7.8205325579611e-05,-7.7151885327465e-05
1.923,0.19365117930279,0.88380696891425,-7.8969780351182e-05,-7.6980000367026e-05
1.92325,0.20085419473262,0.88188140240766,-7.9730171919813e-05,-7.6808163689449e-05
1.9235,0.20804312862602,0.8798929303438,-8.0485906013172e-05,-7.6636415634699e-05
1.92375,0.21521745250976,0.87784156637345,-8.1236356128432e-05,-7.6464760023762e-05
1.924,0.22237663651287,0.87572732702196,-8.1980865386419e-05,-7.629315859594e-05
1.92425,0.22952014936223,0.87355023169013,-8.2718749221074e-05,-7.6121525261711e-05
1.9245,0.23664745837736,0.87131030265458,-8.344929900236e-05,-7.5949720280399e-05
1.92475,0.24375802946474,0.86900756506767,-8.4171786680865e-05,-7.5777544499298e-05
1.925,0.25085132711113,0.86664204695704,-8.4885470525874e-05,-7.5604733819205e-05
1.92525,0.25792681437631,0.86421377922454,-8.5589602004814e-05,-7.5430954078954e-05
1.9255,0.26498395288492,0.86172279564482,-8.6283433819968e-05,-7.5255796576848e-05
1.92575,0.27202220281741,0.85916913286334,-8.6966229077985e-05,-7.5078774467587e-05
1.926,0.27904102290017,0.85655283039404,-8.7637271519338e-05,-7.4899320286946e-05
1.92625,0.28603987039466,0.85387393061638,-8.8295876679411e-05,-7.4716784860428e-05
1.9265,0.29301820108559,0.85113247877201,-8.8941403792305e-05,-7.453043784376e-05
1.92675,0.29997546926803,0.8483285229609,-8.9573268185388e-05,-7.4339470120174e-05
1.927,0.30691112773351,0.84546211413707,-9.0190953850733e-05,-7.4142998240092e-05
1.92725,0.31382462775493,0.84253330610374,-9.0794025823337e-05,-7.3940071032428e-05
1.9275,0.32071541907035,0.83954215550804,-9.1382141950289e-05,-7.3729678443639e-05
1.92775,0.3275829498655,0.8364887218353,-9.1955063604909e-05,-7.351076257286e-05
1.928,0.33442666675506,0.83337306740277,-9.2512664890162e-05,-7.3282230772546e-05
1.92825,0.34124601476261,0.83019525735289,-9.3054939890169e-05,-7.3042970579227e-05
1.9285,0.34804043729914,0.82695535964619,-9.3582007569774e-05,-7.2791866134758e-05
1.92875,0.35480937614016,0.82365344505351,-9.4094113990497e-05,-7.252781566239e-05
1.929,0.36155227140128,0.82028958714799,-9.4591631604755e-05,-7.2249749481738e-05
1.92925,0.36826856151224,0.81686386229642,-9.507505550493e-05,-7.1956647989657e-05
1.9295,0.37495768318928,0.81337634965026,-9.5544996632989e-05,-7.164755900599e-05
1.92975,0.3816190714058,0.80982713113609,-9.6002172091813e-05,-7.1321613888085e-05
1.93,0.38825215936129,0.80621629144575,-9.6447392831636e-05,-7.0978041857032e-05
1.93025,0.39485637844835,0.80254391802594,-9.6881549104678e-05,-7.0616182050231e-05
1.9305,0.40143115821789,0.79881010106749,-9.7305594179437e-05,-7.0235492914454e-05
1.93075,0.40797592634222,0.79501493349411,-9.7720526876286e-05,-6.9835558674205e-05
1.931,0.41449010857613,0.79115851095085,-9.8127373523504e-05,-6.9416092743145e-05
1.93125,0.42097312871582,0.78724093179209,-9.8527169936159e-05,-6.8976938082077e-05
1.9315,0.42742440855557,0.78326229706921,-9.892094399046e-05,-6.8518064636205e-05
1.93175,0.43384336784202,0.77922271051786,-9.930969930746e-05,-6.8039564098685e-05
1.932,0.44022942422617,0.77512227854495,-9.9694400478218e-05,-6.7541642340449e-05
1.93225,0.44658199321272,0.7709611102152,-0.00010007596016504,-6.7024609913653e-05
1.9325,0.45290048810684,0.76673931723758,-0.00010045522830809,-6.6488871076101e-05
1.93275,0.4591843199583,0.76245701395123,-0.000100832983561,-6.5934911797123e-05
1.933,0.46543289750263,0.75811431731135,-0.00010120992697958,-6.5363287194188e-05
1.93325,0.47164562709948,0.75371134687471,-0.00010158667789993,-6.4774608817883e-05
1.9335,0.47782191266787,0.74924822478501,-0.00010196377186899,-6.4169532155718e-05
1.93375,0.48396115561828,0.74472507575807,-0.0001023416604348,-6.3548744667601e-05
1.934,0.4900627547815,0.74014202706688,-0.00010272071256496,-6.2912954602781e-05
1.93425,0.49612610633402,0.73549920852651,-0.00010310121743973,-6.2262880784033e-05
1.9345,0.50215060371986,0.73079675247903,-0.00010348338835852,-6.1599243483517e-05
1.93475,0.50813563756886,0.72603479377825,-0.00010386736750406,-6.0922756458809e-05
1.935,0.51408059561097,0.72121346977471,-0.00010425323132245,-6.0234120168925e-05
1.93525,0.51998486258669,0.71633292030048,-0.00010464099629974,-5.9534016149757e-05
1.9355,0.52584782015342,0.71139328765422,-0.00010503062494111,-5.8823102496447e-05
1.93575,0.53166884678744,0.70639471658639,-0.00010542203178788,-5.8102010376594e-05
1.936,0.53744731768153,0.70133735428466,-0.00010581508933586,-5.7371341482114e-05
1.93625,0.54318260463801,0.69622135035954,-0.00010620963374704,-5.66316663181e-05
1.9365,0.54887407595691,0.69104685683048,-0.00010660547027221,-5.5883523223156e-05
1.93675,0.5545210963193,0.68581402811227,-0.00010700237832586,-5.5127418016154e-05
1.937,0.56012302666536,0.68052302100201,-0.00010740011617472,-5.436382416835e-05
1.93725,0.56567922406721,0.67517399466661,-0.00010779842521871,-5.359318340613e-05
1.9375,0.57118904159614,0.66976711063093,-0.00010819703385735,-5.2815906657636e-05
1.93775,0.57665182818403,0.66430253276667,-0.00010859566094571,-5.2032375265452e-05
1.938,0.58206692847896,0.65878042728216,-0.00010899401885287,-5.1242942396776e-05
1.93825,0.58743368269443,0.65320096271299,-0.0001093918161422,-5.0447934591715e-05
1.9385,0.59275142645223,0.64756430991377,-0.00010978875989715,-4.9647653399204e-05
1.93875,0.59801949061863,0.64187064205098,-0.00011018455771911,-4.884237705829e-05
1.939,0.6032372011336,0.63612013459725,-0.00011057891942515,-4.8032362190078e-05
1.93925,0.60840387883278,0.63031296532691,-0.00011097155847431,-4.72178454724e-05
1.9395,0.6135188392621,0.62444931431315,-0.00011136219315006,-4.6399045275206e-05
1.93975,0.61858139248445,0.618529363927,-0.00011175054752622,-4.5576163239867e-05
1.94,0.62359084287839,0.61255329883807,-0.00011213635224168,-4.4749385789965e-05
1.94025,0.62854648892845,0.60652130601734,-0.00011251934510785,-4.3918885564867e-05
1.9405,0.63344762300672,0.60043357474229,-0.00011289927157087,-4.3084822770491e-05
1.94075,0.63829353114542,0.59429029660432,-0.00011327588504865,-4.224734644416e-05
1.941,0.64308349279998,0.58809166551896,-0.00011364894716082,-4.1406595632497e-05
1.94125,0.64781678060254,0.58183787773873,-0.00011401822786788,-4.0562700482899e-05
1.9415,0.65249266010516,0.57552913186933,-0.00011438350553406,-3.9715783250413e-05
1.94175,0.65711038951253,0.56916562888899,-0.00011474456692656,-3.88659592227e-05
1.942,0.66166921940385,0.56274757217146,-0.0001151012071625,-3.8013337566536e-05
1.94225,0.66616839244321,0.556275167513,-0.0001154532296132,-3.7158022099697e-05
1.9425,0.67060714307823,0.54974862316348,-0.0001158004457744,-3.6300111992424e-05
1.94275,0.67498469722647,0.54316814986197,-0.00011614267510956,-3.5439702402786e-05
1.943,0.67930027194897,0.53653396087729,-0.00011647974487261,-3.4576885050348e-05
1.94325,0.68355307511073,0.52984627205378,-0.00011681148991538,-3.3711748732475e-05
1.9435,0.68774230502724,0.52310530186259,-0.00011713775248418,-3.2844379787554e-05
1.94375,0.69186715009684,0.51631127145923,-0.00011745838200939,-3.1974862509228e-05
1.944,0.69592678841811,0.50946440474736,-0.00011777323489104,-3.1103279515594e-05
1.94425,0.69992038739193,0.50256492844977,-0.00011808217428305,-3.0229712077088e-05
1.9445,0.70384710330734,0.49561307218673,-0.00011838506987831,-2.9354240406593e-05
1.94475,0.70770608091084,0.48860906856234,-0.00011868179769612,-2.8476943915055e-05
1.945,0.71149645295819,0.4815531532596,-0.00011897223987347,-2.7597901435704e-05
1.94525,0.71521733974837,0.47444556514452,-0.00011925628446126,-2.671719141972e-05
1.9455,0.71886784863855,0.46728654638028,-0.00011953382522607,-2.5834892106015e-05
1.94575,0.72244707353978,0.46007634255187,-0.00011980476145828,-2.4951081667545e-05
1.946,0.7259540943923,0.45281520280202,-0.00012006899778687,-2.4065838336413e-05
1.94625,0.72938797661978,0.44550337997939,-0.00012032644400109,-2.3179240509827e-05
1.9465,0.73274777056174,0.4381411307996,-0.0001205770148793,-2.2291366838777e-05
1.94675,0.73603251088313,0.43072871602026,-0.00012082063002486,-2.1402296301178e-05
1.947,0.73924121596026,0.42326640063081,-0.00012105721370916,-2.0512108261035e-05
1.94725,0.74237288724214,0.41575445405831,-0.00012128669472159,-1.9620882515072e-05
1.9475,0.74542650858625,0.40819315039019,-0.0001215090062264,-1.872869932811e-05
1.94775,0.74840104556771,0.40058276861533,-0.00012172408562606,-1.7835639458403e-05
1.948,0.75129544476083,0.39292359288452,-0.00012193187443115,-1.6941784173976e-05
1.94825,0.75410863299192,0.3852159127918,-0.00012213231813631,-1.6047215260969e-05
1.9485,0.7568395165623,0.37746002367817,-0.00012232536610211,-1.5152015024842e-05
1.94875,0.75948698044027,0.36965622695896,-0.00012251097144249,-1.4256266285252e-05
1.949,0.76204988742082,0.36180483047701,-0.00012268909091752,-1.3360052365337e-05
1.94925,0.76452707725196,0.35390614888285,-0.00012285968483124,-1.2463457076031e-05
1.9495,0.7669173657262,0.34596050404427,-0.00012302271693423,-1.1566564696037e-05
1.94975,0.76921954373589,0.33796822548706,-0.00012317815433061,-1.0669459947954e-05
1.95,0.7714323762912,0.32992965086913,-0.00012332596738934,-9.7722279710813e-06
