1.7,0.45336361604373,0.87548255104375,1.0147461837758e-05,3.7294314265528e-06
1.70025,0.45819737953236,0.87278880527268,1.0138160875784e-05,3.7375105708229e-06
1.7005,0.46302133778981,0.87006720610828,1.0128859916707e-05,3.7455914029859e-06
1.70075,0.46783528522092,0.8673177620353,1.0119558937336e-05,3.7536740457266e-06
1.701,0.47263901592618,0.86454048318325,1.01102579141e-05,3.7617586224308e-06
1.70125,0.47743232371638,0.86173538133283,1.0100956823043e-05,3.7698452571939e-06
1.7015,0.48221500212757,0.8589024699221,1.0091655639822e-05,3.7779340748282e-06
1.70175,0.48698684443842,0.85604176405124,1.0082354339703e-05,3.7860252008716e-06
1.702,0.49174764368191,0.8531532804912,1.0073052897561e-05,3.794118761596e-06
1.70225,0.49649719266493,0.85023703768613,1.0063751287872e-05,3.8022148840153e-06
1.7025,0.50123528398065,0.84729305576065,1.0054449484712e-05,3.8103136958943e-06
1.70275,0.50596171002807,0.84432135652376,1.0045147461755e-05,3.8184153257572e-06
1.703,0.51067626302295,0.84132196347665,1.0035845192266e-05,3.8265199028963e-06
1.70325,0.51537873501738,0.83829490181423,1.0026542649102e-05,3.8346275573808e-06
1.7035,0.52006891791314,0.83524019843295,1.0017239804705e-05,3.8427384200662e-06
1.70375,0.5247466034804,0.83215788193237,1.0007936631098e-05,3.8508526226029e-06
1.704,0.52941158337279,0.82904798262298,9.998633099885e-06,3.8589702974456e-06
1.70425,0.53406364914373,0.82591053252583,9.9893291822435e-06,3.8670915778629e-06
1.7045,0.53870259225984,0.82274556538196,9.9800248489228e-06,3.8752165979462e-06
1.70475,0.54332820412037,0.81955311665246,9.9707200702396e-06,3.8833454926199e-06
1.705,0.54794027607672,0.81633322352404,9.9614148160737e-06,3.8914783976506e-06
1.70525,0.55253859944148,0.81308592490935,9.9521090558646e-06,3.8996154496575e-06
1.7055,0.557122965508,0.809811261456,9.9428027586071e-06,3.9077567861217e-06
1.70575,0.56169316556906,0.80650927554529,9.9334958928471e-06,3.915902545397e-06
1.706,0.56624899093581,0.8031800112928,9.9241884266776e-06,3.9240528667194e-06
1.70625,0.57079023294123,0.79982351456013,9.9148803277346e-06,3.9322078902184e-06
1.7065,0.57531668297377,0.79643983294904,9.9055715631923e-06,3.9403677569265e-06
1.70675,0.57982813248632,0.7930290158049,9.8962620997592e-06,3.9485326087908e-06
1.707,0.58432437300983,0.7895911142244,9.8869519036731e-06,3.9567025886831e-06
1.70725,0.58880519617582,0.78612618105025,9.8776409406969e-06,3.9648778404113e-06
1.7075,0.59327039373512,0.78263427087588,9.8683291761142e-06,3.97305850873e-06
1.70775,0.59771975756321,0.77911544005202,9.8590165747239e-06,3.9812447393525e-06
1.708,0.60215307968846,0.77556974667873,9.8497031008359e-06,3.9894366789614e-06
1.70825,0.60657015230663,0.77199725061626,9.8403887182664e-06,3.9976344752206e-06
1.7085,0.61097076779782,0.76839801347629,9.8310733903325e-06,4.0058382767872e-06
1.70875,0.61535471873684,0.76477209862906,9.8217570798473e-06,4.0140482333226e-06
1.709,0.61972179792495,0.7611195712037,9.812439749115e-06,4.0222644955055e-06
1.70925,0.62407179839233,0.75744049808631,9.8031213599257e-06,4.0304872150432e-06
1.7095,0.62840451341953,0.75373494792286,9.7938018735498e-06,4.0387165446846e-06
1.70975,0.63271973655958,0.75000299111792,9.7844812507329e-06,4.0469526382326e-06
1.71,0.63701726165557,0.74624469982897,9.7751594516903e-06,4.0551956505565e-06
1.71025,0.64129688284582,0.74246014797654,9.7658364361014e-06,4.0634457376052e-06
1.7105,0.64555839459345,0.73864941123824,9.7565121631041e-06,4.0717030564201e-06
1.71075,0.64980159170062,0.7348125670433,9.7471865912891e-06,4.0799677651485e-06
1.711,0.65402626932027,0.73094969458247,9.7378596786938e-06,4.0882400230567e-06
1.71125,0.65823222298172,0.72706087479482,9.7285313827969e-06,4.0965199905441e-06
1.7115,0.66241924860342,0.72314619037671,9.7192016605118e-06,4.1048078291565e-06
1.71175,0.66658714250898,0.71920572577056,9.7098704681809e-06,4.1131037016004e-06
1.712,0.67073570144619,0.71523956717278,9.7005377615689e-06,4.121407771757e-06
1.71225,0.67486472260552,0.7112478025222,9.691203495857e-06,4.1297202046968e-06
1.7125,0.67897400363171,0.70723052151065,9.6818676256362e-06,4.1380411666939e-06
1.71275,0.68306334265039,0.70318781556055,9.6725301049006e-06,4.1463708252413e-06
1.713,0.68713253827529,0.69911977784445,9.6631908870409e-06,4.154709349065e-06
1.71325,0.69118138963019,0.69502650327277,9.6538499248376e-06,4.1630569081404e-06
1.7135,0.6952096963723,0.69090808847384,9.6445071704541e-06,4.1714136737066e-06
1.71375,0.69921725869242,0.68676463182875,9.6351625754296e-06,4.1797798182828e-06
1.714,0.70320387734838,0.68259623343189,9.6258160906723e-06,4.1881555156839e-06
1.71425,0.70716935367122,0.67840299510811,9.6164676664514e-06,4.1965409410365e-06
1.7145,0.71111348959169,0.67418502039858,9.6071172523908e-06,4.2049362707954e-06
1.71475,0.7150360876537,0.66994241456116,9.5977647974605e-06,4.2133416827603e-06
1.715,0.71893695102696,0.6656752845626,9.5884102499696e-06,4.221757356092e-06
1.71525,0.72281588352055,0.66138373908339,9.5790535575587e-06,4.2301834713304e-06
1.7155,0.72667268961447,0.65706788850421,9.5696946671913e-06,4.2386202104106e-06
1.71575,0.73050717446549,0.65272784490282,9.5603335251464e-06,4.2470677566816e-06
1.716,0.7343191439224,0.64836372205048,9.5509700770101e-06,4.2555262949233e-06
1.71625,0.73810840454993,0.64397563540337,9.5416042676671e-06,4.2639960113648e-06
1.7165,0.74187476364367,0.63956370210288,9.5322360412927e-06,4.2724770937029e-06
1.71675,0.74561802923793,0.63512804096877,9.5228653413437e-06,4.2809697311204e-06
1.717,0.74933801013481,0.63066877248728,9.5134921105499e-06,4.289474114305e-06
1.71725,0.7530345159088,0.62618601881469,9.5041162909054e-06,4.2979904354687e-06
1.7175,0.75670735693726,0.62167990375865,9.4947378236591e-06,4.3065188883667e-06
1.71775,0.76035634439817,0.61715055278982,9.4853566493057e-06,4.3150596683177e-06
1.718,0.76398129030938,0.61259809301239,9.4759727075763e-06,4.3236129722233e-06
1.71825,0.76758200751425,0.60802265318306,9.4665859374291e-06,4.3321789985889e-06
1.7185,0.77115830973165,0.60342436367644,9.4571962770392e-06,4.3407579475435e-06
1.71875,0.77471001154982,0.59880335650467,9.447803663789e-06,4.3493500208616e-06
1.719,0.77823692844176,0.59415976529152,9.4384080342584e-06,4.3579554219833e-06
1.71925,0.78173887679346,0.58949372527394,9.429009324214e-06,4.3665743560367e-06
1.7195,0.78521567391815,0.58480537328406,9.4196074685991e-06,4.3752070298592e-06
1.71975,0.78866713805174,0.5800948477636,9.4102024015231e-06,4.3838536520202e-06
1.72,0.7920930883985,0.57536228872522,9.4007940562505e-06,4.3925144328428e-06
1.72025,0.79549334511788,0.57060783777528,9.39138236519e-06,4.4011895844276e-06
1.7205,0.79886772937089,0.56583163807149,9.3819672598836e-06,4.409879320675e-06
1.72075,0.80221606329958,0.5610338343552,9.3725486709946e-06,4.4185838573094e-06
1.721,0.80553817007524,0.55621457290318,9.3631265282968e-06,4.4273034119027e-06
1.72125,0.8088338738846,0.55137400154953,9.3537007606622e-06,4.4360382038988e-06
1.7215,0.81210299996981,0.5465122696508,9.3442712960493e-06,4.4447884546381e-06
1.72175,0.81534537463059,0.54162952809754,9.3348380614905e-06,4.4535543873826e-06
1.722,0.81856082523102,0.53672592930013,9.32540098308e-06,4.4623362273411e-06
1.72225,0.82174918023211,0.53180162716488,9.3159599859614e-06,4.4711342016953e-06
1.7225,0.82491026919722,0.52685677710293,9.3065149943141e-06,4.4799485396256e-06
1.72275,0.82804392280135,0.52189153601622,9.2970659313408e-06,4.4887794723382e-06
1.723,0.83114997285647,0.51690606227061,9.287612719254e-06,4.4976272330916e-06
1.72325,0.83422825231686,0.51190051571316,9.2781552792621e-06,4.5064920572241e-06
1.7235,0.83727859529544,0.50687505764103,9.2686935315561e-06,4.515374182182e-06
1.72375,0.84030083707596,0.50182985079898,9.2592273952951e-06,4.5242738475476e-06
1.724,0.84329481413558,0.49676505936194,9.249756788592e-06,4.533191295068e-06
1.72425,0.8462603641426,0.49168084894178,9.2402816284991e-06,4.542126768684e-06
1.7245,0.84919732598906,0.48657738655099,9.2308018309929e-06,4.5510805145603e-06
1.72475,0.85210553978097,0.48145484061587,9.2213173109594e-06,4.5600527811152e-06
1.725,0.85498484687854,0.47631338094574,9.211827982178e-06,4.5690438190513e-06
1.72525,0.85783508988281,0.47115317873248,9.2023337573065e-06,4.5780538813863e-06
1.7255,0.86065611266632,0.46597440653818,9.1928345478646e-06,4.5870832234852e-06
1.72575,0.86344776038275,0.4607772382819,9.1833302642176e-06,4.5961321030918e-06
1.726,0.86620987946796,0.45556184922441,9.17382081556e-06,4.6052007803613e-06
1.72625,0.86894231767156,0.45032841596367,9.1643061098986e-06,4.6142895178937e-06
1.7265,0.87164492405147,0.44507711641463,9.1547860540351e-06,4.6233985807674e-06
1.72675,0.87431754899798,0.43980812980446,9.1452605535483e-06,4.6325282365729e-06
1.727,0.87696004423513,0.43452163665744,9.1357295127766e-06,4.6416787554482e-06
1.72725,0.87957226285186,0.42921781877282,9.1261928347999e-06,4.6508504101138e-06
1.7275,0.88215405928131,0.42389685923553,9.1166504214203e-06,4.6600434759082e-06
1.72775,0.88470528934661,0.41855894238174,9.1071021731438e-06,4.669258230825e-06
1.728,0.88722581025566,0.41320425378717,9.0975479891608e-06,4.6784949555495e-06
1.72825,0.88971548060497,0.40783298027307,9.0879877673264e-06,4.6877539334965e-06
1.7285,0.89217416040836,0.40244530987276,9.0784214041404e-06,4.6970354508485e-06
1.72875,0.89460171109596,0.39704143182871,9.0688487947267e-06,4.7063397965947e-06
1.729,0.8969979955267,0.39162153657585,9.0592698328131e-06,4.7156672625705e-06
1.72925,0.89936287799991,0.38618581573378,9.049684410709e-06,4.7250181434977e-06
1.7295,0.90169622427202,0.38073446207869,9.0400924192848e-06,4.7343927370252e-06
1.72975,0.90399790155123,0.37526766955241,9.0304937479493e-06,4.7437913437707e-06
1.73,0.90626777852672,0.36978563322584,9.0208882846275e-06,4.7532142673632e-06
1.73025,0.9085057253635,0.36428854929895,9.0112759157374e-06,4.7626618144854e-06
1.7305,0.9107116137175,0.35877661508786,9.0016565261668e-06,4.7721342949177e-06
1.73075,0.91288531674512,0.35325002900178,8.9920299992495e-06,4.7816320215824e-06
1.731,0.91502670911629,0.34770899053557,8.982396216741e-06,4.7911553105893e-06
1.73125,0.9171356670167,0.34215370025158,8.9727550587937e-06,4.800704481281e-06
1.7315,0.9192120681624,0.33658435977066,8.9631064039316e-06,4.81027985628e-06
1.73175,0.92125579180489,0.33100117175342,8.9534501290247e-06,4.8198817615361e-06
1.732,0.92326671874043,0.32540433988895,8.9437861092626e-06,4.8295105263745e-06
1.73225,0.9252447313234,0.31979406887627,8.9341142181277e-06,4.8391664835454e-06
1.7325,0.92718971346573,0.31417056441482,8.9244343273681e-06,4.8488499692733e-06
1.73275,0.92910155065917,0.30853403318158,8.9147463069695e-06,4.8585613233085e-06
1.733,0.93098012996481,0.3028846828296,8.9050500251267e-06,4.8683008889783e-06
1.73325,0.93282534003245,0.29722272196237,8.8953453482148e-06,4.8780690132398e-06
1.7335,0.93463707111077,0.29154836012535,8.8856321407598e-06,4.8878660467335e-06
1.73375,0.93641521504732,0.28586180778046,8.8759102654079e-06,4.8976923438374e-06
1.734,0.93815966529756,0.28016327630893,8.866179582895e-06,4.907548262723e-06
1.73425,0.93987031693209,0.27445297798545,8.8564399520155e-06,4.917434165411e-06
1.7345,0.94154706665262,0.26873112595149,8.8466912295898e-06,4.927350417829e-06
1.73475,0.94318981278202,0.26299793422674,8.8369332704318e-06,4.9372973898699e-06
1.735,0.9447984552828,0.25725361767931,8.8271659273155e-06,4.9472754554512e-06
1.73525,0.94637289576215,0.25149839200282,8.8173890509411e-06,4.9572849925753e-06
1.7355,0.94791303747383,0.24573247371554,8.8076024898999e-06,4.9673263833913e-06
1.73575,0.94941878532638,0.23995608014325,8.7978060906388e-06,4.9774000142573e-06
1.736,0.95089004589333,0.23416942939059,8.7879996974245e-06,4.9875062758046e-06
1.73625,0.95232672741207,0.2283727403402,8.7781831523061e-06,4.9976455630019e-06
1.7365,0.95372873979051,0.22256623263606,8.7683562950773e-06,5.007818275222e-06
1.73675,0.95509599461667,0.21675012666125,8.7585189632383e-06,5.0180248163086e-06
1.737,0.95642840516291,0.21092464352163,8.748670991956e-06,5.0282655946449e-06
1.73725,0.95772588638542,0.20509000504371,8.7388122140237e-06,5.0385410232233e-06
1.7375,0.95898835493586,0.19924643374573,8.7289424598207e-06,5.0488515197163e-06
1.73775,0.96021572915928,0.19339415282331,8.7190615572699e-06,5.0591975065486e-06
1.738,0.96140792910792,0.18753338614108,8.7091693317948e-06,5.0695794109709e-06
1.73825,0.96256487653347,0.1816643582154,8.6992656062764e-06,5.0799976651349e-06
1.7385,0.96368649490466,0.17578729419184,8.689350201008e-06,5.0904527061692e-06
1.73875,0.9647727093958,0.16990241983914,8.67942293365e-06,5.1009449762573e-06
1.739,0.96582344690524,0.16400996152816,8.6694836191828e-06,5.1114749227165e-06
1.73925,0.96683863604817,0.15811014621449,8.6595320698599e-06,5.1220429980789e-06
1.7395,0.96781820716788,0.15220320143113,8.6495680951586e-06,5.132649660173e-06
1.73975,0.96876209233391,0.14628935526106,8.6395915017306e-06,5.1432953722077e-06
1.74,0.96967022534431,0.14036883633482,8.6296020933513e-06,5.1539806028575e-06
1.74025,0.97054254173213,0.13444187380706,8.6195996708678e-06,5.164705826349e-06
1.7405,0.97137897876783,0.12850869734073,8.609584032146e-06,5.1754715225496e-06
1.74075,0.97217947545857,0.12256953709335,8.5995549720163e-06,5.1862781770575e-06
1.741,0.97294397255359,0.11662462370475,8.589512282218e-06,5.1971262812936e-06
1.74125,0.97367241254556,0.11067418827487,8.5794557513433e-06,5.2080163325952e-06
1.7415,0.97436473967071,0.10471846235334,8.5693851647788e-06,5.2189488343108e-06
1.74175,0.97502089991418,0.098757677923093,8.5593003046468e-06,5.229924295898e-06
1.742,0.97564084100901,0.092792067383734,8.5492009497445e-06,5.2409432330219e-06
1.74225,0.97622451243797,0.086821863535913,8.5390868754823e-06,5.2520061676565e-06
1.7425,0.97677186543414,0.080847299570756,8.5289578538205e-06,5.2631136281875e-06
1.74275,0.97728285298648,0.074868609046681,8.5188136532048e-06,5.2742661495169e-06
1.743,0.97775742983489,0.068886025878601,8.5086540385001e-06,5.2854642731701e-06
1.74325,0.97819555247329,0.0628997843234,8.4984787709227e-06,5.2967085474053e-06
1.7435,0.97859717915317,0.056910118964436,8.4882876079713e-06,5.3079995273239e-06
1.74375,0.97896226987898,0.050917264692452,8.4780803033563e-06,5.3193377749844e-06
1.744,0.97929078641285,0.044921456693112,8.4678566069271e-06,5.3307238595177e-06
1.74425,0.97958269227152,0.038922930435445,8.4576162645986e-06,5.3421583572451e-06
1.7445,0.97983795273011,0.032921921649665,8.4473590182748e-06,5.3536418517982e-06
1.74475,0.98005653481565,0.026918666320489,8.4370846057718e-06,5.3651749342416e-06
1.745,0.98023840731519,0.02091340066405,8.4267927607382e-06,5.376758203198e-06
1.74525,0.98038354076806,0.014906361114017,8.4164832125739e-06,5.3883922649757e-06
1.7455,0.98049190746934,0.0088977843133497,8.4061556863472e-06,5.4000777336983e-06
1.74575,0.98056348146915,0.0028879070919164,8.3958099027098e-06,5.4118152314377e-06
1.746,0.98059823856709,-0.003123033540591,8.3854455778092e-06,5.4236053883494e-06
1.74625,0.9805961563175,-0.0091348004191969,8.3750624232004e-06,5.4354488428106e-06
1.7465,0.98055721402555,-0.015147156230265,8.3646601457542e-06,5.4473462415609e-06
1.74675,0.98048139274476,-0.021159863530442,8.3542384475638e-06,5.4592982398462e-06
1.747,0.98036867527475,-0.02717268475553,8.3437970258493e-06,5.4713055015655e-06
1.74725,0.9802190461643,-0.033185382242901,8.3333355728596e-06,5.4833686994205e-06
1.7475,0.98003249170667,-0.039197718246934,8.3228537757724e-06,5.4954885150685e-06
1.74775,0.97980899993437,-0.04520945493587,8.3123513165913e-06,5.5076656392779e-06
1.748,0.97954856062388,-0.051220354431964,8.3018278720402e-06,5.5199007720881e-06
1.74825,0.97925116528775,-0.057230178804155,8.2912831134565e-06,5.5321946229716e-06
1.7485,0.97891680717503,-0.063238690093896,8.2807167066794e-06,5.5445479109997e-06
1.74875,0.97854548126889,-0.069245650327502,8.2701283119379e-06,5.5569613650123e-06
1.749,0.97813718428178,-0.075250821524245,8.2595175837343e-06,5.5694357237903e-06
1.74925,0.97769191465617,-0.081253965720216,8.2488841707255e-06,5.5819717362327e-06
1.7495,0.97720967255807,-0.087254844974126,8.2382277156012e-06,5.5945701615364e-06
1.74975,0.97669045987722,-0.093253221382318,8.2275478549595e-06,5.6072317693805e-06
1.75,0.97613428022002,-0.099248857096879,8.2168442191785e-06,5.6199573401144e-06
1.75025,0.97554113891236,-0.10524151433588,8.2061164322856e-06,5.6327476649497e-06
1.7505,0.97491104298951,-0.11123095539527,8.1953641118228e-06,5.6456035461564e-06
1.75075,0.97424400119694,-0.11721694266563,8.1845868687093e-06,5.6585257972632e-06
1.751,0.97354002398559,-0.12319923864623,8.1737843070999e-06,5.6715152432623e-06
1.75125,0.97279912350835,-0.12917760595444,8.1629560242401e-06,5.6845727208185e-06
1.7515,0.9720213136144,-0.13515180734155,8.1521016103176e-06,5.6976990784825e-06
1.75175,0.97120660984881,-0.14112160570582,8.1412206483101e-06,5.71089517691e-06
1.752,0.97035502944509,-0.14708676410451,8.1303127138285e-06,5.7241618890839e-06
1.75225,0.96946659132269,-0.15304704576778,8.1193773749569e-06,5.7375001005428e-06
1.7525,0.96854131608178,-0.15900221411127,8.1084141920879e-06,5.750910709614e-06
1.75275,0.96757922600101,-0.16495203274931,8.0974227177539e-06,5.7643946276513e-06
1.753,0.96658034502967,-0.17089626550585,8.0864024964536e-06,5.7779527792786e-06
1.75325,0.9655446987851,-0.17683467642967,8.0753530644745e-06,5.791586102639e-06
1.7535,0.96447231454914,-0.18276702980491,8.0642739497103e-06,5.8052955496488e-06
1.75375,0.96336322125974,-0.18869309016521,8.0531646714734e-06,5.8190820862578e-06
1.754,0.96221744950942,-0.19461262230164,8.042024740303e-06,5.832946692715e-06
1.75425,0.96103503153846,-0.20052539128176,8.0308536577672e-06,5.8468903638409e-06
1.7545,0.95981600123061,-0.20643116245722,8.0196509162608e-06,5.8609141093054e-06
1.75475,0.95856039410759,-0.21232970147571,8.0084159987966e-06,5.875018953912e-06
1.755,0.95726824732321,-0.21822077429472,7.9971483787921e-06,5.8892059378891e-06
1.75525,0.9559395996591,-0.22410414719207,7.9858475198497e-06,5.9034761171871e-06
1.7555,0.95457449151802,-0.22997958677767,7.974512875531e-06,5.9178305637833e-06
1.75575,0.9531729649196,-0.23584686000845,7.9631438891256e-06,5.9322703659928e-06
1.756,0.95173506349415,-0.24170573419187,7.9517399934122e-06,5.9467966287872e-06
1.75625,0.95026083247552,-0.24755597700668,7.9403006104148e-06,5.9614104741207e-06
1.7565,0.94875031869804,-0.25339735650868,7.9288251511509e-06,5.9761130412639e-06
1.75675,0.94720357058816,-0.25922964114297,7.9173130153729e-06,5.9909054871446e-06
1.757,0.94562063815968,-0.26505259975417,7.9057635913032e-06,6.0057889866974e-06
1.75725,0.94400157300786,-0.27086600160178,7.8941762553603e-06,6.0207647332216e-06
1.7575,0.94234642830219,-0.27666961636422,7.8825503718789e-06,6.0358339387469e-06
1.75775,0.94065525878181,-0.28246321415624,7.8708852928208e-06,6.0509978344083e-06
1.758,0.93892812074704,-0.28824656553447,7.859180357478e-06,6.0662576708296e-06
1.75825,0.93716507205566,-0.29401944151162,7.847434892168e-06,6.0816147185165e-06
1.7585,0.93536617211434,-0.29978161356452,7.8356482099192e-06,6.0970702682583e-06
1.75875,0.93353148187322,-0.30553285364644,7.8238196101482e-06,6.1126256315405e-06
1.759,0.9316610638194,-0.31127293419499,7.8119483783274e-06,6.1282821409661e-06
1.75925,0.92975498196978,-0.31700162814575,7.8000337856429e-06,6.1440411506877e-06
1.7595,0.92781330186467,-0.32271870893878,7.7880750886432e-06,6.1599040368506e-06
1.75975,0.92583609056142,-0.32842395052986,7.776071528876e-06,6.1758721980457e-06
1.76,0.92382341662716,-0.3341171274017,7.7640223325164e-06,6.191947055774e-06
1.76025,0.92177535013225,-0.33979801457194,7.7519267099826e-06,6.2081300549229e-06
1.7605,0.91969196264314,-0.34546638760253,7.7397838555406e-06,6.2244226642537e-06
1.76075,0.91757332721589,-0.351122022612,7.727592946898e-06,6.2408263769012e-06
1.761,0.91541951838868,-0.35676469628111,7.7153531447841e-06,6.257342710886e-06
1.76125,0.91323061217512,-0.36239418586528,7.7030635925189e-06,6.2739732096398e-06
1.7615,0.9110066860568,-0.36801026920143,7.6907234155683e-06,6.2907194425432e-06
1.76175,0.9087478189769,-0.37361272471935,7.6783317210861e-06,6.3075830054773e-06
1.762,0.90645409133218,-0.37920133144875,7.665887597442e-06,6.3245655213896e-06
1.76225,0.9041255849662,-0.38477586902908,7.6533901137352e-06,6.3416686408741e-06
1.7625,0.90176238316201,-0.3903361177183,7.640838319293e-06,6.3588940427654e-06
1.76275,0.89936457063501,-0.3958818584014,7.6282312431544e-06,6.3762434347492e-06
1.763,0.89693223352519,-0.40141287259874,7.6155678935371e-06,6.3937185539874e-06
1.76325,0.89446545939031,-0.40692894247527,7.6028472572883e-06,6.4113211677602e-06
1.7635,0.89196433719815,-0.41242985084789,7.5900682993183e-06,6.4290530741239e-06
1.76375,0.8894289573192,-0.41791538119423,7.5772299620163e-06,6.4469161025861e-06
1.764,0.88685941151916,-0.42338531766117,7.5643311646477e-06,6.4649121147991e-06
1.76425,0.88425579295156,-0.42883944507237,7.5513708027328e-06,6.4830430052702e-06
1.7645,0.88161819615008,-0.43427754893598,7.5383477474047e-06,6.5013107020918e-06
1.76475,0.87894671702122,-0.43969941545322,7.5252608447479e-06,6.5197171676899e-06
1.765,0.87624145283652,-0.44510483152558,7.5121089151148e-06,6.5382643995927e-06
1.76525,0.87350250222505,-0.45049358476267,7.4988907524207e-06,6.5569544312199e-06
1.7655,0.87072996516599,-0.45586546348973,7.4856051234156e-06,6.5757893326923e-06
1.76575,0.86792394298066,-0.46122025675501,7.472250766932e-06,6.5947712116636e-06
1.766,0.86508453832513,-0.46655775433705,7.4588263931092e-06,6.6139022141746e-06
1.76625,0.86221185518249,-0.47187774675213,7.445330682591e-06,6.6331845255298e-06
1.7665,0.8593059988551,-0.47718002526116,7.431762285697e-06,6.6526203711983e-06
1.76675,0.85636707595699,-0.48246438187687,7.4181198215672e-06,6.672212017739e-06
1.767,0.85339519440608,-0.48773060937063,7.4044018772773e-06,6.6919617737509e-06
1.76725,0.85039046341651,-0.49297850127938,7.3906070069242e-06,6.7118719908495e-06
1.7675,0.84735299349086,-0.49820785191233,7.3767337306818e-06,6.7319450646701e-06
1.76775,0.84428289641244,-0.50341845635758,7.3627805338234e-06,6.7521834358983e-06
1.768,0.84118028523756,-0.50861011048863,7.3487458657121e-06,6.7725895913298e-06
1.76825,0.83804527428772,-0.51378261097094,7.3346281387555e-06,6.7931660649591e-06
1.7685,0.83487797914189,-0.51893575526823,7.3204257273259e-06,6.8139154390987e-06
1.76875,0.83167851662872,-0.52406934164857,7.3061369666415e-06,6.8348403455294e-06
1.769,0.82844700481877,-0.52918316919091,7.2917601516106e-06,6.8559434666837e-06
1.76925,0.82518356301676,-0.53427703779073,7.2772935356338e-06,6.8772275368616e-06
1.7695,0.82188831175379,-0.53935074816631,7.2627353293655e-06,6.8986953434816e-06
1.76975,0.81856137277961,-0.54440410186448,7.2480836994309e-06,6.920349728367e-06
1.77,0.81520286905468,-0.54943690126647,7.233336767098e-06,6.9421935890689e-06
1.77025,0.81181292474263,-0.55444894959375,7.2184926069021e-06,6.9642298802269e-06
1.7705,0.80839166520242,-0.55944005091308,7.2035492452214e-06,6.9864616149696e-06
1.77075,0.80493921698046,-0.56441001014265,7.1885046588007e-06,7.008891866355e-06
1.771,0.80145570780296,-0.56935863305757,7.1733567732227e-06,7.0315237688528e-06
1.77125,0.79794126656823,-0.57428572629455,7.1581034613225e-06,7.0543605198696e-06
1.7715,0.79439602333889,-0.57919109735756,7.1427425415453e-06,7.0774053813195e-06
1.77175,0.79082010933405,-0.58407455462334,7.127271776243e-06,7.1006616812397e-06
1.772,0.78721365692181,-0.58893590734566,7.1116888699082e-06,7.1241328154543e-06
1.77225,0.78357679961119,-0.59377496566148,7.0959914673426e-06,7.147822249287e-06
1.7725,0.77990967204484,-0.5985915405945,7.0801771517569e-06,7.1717335193252e-06
1.77275,0.77621240999125,-0.60338544406091,7.0642434427995e-06,7.1958702352353e-06
1.773,0.77248515033676,-0.60815648887438,7.0481877945108e-06,7.2202360816339e-06
1.77325,0.76872803107828,-0.61290448874967,7.0320075931996e-06,7.244834820014e-06
1.7735,0.76494119131555,-0.61762925830822,7.015700155239e-06,7.2696702907295e-06
1.77375,0.76112477124341,-0.62233061308193,6.999262724777e-06,7.29474641504e-06
1.774,0.75727891214414,-0.62700836951864,6.9826924713597e-06,7.3200671972169e-06
1.77425,0.75340375638027,-0.63166234498507,6.9659864874613e-06,7.3456367267147e-06
1.7745,0.74949944738652,-0.6362923577721,6.9491417859185e-06,7.3714591804076e-06
1.77475,0.74556612966251,-0.64089822709912,6.9321552972639e-06,7.3975388248953e-06
1.775,0.74160394876508,-0.64547977311708,6.9150238669542e-06,7.4238800188796e-06
1.77525,0.73761305130105,-0.6500368169136,6.8977442524886e-06,7.4504872156143e-06
1.7755,0.73359358491941,-0.65456918051674,6.880313120412e-06,7.4773649654317e-06
1.77575,0.72954569830391,-0.65907668689843,6.8627270431981e-06,7.5045179183466e-06
1.776,0.72546954116589,-0.66355915997876,6.8449824960066e-06,7.5319508267425e-06
1.77625,0.7213652642365,-0.66801642462964,6.8270758533086e-06,7.5596685481415e-06
1.7765,0.7172330192593,-0.67244830667887,6.8090033853744e-06,7.5876760480616e-06
1.77675,0.71307295898364,-0.67685463291256,6.7907612546174e-06,7.6159784029636e-06
1.777,0.708885237156,-0.6812352310804,6.7723455117859e-06,7.6445808032918e-06
1.77725,0.70467000851373,-0.68558992989785,6.7537520919978e-06,7.6734885566112e-06
1.7775,0.70042742877744,-0.68991855904995,6.7349768106088e-06,7.7027070908439e-06
1.77775,0.69615765464359,-0.69422094919498,6.7160153589068e-06,7.7322419576098e-06
1.778,0.69186084377706,-0.69849693196778,6.696863299625e-06,7.7620988356737e-06
1.77825,0.68753715480496,-0.70274633998208,6.6775160622628e-06,7.7922835345039e-06
1.7785,0.68318674730786,-0.70696900683481,6.6579689382071e-06,7.8228019979449e-06
1.77875,0.67880978181401,-0.71116476710895,6.6382170756437e-06,7.8536603080088e-06
1.779,0.67440641979155,-0.71533345637583,6.6182554742469e-06,7.8848646887905e-06
1.77925,0.66997682364132,-0.71947491119953,6.598078979639e-06,7.9164215105092e-06
1.7795,0.66552115669017,-0.72358896913838,6.5776822776055e-06,7.9483372936824e-06
1.77975,0.66103958318388,-0.72767546874841,6.5570598880558e-06,7.9806187134356e-06
1.78,0.65653226827974,-0.73173424958632,6.5362061587145e-06,8.0132726039543e-06
1.78025,0.65199937803994,-0.73576515221245,6.515115258532e-06,8.0463059630808e-06
1.7805,0.64744107942477,-0.73976801819303,6.4937811707974e-06,8.0797259570637e-06
1.78075,0.64285754028498,-0.74374269010295,6.4721976859401e-06,8.1135399254629e-06
1.781,0.63824892935576,-0.74768901152846,6.4503583940037e-06,8.1477553862177e-06
1.78125,0.63361541624955,-0.75160682706957,6.4282566767742e-06,8.1823800408821e-06
1.7815,0.62895717144882,-0.75549598234301,6.4058856995454e-06,8.2174217800337e-06
1.78175,0.62427436629973,-0.75935632398434,6.3832384025011e-06,8.252888688863e-06
1.782,0.61956717300557,-0.76318769964989,6.3603074916958e-06,8.2887890529476e-06
1.78225,0.6148357646193,-0.76698995802048,6.3370854296089e-06,8.3251313642194e-06
1.7825,0.61008031503777,-0.77076294880188,6.3135644252537e-06,8.3619243271308e-06
1.78275,0.60530099899436,-0.77450652272829,6.2897364238128e-06,8.3991768650259e-06
1.783,0.60049799205264,-0.77822053156482,6.2655930957778e-06,8.4368981267254e-06
1.78325,0.59567147059946,-0.78190482810884,6.2411258255627e-06,8.4750974933302e-06
1.7835,0.59082161183932,-0.78555926619188,6.2163256995649e-06,8.5137845852531e-06
1.78375,0.58594859378642,-0.78918370068349,6.1911834936401e-06,8.5529692694847e-06
1.784,0.58105259525955,-0.79277798749081,6.1656896599613e-06,8.5926616671018e-06
1.78425,0.57613379587472,-0.79634198356251,6.1398343132242e-06,8.6328721610261e-06
1.7845,0.57119237603923,-0.79987554688936,6.1136072161639e-06,8.6736114040412e-06
1.78475,0.56622851694496,-0.80337853650792,6.0869977643427e-06,8.7148903270755e-06
1.785,0.56124240056252,-0.80685081249989,6.0599949701675e-06,8.7567201477603e-06
1.78525,0.55623420963388,-0.81029223599642,6.0325874460911e-06,8.7991123792706e-06
1.7855,0.55120412766755,-0.81370266917838,6.0047633869512e-06,8.8420788394573e-06
1.78575,0.54615233893118,-0.81708197527875,5.9765105513953e-06,8.8856316602793e-06
1.786,0.54107902844556,-0.82043001858428,5.9478162423385e-06,8.9297832975439e-06
1.78625,0.53598438197908,-0.82374666443647,5.9186672863955e-06,8.9745465409643e-06
1.7865,0.53086858604081,-0.82703177923456,5.8890500122257e-06,9.0199345245422e-06
1.78675,0.52573182787477,-0.83028523043617,5.8589502277268e-06,9.0659607372839e-06
1.787,0.52057429545368,-0.83350688655882,5.8283531960052e-06,9.1126390342581e-06
1.78725,0.51539617747307,-0.83669661718236,5.7972436100496e-06,9.1599836480032e-06
1.7875,0.51019766334508,-0.83985429294927,5.765605566028e-06,9.2080092002917e-06
1.78775,0.50497894319281,-0.84297978556721,5.7334225351211e-06,9.2567307142587e-06
1.788,0.49974020784398,-0.84607296780998,5.7006773338031e-06,9.3061636269008e-06
1.78825,0.49448164882531,-0.84913371351902,5.6673520924702e-06,9.356323801952e-06
1.7885,0.48920345835649,-0.85216189760423,5.6334282223129e-06,9.4072275431414e-06
1.78875,0.48390582934427,-0.85515739604712,5.5988863803209e-06,9.458891607836e-06
1.789,0.47858895537681,-0.85812008589973,5.5637064322988e-06,9.5113332210734e-06
1.78925,0.47325303071796,-0.86104984528789,5.5278674137657e-06,9.5645700899843e-06
1.7895,0.46789825030109,-0.86394655341124,5.4913474886e-06,9.6186204186064e-06
1.78975,0.46252480972391,-0.86681009054526,5.4541239052814e-06,9.6735029230867e-06
1.79,0.45713290524258,-0.86964033804208,5.4161729505723e-06,9.7292368472695e-06
1.79025,0.45172273376572,-0.87243717833212,5.3774699004668e-06,9.7858419786619e-06
1.7905,0.44629449284949,-0.87520049492433,5.3379889682255e-06,9.8433386647708e-06
1.79075,0.44084838069114,-0.87793017240855,5.2977032492993e-06,9.9017478297942e-06
1.791,0.43538459612421,-0.88062609645583,5.2565846629298e-06,9.9610909916544e-06
1.79125,0.42990333861243,-0.88328815382011,5.2146038902004e-06,1.002139027935e-05
1.7915,0.42440480824487,-0.88591623233809,5.1717303082925e-06,1.0082668450602e-05
1.79175,0.4188892057299,-0.88851022093155,5.1279319206836e-06,1.0144948909757e-05
1.792,0.41335673238997,-0.89107000960828,5.0831752830045e-06,1.0208255725922e-05
1.79225,0.40780759015573,-0.89359548946285,5.0374254242489e-06,1.0272613651262e-05
1.7925,0.40224198156172,-0.89608655267655,4.9906457630074e-06,1.0338048139433e-05
1.79275,0.39666010974015,-0.89854309252033,4.9427980183697e-06,1.0404585364063e-05
1.793,0.39106217841603,-0.90096500335399,4.8938421151129e-06,1.0472252237208e-05
1.79325,0.38544839190123,-0.90335218062826,4.8437360827624e-06,1.0541076427712e-05
1.7935,0.37981895508997,-0.90570452088545,4.7924359480784e-06,1.0611086379333e-05
1.79375,0.37417407345316,-0.90802192175981,4.7398956204873e-06,1.068231132855e-05
1.794,0.36851395303331,-0.91030428197869,4.6860667699361e-06,1.0754781321875e-05
1.79425,0.36283880043939,-0.91255150136375,4.6308986966076e-06,1.0828527232537e-05
1.7945,0.35714882284198,-0.91476348083083,4.5743381918872e-06,1.0903580776327e-05
1.79475,0.35144422796716,-0.91694012239225,4.516329389924e-06,1.0979974526399e-05
1.795,0.34572522409231,-0.91908132915613,4.4568136090715e-06,1.1057741926768e-05
1.79525,0.33999202004124,-0.92118700532779,4.3957291824394e-06,1.1136917304232e-05
1.7955,0.33424482517779,-0.92325705621091,4.3330112767203e-06,1.1217535878361e-05
1.79575,0.32848384940258,-0.92529138820713,4.2685916983862e-06,1.1299633769211e-05
1.796,0.32270930314657,-0.92728990881798,4.2023986862766e-06,1.1383248002289e-05
1.79625,0.31692139736698,-0.92925252664469,4.1343566895165e-06,1.1468416510303e-05
1.7965,0.31112034354192,-0.93117915138922,4.0643861296123e-06,1.1555178131111e-05
1.79675,0.30530635366549,-0.93306969385532,3.9924031454815e-06,1.1643572601216e-05
1.797,0.29947964024323,-0.93492406594771,3.9183193200611e-06,1.1733640544068e-05
1.79725,0.29364041628672,-0.9367421806751,3.8420413870323e-06,1.182542345232e-05
1.7975,0.28778889530915,-0.93852395214821,3.7634709160716e-06,1.191896366305e-05
1.79775,0.28192529132033,-0.94026929558215,3.6825039749053e-06,1.2014304324848e-05
1.798,0.27604981882186,-0.94197812729633,3.599030766303e-06,1.2111489355473e-05
1.79825,0.27016269280264,-0.94365036471499,3.5129352379863e-06,1.2210563388643e-05
1.7985,0.26426412873324,-0.94528592636791,3.4240946632614e-06,1.2311571708263e-05
1.79875,0.25835434256259,-0.94688473189052,3.3323791900056e-06,1.2414560168196e-05
1.799,0.25243355071212,-0.94844670202491,3.2376513554371e-06,1.2519575095392e-05
1.79925,0.24650197007133,-0.94997175862011,3.1397655638958e-06,1.2626663173858e-05
1.7995,0.24055981799339,-0.95145982463234,3.0385675246335e-06,1.2735871306627e-05
1.79975,0.23460731228996,-0.95291082412609,2.9338936463765e-06,1.2847246452431e-05
1.8,0.22864467122757,-0.95432468227326,2.8255703851741e-06,1.296083543333e-05
1.80025,0.22267211352176,-0.95570132535524,2.7134135417764e-06,1.3076684708994e-05
1.8005,0.2166898583335,-0.95704068076163,2.5972275045098e-06,1.3194840112713e-05
1.80075,0.21069812526376,-0.95834267699214,2.4768044333339e-06,1.3315346543474e-05
1.801,0.20469713434998,-0.95960724365567,2.351923380458e-06,1.3438247607627e-05
1.80125,0.19868710606051,-0.96083431147131,2.2223493426105e-06,1.3563585202705e-05
1.8015,0.19266826129083,-0.96202381226864,2.0878322397443e-06,1.3691399034862e-05
1.80175,0.18664082135878,-0.96317567898749,1.9481058146848e-06,1.3821726060122e-05
1.802,0.18060500800007,-0.96428984567904,1.8028864479585e-06,1.3954599838197e-05
1.80225,0.17456104336384,-0.96536624750525,1.6518718818086e-06,1.409004978593e-05
1.8025,0.16850915000814,-0.96640482073954,1.4947398472245e-06,1.4228100315524e-05
1.80275,0.16244955089605,-0.96740550276683,1.3311465877154e-06,1.4368769840467e-05
1.803,0.15638246939041,-0.96836823208374,1.160725273554e-06,1.4512069629535e-05
1.80325,0.15030812925025,-0.96929294829889,9.8308430036916e-07,1.4658002486305e-05
1.8035,0.14422675462589,-0.9701795921327,7.9780546631035e-07,1.4806561228247e-05
1.80375,0.13813857005479,-0.97102810541777,6.044420225982e-07,1.495772693558e-05
1.804,0.13204380045712,-0.97183843109905,4.0251659322295e-07,1.5111466935628e-05
1.80425,0.12594267113203,-0.97261051323331,1.9151896091302e-07,1.5267732483338e-05
1.8045,0.11983540775239,-0.97334429699008,-2.9096281558088e-08,1.5426456092769e-05
1.80475,0.11372223636125,-0.97403972865081,-2.5991221300018e-07,1.5587548467753e-05
1.805,0.10760338336727,-0.97469675560932,-5.0155219306682e-07,1.5750894972322e-05
1.80525,0.10147907554051,-0.9753153263718,-7.5468258907793e-07,1.591635157299e-05
1.8055,0.095349540008519,-0.97589539055615,-1.0200156041075e-06,1.6083740175247e-05
1.80575,0.089215004251716,-0.97643689889268,-1.2983121819248e-06,1.6252843265831e-05
1.806,0.083075696099368,-0.97693980322342,-1.5903849539219e-06,1.6423397760221e-05
1.80625,0.076931843725424,-0.97740405650216,-1.897101179776e-06,1.6595087941487e-05
1.8065,0.070783675644411,-0.9778296127942,-2.2193856165446e-06,1.6767537362062e-05
1.80675,0.064631420707488,-0.97821642727608,-2.5582232293009e-06,1.6940299564389e-05
1.807,0.058475308097589,-0.97856445623559,-2.914661629243e-06,1.7112847459974e-05
1.80725,0.052315567326454,-0.97887365707095,-3.2898130911229e-06,1.7284561189619e-05
1.8075,0.046152428229584,-0.97914398829102,-3.684855959382e-06,1.745471427128e-05
1.80775,0.03998612096271,-0.97937540951463,-4.1010351997113e-06,1.7622457827246e-05
1.808,0.03381687599755,-0.97956788147035,-4.5396617878576e-06,1.7786802670823e-05
1.80825,0.027644924117812,-0.97972136599585,-5.0021105480608e-06,1.7946599026837e-05
1.8085,0.021470496415372,-0.97983582603769,-5.4898159570059e-06,1.8100513663435e-05
1.80875,0.015293824286049,-0.97991122565048,-6.0042653130229e-06,1.8247004229458e-05
1.809,0.0091151394256413,-0.97994752999672,-6.5469885320348e-06,1.8384290628383e-05
1.80925,0.0029346738262736,-0.97994470534588,-7.1195436693955e-06,1.8510323324867e-05
1.8095,-0.0032473402277099,-0.9799027190739,-7.7234970794735e-06,1.8622748584117e-05
1.80975,-0.0094306701638097,-0.9798215396625,-8.3603969135538e-06,1.8718870801856e-05
1.81,-0.015615083124886,-0.97970113669847,-9.0317384256543e-06,1.8795612310984e-05
1.81025,-0.021800345973278,-0.97954148087283,-9.7389193144327e-06,1.8849471371761e-05
1.8105,-0.027986225294706,-0.97934254398025,-1.0483183094221e-05,1.887647949065e-05
1.81075,-0.034172487401735,-0.97910429891776,-1.1265548286895e-05,1.8872159796955e-05
1.811,-0.040358898337721,-0.97882671968418,-1.2086721101109e-05,1.8831488965097e-05
1.81125,-0.0465452238809,-0.97850978137909,-1.2946989278163e-05,1.8748866129393e-05
1.8115,-0.05273122954757,-0.97815346020175,-1.3846095020882e-05,1.8618093412879e-05
1.81175,-0.058916680596289,-0.97775773345009,-1.4783085498215e-05,1.8432374076046e-05
1.812,-0.06510134203115,-0.97732257951952,-1.5756140478504e-05,1.8184335841841e-05
1.81225,-0.071284978605701,-0.97684797790175,-1.6762378358991e-05,1.7866088566796e-05
1.8125,-0.07746735482665,-0.97633390918372,-1.7797644408609e-05,1.7469326915245e-05
1.81275,-0.083648234957051,-0.97578035504597,-1.8856288585716e-05,1.6985489748682e-05
1.813,-0.089827383020491,-0.97518729826171,-1.9930944917984e-05,1.6405988119925e-05
1.81325,-0.096004562804011,-0.97455472269495,-2.1012330067833e-05,1.5722512469959e-05
1.8135,-0.10217953786209,-0.97388261329935,-2.2089085020573e-05,1.4927426157945e-05
1.81375,-0.10835207151983,-0.97317095611655,-2.3147690106299e-05,1.4014246087638e-05
1.814,-0.1145219268765,-0.97241973827446,-2.4172488599585e-05,1.2978201368861e-05
1.81425,-0.12068886680903,-0.97162894798576,-2.5145856226771e-05,1.1816847565577e-05
1.8145,-0.12685265397528,-0.97079857454599,-2.6048550976266e-05,1.053069783896e-05
1.81475,-0.13301305081735,-0.96992860833179,-2.6860267592257e-05,9.1238150604715e-06
1.815,-0.13916981956502,-0.96901904079894,-2.7560402644894e-05,7.6042939463754e-06
1.81525,-0.14532272223891,-0.96806986448046,-2.8129009246315e-05,5.9845537746319e-06
1.8155,-0.15147152065364,-0.96708107298445,-2.8547887807184e-05,4.281364950391e-06
1.81575,-0.15761597642116,-0.96605266099201,-2.8801725917664e-05,2.5155502097198e-06
1.816,-0.16375585095375,-0.964984624255,-2.8879173930386e-05,7.1133447663852e-07
1.81625,-0.16989090546718,-0.96387695959373,-2.8773731156668e-05,-1.1046369316334e-06
1.8165,-0.1760209009837,-0.96272966489453,-2.8484326872389e-05,-2.9045415980577e-06
1.81675,-0.18214559833505,-0.96154273910736,-2.8015512166173e-05,-4.660770144795e-06
1.817,-0.18826475816548,-0.96031618224312,-2.7377228649835e-05,-6.3473208889325e-06
1.81725,-0.19437814093443,-0.95904999537104,-2.6584178342279e-05,-7.9410532785098e-06
1.8175,-0.2004855069196,-0.95774418061591,-2.565487303468e-05,-9.4226765623174e-06
1.81775,-0.20658661621951,-0.95639874115519,-2.461047967974e-05,-1.0777392557294e-05
1.818,-0.21268122875639,-0.95501368121609,-2.3473593956679e-05,-1.19951637594e-05
1.81825,-0.21876910427875,-0.95358900607247,-2.2267066543219e-05,-1.3070628705206e-05
1.8185,-0.22485000236392,-0.95212472204165,-2.1012980789541e-05,-1.4002725824965e-05
1.81875,-0.23092368242073,-0.95062083648122,-1.9731844703338e-05,-1.4794109787766e-05
1.819,-0.2369899036918,-0.94907735778548,-1.8442023052684e-05,-1.5450450081365e-05
1.81925,-0.24304842525602,-0.94749429538215,-1.7159403698773e-05,-1.597969354735e-05
1.8195,-0.24909900603085,-0.94587165972857,-1.5897269719615e-05,-1.6391355913965e-05
1.81975,-0.25514140477455,-0.94420946230803,-1.4666336306084e-05,-1.6695887232837e-05
1.82,-0.26117538008832,-0.94250771562593,-1.3474907529703e-05,-1.6904136647523e-05
1.82025,-0.26720069041845,-0.94076643320577,-1.2329110550453e-05,-1.7026925663746e-05
1.8205,-0.27321709405818,-0.938985629585,-1.1233171109559e-05,-1.7074727143609e-05
1.82075,-0.27922434914975,-0.93716532031087,-1.018970205663e-05,-1.7057439604444e-05
1.821,-0.28522221368612,-0.93530552193594,-9.1999846207071e-06,-1.6984242417613e-05
1.82125,-0.29121044551272,-0.93340625201366,-8.2642291994468e-06,-1.686351626165e-05
1.8215,-0.29718880232907,-0.93146752909363,-7.381808167979e-06,-1.6702813774845e-05
1.82175,-0.30315704169033,-0.9294893727169,-6.5514575123095e-06,-1.6508867002663e-05
1.822,-0.30911492100864,-0.92747180341093,-5.771447095682e-06,-1.6287620365657e-05
1.82225,-0.31506219755451,-0.92541484268453,-5.0397212938364e-06,-1.6044280091634e-05
1.8225,-0.32099862845795,-0.92331851302262,-4.3540128354364e-06,-1.5783373125705e-05
1.82275,-0.32692397070959,-0.92118283788081,-3.711933187985e-06,-1.550881033279e-05
1.823,-0.33283798116162,-0.91900784167984,-3.1110429306161e-06,-1.5223950296718e-05
1.82325,-0.33874041652862,-0.91679354979983,-2.5489054036041e-06,-1.4931661203616e-05
1.8235,-0.34463103338824,-0.91453998857437,-2.0231266303128e-06,-1.4634379205849e-05
1.82375,-0.35050958818181,-0.91224718528448,-1.53138414715e-06,-1.4334162338469e-05
1.824,-0.3563758372147,-0.90991516815231,-1.0714470009037e-06,-1.4032739546848e-05
1.82425,-0.36222953665667,-0.90754396633473,-6.4118881126457e-07,-1.3731554722715e-05
1.8245,-0.36807044254195,-0.9051336099167,-2.3859546635654e-07,-1.343180587147e-05
1.82475,-0.37389831076922,-0.90268412990447,1.3823127163185e-07,-1.313447967556e-05
1.825,-0.37971289710145,-0.90019555821853,4.910732231378e-07,-1.2840381800029e-05
1.82525,-0.38551395716551,-0.89766792768648,8.2159749263135e-07,-1.2550163325122e-05
1.8255,-0.39130124645165,-0.89510127203555,1.1313597710552e-06,-1.2264343700481e-05
1.82575,-0.39707452031283,-0.89249562588502,1.4218087377953e-06,-1.1983330606166e-05
1.826,-0.40283353396375,-0.88985102473838,1.6942911756733e-06,-1.1707437084648e-05
1.82625,-0.40857804247984,-0.88716750497526,1.9500575045646e-06,-1.1436896280202e-05
1.8265,-0.41430780079596,-0.88444510384318,2.1902675123854e-06,-1.117187409131e-05
1.82675,-0.42002256370484,-0.88168385944907,2.4159961198148e-06,-1.0912480010229e-05
1.827,-0.42572208585548,-0.87888381075046,2.6282390601619e-06,-1.0658776393141e-05
1.82725,-0.43140612175115,-0.87604499754658,2.8279183907032e-06,-1.0410786375447e-05
1.8275,-0.43707442574723,-0.87316746046906,3.0158877786819e-06,-1.0168500620063e-05
1.82775,-0.44272675204889,-0.87025124097255,3.1929375256167e-06,-9.9318830624642e-06
1.828,-0.44836285470837,-0.86729638132489,3.3597993089952e-06,-9.7008757945827e-06
1.82825,-0.4539824876221,-0.86430292459718,3.5171506319149e-06,-9.4754032105165e-06
1.8285,-0.45958540452759,-0.8612709146535,3.6656189796421e-06,-9.2553755201536e-06
1.82875,-0.46517135899994,-0.85820039614035,3.8057856881068e-06,-9.0406917220716e-06
1.829,-0.47074010444816,-0.85509141447584,3.9381895335646e-06,-8.8312421142594e-06
1.82925,-0.47629139411115,-0.85194401583856,4.0633300554831e-06,-8.6269104100859e-06
1.8295,-0.48182498105336,-0.84875824715622,4.1816706264863e-06,-8.4275755173369e-06
1.82975,-0.48734061816024,-0.84553415609384,4.2936412841747e-06,-8.2331130298587e-06
1.83,-0.49283805813321,-0.84227179104181,4.3996413400453e-06,-8.0433964742274e-06
1.83025,-0.49831705348438,-0.83897120110353,4.5000417807171e-06,-7.8582983477377e-06
1.8305,-0.503777356531,-0.83563243608269,4.5951874763512e-06,-7.6776909787579e-06
1.83075,-0.5092187193893,-0.83225554647033,4.6853992106236e-06,-7.5014472360011e-06
1.831,-0.51464089396828,-0.82884058343142,4.7709755459509e-06,-7.3294411094005e-06
1.83125,-0.52004363196284,-0.82538759879124,4.8521945369181e-06,-7.1615481819899e-06
1.8315,-0.52542668484663,-0.82189664502126,4.9293153040682e-06,-6.9976460093555e-06
1.83175,-0.53078980386453,-0.81836777522475,5.0025794794076e-06,-6.8376144208205e-06
1.832,-0.53613274002458,-0.81480104312198,5.0722125341767e-06,-6.6813357544548e-06
1.83225,-0.54145524408952,-0.81119650303496,5.1384249986616e-06,-6.528695036235e-06
1.8325,-0.54675706656791,-0.80755420987197,5.2014135830662e-06,-6.3795801121739e-06
1.83275,-0.55203795770464,-0.80387421911148,5.2613622077572e-06,-6.2338817409425e-06
1.833,-0.55729766747121,-0.80015658678577,5.31844295052e-06,-6.0914936534058e-06
1.83325,-0.56253594555511,-0.79640136946412,5.3728169178347e-06,-5.9523125845488e-06
1.8335,-0.567752541349,-0.7926086242355,5.4246350465989e-06,-5.8162382824588e-06
1.83375,-0.57294720393922,-0.78877840869086,5.4740388421784e-06,-5.6831734983394e-06
1.834,-0.57811968209361,-0.78491078090498,5.521161058165e-06,-5.5530239609427e-06
1.83425,-0.58326972424897,-0.78100579941783,5.5661263227632e-06,-5.4256983382945e-06
1.8345,-0.58839707849776,-0.77706352321534,5.6090517162982e-06,-5.3011081891576e-06
1.83475,-0.59350149257413,-0.77308401170993,5.6500473039507e-06,-5.1791679063092e-06
1.835,-0.59858271383937,-0.76906732472025,5.6892166274683e-06,-5.0597946533836e-06
1.83525,-0.60364048926671,-0.76501352245058,5.7266571592759e-06,-4.942908296771e-06
1.8355,-0.60867456542526,-0.76092266546966,5.7624607221121e-06,-4.8284313338188e-06
1.83575,-0.61368468846338,-0.75679481468888,5.7967138770443e-06,-4.7162888183924e-06
1.836,-0.61867060409117,-0.7526300313401,5.82949828247e-06,-4.6064082846785e-06
1.83625,-0.62363205756228,-0.74842837695265,5.860891026485e-06,-4.4987196699671e-06
1.8365,-0.62856879365472,-0.74418991332997,5.8909649347947e-06,-4.3931552370299e-06
1.83675,-0.63348055665107,-0.73991470252547,5.9197888561546e-06,-4.2896494965975e-06
1.837,-0.63836709031758,-0.73560280681789,5.9474279271609e-06,-4.1881391303582e-06
1.83725,-0.64322813788245,-0.7312542886859,5.9739438180498e-06,-4.0885629148151e-06
1.8375,-0.64806344201322,-0.72686921078219,5.99939496103e-06,-3.9908616462768e-06
1.83775,-0.65287274479307,-0.72244763590675,6.0238367625391e-06,-3.8949780671999e-06
1.838,-0.65765578769613,-0.71798962697954,6.0473218006994e-06,-3.8008567940552e-06
1.83825,-0.66241231156178,-0.71349524701242,6.0699000091418e-06,-3.7084442468458e-06
1.8385,-0.6671420565678,-0.70896455908035,6.0916188482699e-06,-3.6176885803761e-06
1.83875,-0.67184476220233,-0.70439762629189,6.1125234649465e-06,-3.528539617337e-06
1.839,-0.67652016723484,-0.69979451175884,6.1326568415046e-06,-3.4409487832511e-06
1.83925,-0.68116800968554,-0.69515527856518,6.1520599349135e-06,-3.3548690433017e-06
1.8395,-0.68578802679389,-0.69047998973514,6.1707718068598e-06,-3.2702548410491e-06
1.83975,-0.69037995498546,-0.68576870820046,6.1888297454459e-06,-3.1870620390261e-06
1.84,-0.69494352983761,-0.68102149676683,6.20626937915e-06,-3.1052478611938e-06
1.84025,-0.69947848604364,-0.67623841807936,6.2231247836434e-06,-3.0247708372241e-06
1.8405,-0.70398455737552,-0.67141953458723,6.2394285820128e-06,-2.9455907485726e-06
1.84075,-0.70846147664497,-0.66656490850742,6.2552120388924e-06,-2.8676685762965e-06
1.841,-0.71290897566303,-0.66167460178736,6.2705051489769e-06,-2.7909664505647e-06
1.84125,-0.71732678519798,-0.65674867606678,6.2853367203432e-06,-2.7154476018097e-06
1.8415,-0.72171463493134,-0.65178719263843,6.2997344529855e-06,-2.6410763134582e-06
1.84175,-0.7260722534123,-0.64679021240778,6.3137250129325e-06,-2.5678178761822e-06
1.842,-0.7303993680101,-0.64175779585168,6.3273341022919e-06,-2.4956385436086e-06
1.84225,-0.7346957048645,-0.63669000297597,6.3405865255439e-06,-2.4245054894195e-06
1.8425,-0.73896098883427,-0.63158689327183,6.3535062523806e-06,-2.3543867657801e-06
1.84275,-0.74319494344352,-0.6264485256711,6.3661164773697e-06,-2.2852512630277e-06
1.843,-0.74739729082578,-0.62127495850039,6.3784396767046e-06,-2.2170686705524e-06
1.84325,-0.75156775166587,-0.61606624943389,6.3904976622812e-06,-2.1498094388046e-06
1.8435,-0.75570604513934,-0.61082245544502,6.402311633334e-06,-2.0834447423601e-06
1.84375,-0.75981188884944,-0.60554363275672,6.413902225843e-06,-2.0179464439738e-06
1.844,-0.76388499876148,-0.60022983679043,6.4252895599168e-06,-1.953287059556e-06
1.84425,-0.7679250891345,-0.59488112211371,6.4364932853434e-06,-1.8894397240002e-06
1.8445,-0.77193187245016,-0.58949754238642,6.4475326254911e-06,-1.8263781577957e-06
1.84475,-0.77590505933867,-0.58407915030552,6.458426419733e-06,-1.7640766343543e-06
1.845,-0.77984435850166,-0.57862599754827,6.4691931645625e-06,-1.7025099479816e-06
1.84525,-0.7837494766319,-0.57313813471403,6.4798510535583e-06,-1.6416533824235e-06
1.8455,-0.7876201183297,-0.56761561126435,6.4904180163542e-06,-1.5814826799157e-06
1.84575,-0.79145598601582,-0.56205847546153,6.5009117567631e-06,-1.5219740106643e-06
1.846,-0.7952567798408,-0.55646677430551,6.5113497902002e-06,-1.4631039426843e-06
1.84625,-0.79902219759051,-0.55084055346893,6.5217494805499e-06,-1.4048494119206e-06
1.8465,-0.80275193458777,-0.5451798572306,6.5321280766155e-06,-1.3471876925747e-06
1.84675,-0.8064456835899,-0.53948472840701,6.542502748293e-06,-1.2900963675586e-06
1.847,-0.81010313468193,-0.533755208282,6.5528906226074e-06,-1.2335532989921e-06
1.84725,-0.8137239751654,-0.52799133653457,6.5633088197525e-06,-1.177536598663e-06
1.8475,-0.81730788944242,-0.52219315116462,6.5737744892743e-06,-1.1220245983567e-06
1.84775,-0.82085455889494,-0.51636068841675,6.5843048465428e-06,-1.0669958199676e-06
1.848,-0.82436366175881,-0.51049398270186,6.5949172096591e-06,-1.0124289452936e-06
1.84825,-0.82783487299261,-0.50459306651667,6.6056290369493e-06,-9.5830278541094e-07
1.8485,-0.83126786414087,-0.498657970361,6.6164579652006e-06,-9.0459624952418e-07
1.84875,-0.83466230319138,-0.49268872265278,6.6274218488052e-06,-8.5128831317444e-07
1.849,-0.83801785442659,-0.48668534964071,6.6385387999806e-06,-7.9835798568497e-07
1.84925,-0.84133417826842,-0.48064787531451,6.6498272302466e-06,-7.4578427671402e-07
1.8495,-0.84461093111656,-0.47457632131268,6.6613058933503e-06,-6.9354616177393e-07
1.84975,-0.84784776517967,-0.46847070682774,6.6729939298392e-06,-6.416225465661e-07
1.85,-0.85104432829931,-0.46233104850887,6.6849109134989e-06,-5.8999222996952e-07
1.85025,-0.85420026376624,-0.45615736036176,6.6970768998858e-06,-5.3863386550493e-07
1.8505,-0.85731521012859,-0.44994965364588,6.7095124772034e-06,-4.8752592108427e-07
1.85075,-0.86038880099171,-0.44370793676872,6.7222388197885e-06,-4.3664663683515e-07
1.851,-0.86342066480915,-0.43743221517722,6.7352777444991e-06,-3.8597398077235e-07
1.85125,-0.86641042466442,-0.43112249124624,6.748651770317e-06,-3.354856020665e-07
1.8515,-0.86935769804303,-0.42477876416389,6.7623841815078e-06,-2.8515878163418e-07
1.85175,-0.87226209659433,-0.41840102981375,6.7764990947129e-06,-2.3497037974818e-07
1.852,-0.87512322588273,-0.41198928065387,6.7910215303826e-06,-1.8489678033335e-07
1.85225,-0.8779406851277,-0.40554350559242,6.805977488998e-06,-1.3491383157961e-07
1.8525,-0.8807140669319,-0.39906368986006,6.8213940325773e-06,-8.4996782463998e-08
1.85275,-0.88344295699713,-0.39254981487873,6.8372993720081e-06,-3.5120214727303e-08
1.853,-0.88612693382712,-0.38600185812691,6.8537229608077e-06,1.4742030198837e-08
1.85325,-0.88876556841676,-0.37941979300137,6.8706955959743e-06,6.4616929876461e-08
1.8535,-0.89135842392698,-0.37280358867503,6.8882495266657e-06,1.1453236578641e-07
1.85375,-0.89390505534453,-0.36615320995121,6.9064185715235e-06,1.645172151967e-07
1.854,-0.89640500912584,-0.35946861711389,6.9252382455503e-06,2.1460145076196e-07
1.85425,-0.8988578228243,-0.35274976577414,6.9447458975552e-06,2.6481624874086e-07
1.8545,-0.90126302469981,-0.34599660671244,6.9649808592988e-06,3.1519410682721e-07
1.85475,-0.90362013330998,-0.33920908571705,6.9859846076028e-06,3.6576897272079e-07
1.855,-0.90592865708171,-0.33238714341808,7.0078009408446e-06,4.1657638470881e-07
1.85525,-0.90818809386232,-0.32553071511758,7.0304761714274e-06,4.6765362569773e-07
1.8555,-0.91039793044898,-0.31863973061516,7.0540593360207e-06,5.1903989233133e-07
1.85575,-0.91255764209539,-0.31171411402948,7.0786024255873e-06,5.7077648105304e-07
1.856,-0.9146666919943,-0.30475378361534,7.1041606374784e-06,6.2290699323342e-07
1.85625,-0.91672453073477,-0.29775865157639,7.1307926521764e-06,6.7547756178434e-07
1.8565,-0.91873059573254,-0.29072862387354,7.1585609376078e-06,7.2853710203303e-07
1.85675,-0.92068431063217,-0.28366360002893,7.1875320843479e-06,7.8213759004041e-07
1.857,-0.92258508467929,-0.27656347292553,7.2177771754972e-06,8.3633437202684e-07
1.85725,-0.92443231206134,-0.26942812860244,7.2493721955409e-06,8.9118650913061e-07
1.8575,-0.92622537121491,-0.26225744604588,7.2823984831196e-06,9.4675716238769e-07
1.85775,-0.92796362409789,-0.2550512969759,7.3169432333584e-06,1.0031140235994e-06
1.858,-0.92964641542432,-0.24780954562906,7.3531000562372e-06,1.0603297986779e-06
1.85825,-0.93127307185978,-0.24053204853699,7.3909695984673e-06,1.1184827511554e-06
1.8585,-0.9328429011751,-0.23321865430117,7.4306602374846e-06,1.1776573148435e-06
1.85875,-0.93435519135584,-0.22586920336397,7.4722888575221e-06,1.2379447861874e-06
1.859,-0.93580920966501,-0.21848352777631,7.5159817193154e-06,1.299444108723e-06
1.85925,-0.93720420165617,-0.2110614509621,7.5618754368768e-06,1.3622627642884e-06
1.8595,-0.93853939013399,-0.20360278747982,7.610118077007e-06,1.4265177883472e-06
1.85975,-0.93981397405916,-0.19610734278174,7.6608703998659e-06,1.4923369300628e-06
1.86,-0.9410271273941,-0.18857491297096,7.714307262096e-06,1.5598599817532e-06
1.86025,-0.94217799788599,-0.1810052845571,7.7706192077819e-06,1.6292403072356e-06
1.8605,-0.94326570578329,-0.17339823421103,7.8300142770901e-06,1.7006466045508e-06
1.86075,-0.94428934248148,-0.1657535285194,7.8927200679223e-06,1.7742649459424e-06
1.861,-0.94524796909377,-0.15807092373974,7.9589860925676e-06,1.8503011471044e-06
1.86125,-0.94614061494191,-0.15035016555719,8.0290864794019e-06,1.9289835290927e-06
1.8615,-0.94696627596226,-0.14259098884363,8.1033230795252e-06,2.0105661505425e-06
1.86175,-0.94772391302147,-0.13479311742061,8.1820290502617e-06,2.0953326057593e-06
1.862,-0.94841245013621,-0.12695626382748,8.2655730022315e-06,2.1836005069405e-06
1.86225,-0.94903077259065,-0.11908012909596,8.3543638149498e-06,2.2757267976808e-06
1.8625,-0.94957772494503,-0.11116440253321,8.4488562484933e-06,2.372114081938e-06
1.86275,-0.95005210892831,-0.10320876151524,8.5495575068871e-06,2.4732182004062e-06
1.863,-0.95045268120717,-0.095212871292822,8.6570349439605e-06,2.5795573483046e-06
1.86325,-0.95077815102323,-0.08717638481256,8.7719251464646e-06,2.6917231098168e-06
1.8635,-0.95102717768972,-0.079098942555847,8.8949446847102e-06,2.8103938915797e-06
1.86375,-0.95119836793811,-0.070980172399035,9.0269028911359e-06,2.9363513801539e-06
1.864,-0.95129027310464,-0.062819689498289,9.1687171162692e-06,3.0705008396852e-06
1.86425,-0.95130138614587,-0.054617096203321,9.3214310249568e-06,3.2138963250345e-06
1.8645,-0.95123013847157,-0.046371982004571,9.4862366405647e-06,3.3677722400389e-06
1.86475,-0.95107489658222,-0.038083923518981,9.6645010300877e-06,3.5335831604585e-06
1.865,-0.95083395849796,-0.029752484520154,9.8577987600174e-06,3.7130545260042e-06
1.86525,-0.9505055499641,-0.021377216019568,1.0067951555083e-05,3.9082477747087e-06
1.8655,-0.95008782041775,-0.012957656406079,1.0297076975122e-05,4.121644881234e-06
1.86575,-0.94957883869874,-0.0044933316520535,1.0547648404674e-05,4.3562592774077e-06
1.866,-0.94897658848662,0.004016244404448,1.0822569234711e-05,4.6157831059893e-06
1.86625,-0.94827896344428,0.012571569691129,1.1125264795731e-05,4.9047852098303e-06
1.8665,-0.94748376204732,0.021173153434513,1.1459796313751e-05,5.2289810366705e-06
1.86675,-0.94658868207624,0.029821515581504,1.1831001719225e-05,5.5956061494313e-06
1.867,-0.94559131474739,0.038517186094407,1.224466807097e-05,6.0139416459915e-06
1.86725,-0.94448913845628,0.047260704102481,1.2707738537011e-05,6.4960666064208e-06
1.8675,-0.9432795121049,0.056052616891281,1.3228550676928e-05,7.0579569247332e-06
1.86775,-0.94195966798268,0.06489347870817,1.3817086081651e-05,7.7211245795547e-06
1.868,-0.94052670416823,0.073783849360163,1.4485169823073e-05,8.5151205671436e-06
1.86825,-0.93897757641631,0.082724292576889,1.5246456845141e-05,9.4814533980179e-06
1.8685,-0.93730908949224,0.091715374108079,1.6115794821689e-05,1.0679888477563e-05
1.86875,-0.93551788791228,0.1007576595212,1.7106935682599e-05,1.2198851115061e-05
1.869,-0.9336004460462,0.10985171166038,1.8225979886248e-05,1.4173033853459e-05
1.86925,-0.93155305753417,0.11899808772254,1.9453692030437e-05,1.6813655727414e-05
1.8695,-0.92937182396702,0.12819733590145,2.0698033649766e-05,2.0459758270381e-05
1.86975,-0.92705264277474,0.13744999154369,2.1664828037778e-05,2.5655920946267e-05
1.87,-0.92459119426432,0.14675657275302,2.1504887097405e-05,3.3209193149786e-05
1.87025,-0.92198292774344,0.15611757537208,1.794284544988e-05,4.3847648980594e-05
1.8705,-0.91922304666222,0.16553346726012,6.1804282664453e-06,5.5808178279073e-05
1.87075,-0.91630649270032,0.17500468177553,-1.6489827123499e-05,5.9072243691284e-05
1.871,-0.91322792872173,0.1845316103593,-3.6205882228182e-05,4.4293896226056e-05
1.87125,-0.90998172051461,0.19411459410193,-3.9994040615773e-05,2.4694691821582e-05
1.8715,-0.90656191722798,0.20375391416099,-3.5157000151922e-05,1.1873062369802e-05
1.87175,-0.90296223041202,0.21344978087778,-2.9059981843226e-05,5.0973666524554e-06
1.872,-0.89917601156329,0.2232023214223,-2.3870437322824e-05,1.6391104386642e-06
1.87225,-0.8951962280709,0.23301156577168,-1.97977010864e-05,-1.4545800734815e-07
1.8725,-0.89101543745513,0.24287743080121,-1.6634629999905e-05,-1.0734231182559e-06
1.87275,-0.88662575978502,0.25279970223703,-1.4153055916652e-05,-1.5466523571667e-06
1.873,-0.88201884815841,0.26277801418491,-1.2175226722782e-05,-1.7695515611159e-06
1.87325,-0.87718585712473,0.27281182591052,-1.0572813057767e-05,-1.8505648478309e-06
1.8735,-0.87211740893006,0.28290039550196,-9.2544514705404e-06,-1.8495726993388e-06
1.87375,-0.86680355746468,0.29304274999402,-8.1546724257961e-06,-1.8008064132136e-06
1.874,-0.86123374979684,0.30323765147563,-7.2259108214336e-06,-1.7244023882582e-06
1.87425,-0.85539678518335,0.31348355863558,-6.4330507141101e-06,-1.6324745990727e-06
1.8745,-0.84928077145952,0.32377858312567,-5.7497427584361e-06,-1.5324299851116e-06
1.87475,-0.84287307872775,0.33412044003444,-5.1559058360904e-06,-1.4288413135239e-06
1.875,-0.83616029028946,0.34450639166651,-4.6360121053991e-06,-1.3245374781252e-06
1.87525,-0.82912815079915,0.35493318371039,-4.1778928108332e-06,-1.2212551772336e-06
1.8755,-0.82176151166584,0.36539697275167,-3.7718940792537e-06,-1.1200374653568e-06
1.87575,-0.8140442737889,0.37589324394394,-3.4102711536523e-06,-1.021482377469e-06
1.876,-0.80595932779591,0.386416717488,-3.0867474426193e-06,-9.2590067309658e-07
1.87625,-0.79748849205494,0.39696124238611,-2.7961891670394e-06,-8.3341734995962e-07
1.8765,-0.78861244886835,0.40751967573234,-2.5343622429708e-06,-7.4403772802209e-07
1.87675,-0.77931067942678,0.41808374556986,-2.2977484715319e-06,-6.5769084937284e-07
1.877,-0.76956139832024,0.42864389508929,-2.0834050612767e-06,-5.7425814869554e-07
1.87725,-0.75934148867876,0.43918910565942,-1.888856208511e-06,-4.9359244200707e-07
1.8775,-0.74862643936044,0.44970669587169,-1.7120086804915e-06,-4.155304846712e-07
1.87775,-0.73739028603887,0.460182093444,-1.5510855813343e-06,-3.3990122071937e-07
1.878,-0.72560555858109,0.47059857647205,-1.4045740522787e-06,-2.6653112540794e-07
1.87825,-0.71324323777839,0.48093698014327,-1.2711837779968e-06,-1.9524757752647e-07
1.8785,-0.70027272532254,0.49117536464936,-1.1498139795503e-06,-1.2588089377207e-07
1.87875,-0.68666183194198,0.50128863966706,-1.0395271673565e-06,-5.8265457011754e-08
1.879,-0.67237678986836,0.51124814044441,-9.3952836927435e-07,7.7597623390377e-09
1.87925,-0.65738229733612,0.52102115027034,-8.4914888510984e-07,7.2351079749171e-08
1.8795,-0.64164160467999,0.53057036396594,-7.678338820352e-07,1.3566020844748e-07
1.87975,-0.62511665384364,0.53985328708826,-6.9513335971334e-07,1.9783448606866e-07
1.88,-0.607768285807,0.54882156587646,-6.3069619817594e-07,2.5901710658604e-07
1.88025,-0.58955653364131,0.55742024372412,-5.7426717171055e-07,3.1934724507062e-07
1.8805,-0.57044102266399,0.56558694130238,-5.2568698325018e-07,3.7895994096099e-07
1.88075,-0.55038150352798,0.57325095961082,-4.848955621673e-07,4.3798555941123e-07
1.881,-0.52933854905283,0.58033230848573,-4.5193909332502e-07,4.9654856932257e-07
1.88125,-0.50727445114211,0.58674066781745,-4.2698153216318e-07,5.5476524212835e-07
1.8815,-0.48415436010483,0.5923742953754,-4.103217449708e-07,6.1273965495491e-07
1.88175,-0.45994771485165,0.59711890426435,-4.0241794662605e-07,6.7055701958667e-07
1.882,-0.43463001831711,0.60084654528318,-4.0392186562448e-07,7.2827275720345e-07
1.88225,-0.4081850173505,0.60341454554665,-4.1572616044451e-07,7.8589472486307e-07
1.8825,-0.38060734912724,0.60466457540279,-4.3903020751167e-07,8.4335425921874e-07
1.88275,-0.35190571527817,0.60442194160307,-4.754317153725e-07,9.0045865456575e-07
1.883,-0.32210663822201,0.60249523629086,-5.2705500428038e-07,9.5681223415728e-07
1.88325,-0.29125883868481,0.59867650860107,-5.9673155426669e-07,1.0116831676861e-06
1.8835,-0.25943824538744,0.59274216756065,-6.8825462213975e-07,1.0637743870133e-06
1.88375,-0.22675360293247,0.58445486918359,-8.0673607863808e-07,1.1108207437012e-06
1.884,-0.19335257714137,0.57356668270472,-9.590939899401e-07,1.1488632197241e-06
1.88425,-0.15942816381883,0.5598238634643,-1.154671533216e-06,1.1709081910234e-06
1.8845,-0.12522508389006,0.54297357208792,-1.4058567062347e-06,1.1643940920383e-06
1.88475,-0.091045695101018,0.52277285630018,-1.7280950903892e-06,1.1063424452247e-06
1.885,-0.057254773967475,0.49900013421436,-2.1371041827701e-06,9.5421695012409e-07
1.88525,-0.024282336568045,0.47146926545726,-2.6362574280659e-06,6.3031855456211e-07
1.8855,0.0073764992754396,0.44004604998255,-3.1750090997604e-06,4.9327264060456e-09
1.88575,0.037165712730702,0.40466664315881,-3.548451933568e-06,-1.0734733709659e-06
1.886,0.064477729862288,0.36535692646434,-3.3079440331717e-06,-2.5519140537475e-06
1.88625,0.088668823374067,0.32225136083653,-2.1187331072273e-06,-3.8105595598692e-06
1.8865,0.10908103410726,0.27560934642402,-4.800488352541e-07,-4.1350050736114e-06
1.88675,0.12507039771678,0.22582672910667,8.1084664232583e-07,-3.6675145961192e-06
1.887,0.1360403382006,0.17343996906435,1.5555920924042e-06,-2.9489713470403e-06
1.88725,0.14147804046767,0.11912075632671,1.9198673829234e-06,-2.278096686129e-06
1.8875,0.1409906241796,0.063659611237524,2.0758498825159e-06,-1.7299467832562e-06
1.88775,0.13433725492635,0.0079382334974291,2.1266548308276e-06,-1.2971429409873e-06
1.888,0.12145318866315,-0.047108084046584,2.1259243484432e-06,-9.5512114310117e-07
1.88825,0.10246230983249,-0.10053505977367,2.1006239710572e-06,-6.8114979627951e-07
1.8885,0.077675991641126,-0.1514368341345,2.0642899534753e-06,-4.5779951678318e-07
1.88875,0.047577883942379,-0.19899131751549,2.0237436814877e-06,-2.7239738816063e-07
1.889,0.012796165748092,-0.24249877988961,1.982405790751e-06,-1.1583095066015e-07
1.88925,-0.025933530093704,-0.28140997845531,1.9419460364275e-06,1.8485211230783e-08
1.8895,-0.06781025258382,-0.31534170116781,1.9031211071077e-06,1.3536586950543e-07
1.88975,-0.11201039079663,-0.34407941065713,1.8662094237079e-06,2.383812017997e-07
1.89,-0.15772680498586,-0.3675683185319,1.8312412061656e-06,3.3021771603412e-07
1.89025,-0.20420142151499,-0.38589540995678,1.7981220097463e-06,4.1292635083601e-07
1.8905,-0.25074958059581,-0.39926553449791,1.7666995926638e-06,4.8809452731652e-07
1.89075,-0.29677569354548,-0.40797470298354,1.7368000677567e-06,5.5696688896546e-07
1.891,-0.34178079374125,-0.41238331757126,1.7082471612126e-06,6.2053114979456e-07
1.89125,-0.38536324917774,-0.41289139908784,1.6808720927541e-06,6.7957995484088e-07
1.8915,-0.42721423822234,-0.40991713935326,1.6545182337013e-06,7.3475604464112e-07
1.89175,-0.46710963349678,-0.40387942953282,1.6290428739696e-06,7.8658564935338e-07
1.892,-0.5048997813664,-0.39518447521041,1.6043174182774e-06,8.3550347891644e-07
1.89225,-0.54049839670355,-0.38421623116506,1.5802267631711e-06,8.8187163821848e-07
1.8925,-0.57387148823453,-0.37133016455933,1.556668282363e-06,9.2599409840717e-07
1.89275,-0.60502693957676,-0.35684975577708,1.5335506613236e-06,9.6812788055221e-07
1.893,-0.63400512357468,-0.34106513642292,1.5107927140163e-06,1.0084917808185e-06
1.89325,-0.66087073396391,-0.32423331097926,1.488322251962e-06,1.0472732384413e-06
1.8935,-0.68570587839441,-0.3065794855247,1.4660750395728e-06,1.0846337872193e-06
1.89375,-0.70860438365157,-0.28829911441421,1.443993848977e-06,1.1207134168367e-06
1.894,-0.72966720813966,-0.26956036141809,1.4220276159958e-06,1.1556340879523e-06
1.89425,-0.74899882872529,-0.25050674848584,1.4001306927673e-06,1.189502585091e-06
1.8945,-0.7667044603874,-0.2312598299165,1.3782621894975e-06,1.2224128473791e-06
1.89475,-0.78288797092155,-0.21192178168248,1.3563853966373e-06,1.2544478845726e-06
1.895,-0.79765036402858,-0.19257783584145,1.3344672786215e-06,1.2856813614601e-06
1.89525,-0.81108871881776,-0.17329851995821,1.3124780307061e-06,1.3161789153572e-06
1.8955,-0.82329548961664,-0.15414168306088,1.290390691101e-06,1.3459992574596e-06
1.89575,-0.83435808547744,-0.13515430462914,1.2681808013775e-06,1.3751950981436e-06
1.896,-0.84435866303208,-0.11637409301586,1.2458261089134e-06,1.4038139280728e-06
1.89625,-0.85337407895541,-0.097830885846519,1.2233063058993e-06,1.4318986805821e-06
1.8965,-0.86147595912095,-0.079547868369263,1.2006028001209e-06,1.4594882958191e-06
1.89675,-0.86873085062351,-0.061542627260227,1.1776985133598e-06,1.486618203203e-06
1.897,-0.87520043034096,-0.043828057639045,1.1545777038057e-06,1.5133207356586e-06
1.89725,-0.88094174980373,-0.026413140474028,1.1312258093604e-06,1.5396254866172e-06
1.8975,-0.88600750103586,-0.0093036064809037,1.107629309134e-06,1.5655596188084e-06
1.89775,-0.8904462919185,0.0074974987237761,1.0837756007988e-06,1.5911481322786e-06
1.898,-0.89430292268336,0.023989334909995,1.0596528917837e-06,1.6164140977969e-06
1.89825,-0.89761865752358,0.040172861121128,1.0352501025611e-06,1.6413788607689e-06
1.8985,-0.90043148714483,0.056050492725791,1.0105567805137e-06,1.6660622199361e-06
1.89875,-0.90277637948132,0.071625812512293,9.8556302306841e-07,1.6904825844424e-06
1.899,-0.90468551685962,0.086903327898923,9.6025940895988e-07,1.7146571122841e-06
1.89925,-0.90618851868283,0.10188826740875,9.3463693663097e-07,1.7386018326885e-06
1.8995,-0.90731264928768,0.11658641050997,9.0868696890956e-07,1.7623317545754e-06
1.89975,-0.90808301104518,0.13100394576061,8.8240118320936e-07,1.7858609629363e-06
1.9,-0.90852272306959,0.14514735292748,8.5577152659766e-07,1.8092027046914e-06
1.90025,-0.90865308609995,0.15902330538211,8.2879017515572e-07,1.832369465363e-06
1.9005,-0.90849373424681,0.17263858962365,8.0144949712855e-07,1.8553730377084e-06
1.90075,-0.9080627743721,0.18600003924887,7.7374201942169e-07,1.878224583302e-06
1.901,-0.9073769139062,0.1991144810921,7.456603970565e-07,1.9009346879141e-06
1.90125,-0.90645157791404,0.21198869160266,7.1719738524192e-07,1.9235134114235e-06
1.9015,-0.9053010162098,0.22462936182122,6.8834581375972e-07,1.9459703329018e-06
1.90175,-0.90393840129356,0.23704306956678,6.5909856339702e-07,1.9683145914239e-06
1.902,-0.90237591784818,0.24923625765943,6.2944854418845e-07,1.9905549230881e-06
1.90225,-0.90062484449322,0.26121521718446,5.993886752583e-07,2.0126996946678e-06
1.9025,-0.89869562844949,0.27298607495751,5.689118660758e-07,2.0347569342658e-06
1.90275,-0.89659795372191,0.2845547844808,5.3801099895629e-07,2.0567343592936e-06
1.903,-0.89434080336417,0.29592711979082,5.0667891266029e-07,2.0786394020628e-06
1.90325,-0.89193251634443,0.30710867169213,4.7490838695635e-07,2.1004792332399e-06
1.9035,-0.88938083948952,0.31810484595062,4.4269212802826e-07,2.1222607833857e-06
1.90375,-0.88669297494536,0.32892086308751,4.1002275461931e-07,2.1439907627773e-06
1.904,-0.88387562355392,0.33956175947201,3.7689278481569e-07,2.1656756796856e-06
1.90425,-0.88093502451205,0.35003238945897,3.4329462338142e-07,2.1873218572649e-06
1.9045,-0.87787699164552,0.36033742835832,3.0922054956509e-07,2.2089354491908e-06
1.90475,-0.87470694660154,0.37048137605835,2.7466270530507e-07,2.2305224541717e-06
1.905,-0.87142994923572,0.38046856115331,2.3961308376705e-07,2.2520887294408e-06
1.90525,-0.86805072544456,0.39030314545101,2.0406351815285e-07,2.2736400033309e-06
1.9055,-0.86457369267109,0.39998912875713,1.680056707237e-07,2.2951818870164e-06
1.90575,-0.86100298329107,0.4095303538499,1.3143102198657e-07,2.3167198855058e-06
1.906,-0.85734246606755,0.41893051157466,9.4330859994398e-08,2.3382594079527e-06
1.90625,-0.85359576584444,0.42819314599975,5.6696269715223e-08,2.3598057773525e-06
1.9065,-0.8497662816342,0.43732165958571,1.8518122427808e-08,2.3813642396819e-06
1.90675,-0.84585720324029,0.44631931832959,-2.021293489711e-08,2.4029399725343e-06
1.907,-0.84187152654194,0.45518925685229,-5.9506490267316e-08,2.4245380932987e-06
1.90725,-0.83781206755767,0.46393448340481,-9.9372377428796e-08,2.4461636669264e-06
1.9075,-0.83368147539248,0.47255788477297,-1.3982068674919e-07,2.4678217133255e-06
1.90775,-0.82948224416479,0.48106223106587,-1.8086177625908e-07,2.4895172144176e-06
1.908,-0.82521672400009,0.48945018037649,-2.2250628288458e-07,2.5112551208925e-06
1.90825,-0.8208871311705,0.49772428330592,-2.6476513390357e-07,2.5330403586895e-06
1.9085,-0.81649555745203,0.50588698734528,-3.0764955865704e-07,2.5548778352342e-06
1.90875,-0.81204397876546,0.51394064111215,-3.5117110054838e-07,2.5767724454565e-06
1.909,-0.80753426316006,0.52188749843864,-3.953416293611e-07,2.5987290776134e-06
1.90925,-0.80296817819488,0.52972972231153,-4.4017335392761e-07,2.6207526189389e-06
1.9095,-0.79834739776682,0.53746938866453,-4.8567883518079e-07,2.6428479611423e-06
1.90975,-0.79367350843096,0.54510849002427,-5.3187099962041e-07,2.6650200057721e-06
1.91,-0.78894801525397,0.55264893901276,-5.7876315322838e-07,2.6872736694656e-06
1.91025,-0.78417234723865,0.56009257170881,-6.2636899586553e-07,2.7096138891e-06
1.9105,-0.77934786235351,0.567441150872,-6.7470263618549e-07,2.7320456268605e-06
1.91075,-0.77447585219906,0.57469636903309,-7.2377860710118e-07,2.7545738752411e-06
1.911,-0.7695575463394,0.58185985145452,-7.7361188184044e-07,2.7772036619912e-06
1.91125,-0.76459411632538,0.58893315896556,-8.2421789062994e-07,2.7999400550231e-06
1.9115,-0.75958667943337,0.5959177906762,-8.7561253804697e-07,2.8227881672911e-06
1.91175,-0.75453630214147,0.60281518657414,-9.2781222108027e-07,2.8457531616561e-06
1.912,-0.74944400336373,0.60962673000927,-9.8083384794435e-07,2.8688402557471e-06
1.91225,-0.74431075746028,0.61635375007019,-1.0346948576924e-06,2.892054726831e-06
1.9125,-0.73913749704093,0.62299752385669,-1.0894132406755e-06,2.915401916701e-06
1.91275,-0.73392511557733,0.62955927865293,-1.145007559899e-06,2.9388872365959e-06
1.913,-0.72867446983828,0.63604019400486,-1.2014969733288e-06,2.9625161721596e-06
1.91325,-0.72338638216117,0.64244140370673,-1.2589012572038e-06,2.9862942884511e-06
1.9135,-0.71806164257169,0.64876399769977,-1.3172408304133e-06,3.0102272350164e-06
1.91375,-0.7127010107629,0.65500902388749,-1.3765367800021e-06,3.0343207510307e-06
1.914,-0.7073052179439,0.66117748987112,-1.4368108878697e-06,3.0585806705219e-06
1.91425,-0.70187496856757,0.66727036460853,-1.4980856587335e-06,3.0830129276854e-06
1.9145,-0.69641094194589,0.67328858000044,-1.5603843494311e-06,3.1076235622986e-06
1.91475,-0.690913793761,0.67923303240683,-1.62373099964e-06,3.1324187252474e-06
1.915,-0.68538415747947,0.68510458409732,-1.6881504640995e-06,3.157404684172e-06
1.91525,-0.67982264567624,0.69090406463762,-1.7536684464245e-06,3.1825878292441e-06
1.9155,-0.67422985127487,0.69663227221591,-1.8203115346063e-06,3.2079746790845e-06
1.91575,-0.66860634870983,0.70228997491147,-1.8881072383015e-06,3.2335718868307e-06
1.916,-0.66295269501604,0.70787791190811,-1.9570840280182e-06,3.2593862463665e-06
1.91625,-0.65726943085083,0.71339679465544,-2.027271376316e-06,3.2854246987221e-06
1.9165,-0.65155708145289,0.71884730797988,-2.0986998011402e-06,3.3116943386569e-06
1.91675,-0.64581615754225,0.72423011114802,-2.1714009114273e-06,3.3382024214339e-06
1.917,-0.64004715616566,0.7295458388845,-2.2454074551179e-06,3.3649563697987e-06
1.91725,-0.63425056149058,0.73479510234653,-2.3207533697319e-06,3.3919637811723e-06
1.9175,-0.62842684555138,0.73997849005707,-2.3974738356672e-06,3.41923243507e-06
1.91775,-0.62257646895104,0.74509656879848,-2.4756053323945e-06,3.4467703007578e-06
1.918,-0.61669988152091,0.75014988446862,-2.5551856977353e-06,3.4745855451567e-06
1.91825,-0.61079752294165,0.75513896290103,-2.6362541904234e-06,3.5026865410091e-06
1.9185,-0.60486982332746,0.76006431065096,-2.7188515561639e-06,3.531081875316e-06
1.91875,-0.59891720377631,0.76492641574875,-2.8030200974209e-06,3.5597803580601e-06
1.919,-0.5929400768881,0.76972574842194,-2.8888037471819e-06,3.5887910312253e-06
1.91925,-0.58693884725289,0.77446276178789,-2.9762481469666e-06,3.6181231781242e-06
1.9195,-0.58091391191104,0.77913789251792,-3.065400729367e-06,3.6477863330483e-06
1.91975,-0.57486566078707,0.78375156147433,-3.1563108054297e-06,3.67779029125e-06
1.92,-0.5687944770988,0.78830417432188,-3.2490296572147e-06,3.7081451192712e-06
1.92025,-0.56270073774332,0.79279612211432,-3.3436106358918e-06,3.7388611656283e-06
1.9205,-0.55658481366127,0.79722778185755,-3.4401092657643e-06,3.7699490718663e-06
1.92075,-0.55044707018073,0.80159951705024,-3.5385833546426e-06,3.801419783993e-06
1.921,-0.54428786734182,0.80591167820321,-3.6390931110223e-06,3.833284564303e-06
1.92125,-0.5381075602035,0.81016460333798,-3.7417012685628e-06,3.865555003603e-06
1.9215,-0.53190649913313,0.814358618466,-3.8464732183997e-06,3.8982430338447e-06
1.92175,-0.52568503008043,0.81849403804916,-3.9534771498721e-06,3.931360941175e-06
1.922,-0.51944349483621,0.82257116544227,-4.0627842002954e-06,3.9649213794089e-06
1.92225,-0.51318223127716,0.82659029331859,-4.174468614462e-06,3.9989373839281e-06
1.9225,-0.50690157359722,0.83055170407908,-4.2886079146158e-06,4.0334223860089e-06
1.92275,-0.50060185252655,0.83445567024593,-4.4052830817091e-06,4.0683902275776e-06
1.923,-0.49428339553871,0.83830245484114,-4.5245787488227e-06,4.1038551763883e-06
1.92325,-0.48794652704664,0.84209231175098,-4.6465834077113e-06,4.1398319416166e-06
1.9235,-0.48159156858832,0.84582548607666,-4.7713896295231e-06,4.1763356898551e-06
1.92375,-0.47521883900235,0.84950221447195,-4.8990943008366e-06,4.2133820614918e-06
1.924,-0.46882865459447,0.85312272546834,-5.0297988762691e-06,4.2509871874463e-06
1.92425,-0.46242132929496,0.85668723978824,-5.1636096490257e-06,4.289167706231e-06
1.9245,-0.4559971748081,0.86019597064667,-5.3006380408883e-06,4.3279407812929e-06
1.92475,-0.44955650075339,0.86364912404199,-5.4410009132929e-06,4.3673241185838e-06
1.925,-0.44309961479974,0.86704689903613,-5.5848209012978e-06,4.4073359842902e-06
1.92525,-0.43662682279233,0.87038948802487,-5.7322267724306e-06,4.4479952226414e-06
1.9255,-0.43013842887302,0.87367707699818,-5.8833538125962e-06,4.4893212736942e-06
1.92575,-0.42363473559443,0.87690984579181,-6.0383442414481e-06,4.5313341909728e-06
1.926,-0.41711604402814,0.88008796832947,-6.1973476598794e-06,4.5740546588152e-06
1.92625,-0.4105826538672,0.88321161285699,-6.3605215325541e-06,4.6175040092505e-06
1.9265,-0.40403486352337,0.88628094216802,-6.5280317087184e-06,4.6617042381933e-06
1.92675,-0.39747297021928,0.88929611382219,-6.700052984869e-06,4.7066780207037e-06
1.927,-0.39089727007587,0.8922572803556,-6.8767697132431e-06,4.7524487250101e-06
1.92725,-0.38430805819529,0.89516458948419,-7.0583764605344e-06,4.7990404249375e-06
1.9275,-0.37770562873947,0.89801818430028,-7.2450787217195e-06,4.846477910315e-06
1.92775,-0.37109027500467,0.90081820346247,-7.4370936944331e-06,4.8947866948583e-06
1.928,-0.36446228949212,0.90356478137917,-7.6346511199522e-06,4.9439930209301e-06
1.92825,-0.35782196397505,0.90625804838605,-7.8379941975449e-06,4.9941238604689e-06
1.9285,-0.3511695895622,0.9088981309177,-8.0473805797348e-06,5.0452069112497e-06
1.92875,-0.34450545675799,0.91148515167371,-8.2630834569317e-06,5.0972705874834e-06
1.929,-0.33782985551967,0.91401922977913,-8.4853927408935e-06,5.1503440035805e-06
1.92925,-0.33114307531131,0.91650048094008,-8.7146163576507e-06,5.204456949687e-06
1.9295,-0.32444540515511,0.91892901759415,-8.9510816618429e-06,5.2596398573454e-06
1.92975,-0.31773713367991,0.92130494905613,-9.1951369859208e-06,5.315923753323e-06
1.93,-0.31101854916713,0.92362838165911,-9.4471533394037e-06,5.3733401992923e-06
1.93025,-0.30428993959432,0.92589941889113,-9.7075262753447e-06,5.4319212146028e-06
1.9305,-0.29755159267637,0.92811816152768,-9.9766779434385e-06,5.4916991788739e-06
1.93075,-0.29080379590436,0.93028470776006,-1.0255059351811e-05,5.552706710506e-06
1.931,-0.28404683658256,0.93239915331972,-1.0543152862537e-05,5.6149765164624e-06
1.93125,-0.27728100186315,0.93446159159905,-1.084147494943e-05,5.678541207774e-06
1.9315,-0.27050657877909,0.93647211376831,-1.1150579250648e-05,5.7434330741327e-06
1.93175,-0.26372385427532,0.93843080888916,-1.1471059953369e-05,5.8096838096262e-06
1.932,-0.25693311523793,0.94033776402485,-1.1803555553208e-05,5.8773241800826e-06
1.93225,-0.25013464852184,0.9421930643471,-1.2148753037416e-05,5.9463836205613e-06
1.9325,-0.24332874097684,0.9439967932399,-1.2507392548305e-05,6.0168897491798e-06
1.93275,-0.23651567947207,0.94574903240032,-1.2880272592078e-05,6.088867780604e-06
1.933,-0.22969575091905,0.94744986193634,-1.3268255868447e-05,6.1623398190166e-06
1.93325,-0.22286924229332,0.94909936046203,-1.3672275808512e-05,6.2373240060783e-06
1.9335,-0.21603644065473,0.95069760518992,-1.4093343922639e-05,6.3138334940872e-06
1.93375,-0.20919763316646,0.9522446720208,-1.4532558076962e-05,6.3918752079914e-06
1.934,-0.20235310711275,0.95374063563111,-1.4991111837313e-05,6.4714483517831e-06
1.93425,-0.19550314991557,0.95518556955781,-1.5470305043323e-05,6.5525426046894e-06
1.9345,-0.18864804915001,0.95657954628099,-1.5971555804238e-05,6.6351359399494e-06
1.93475,-0.18178809255872,0.95792263730426,-1.6496414142459e-05,6.7191919831273e-06
1.935,-0.17492356806522,0.95921491323292,-1.7046577552441e-05,6.8046568069785e-06
1.93525,-0.16805476378625,0.96045644385007,-1.7623908792887e-05,6.8914550346746e-06
1.9355,-0.16118196804313,0.96164729819076,-1.8230456291231e-05,6.9794850911787e-06
1.93575,-0.15430546937223,0.96278754461411,-1.8868477613822e-05,7.068613401707e-06
1.936,-0.14742555653454,0.96387725087364,-1.9540466546249e-05,7.1586672838284e-06
1.93625,-0.14054251852433,0.96491648418574,-2.024918444e-05,7.2494262122305e-06
1.9365,-0.13365664457709,0.96590531129641,-2.0997696619505e-05,7.3406110476781e-06
1.93675,-0.12676822417657,0.9668437985463,-2.1789414814282e-05,7.4318707076632e-06
1.937,-0.11987754706114,0.96773201193414,-2.2628146793134e-05,7.5227656067411e-06
1.93725,-0.11298490322932,0.96857001717859,-2.3518154642486e-05,7.6127469973399e-06
1.9375,-0.10609058294468,0.96935787977856,-2.446422346346e-05,7.7011310799511e-06
1.93775,-0.099194876740037,0.97009566507202,-2.5471742681311e-05,7.7870664014645e-06
1.938,-0.092298075420888,0.97078343829348,-2.6546802691192e-05,7.8694925888445e-06
1.93825,-0.085400470068351,0.97142126463001,-2.7696310238145e-05,7.947087825356e-06
1.9385,-0.078502352041375,0.97200920927594,-2.8928126789455e-05,8.0182016009954e-06
1.93875,-0.071604012978362,0.97254733748632,-3.0251235259492e-05,8.0807680607287e-06
1.939,-0.064705744798236,0.97303571462905,-3.1675941863689e-05,8.1321935923402e-06
1.93925,-0.057807839700929,0.97347440623587,-3.3214121703914e-05,8.1692099321874e-06
1.9395,-0.050910590167278,0.97386347805218,-3.4879519043643e-05,8.1876807123716e-06
1.93975,-0.044014288958466,0.97420299608563,-3.668811627153e-05,8.18234456083e-06
1.94,-0.037119229114866,0.97449302665379,-3.8658589463154e-05,8.1464708869743e-06
1.94025,-0.030225703954405,0.97473363643053,-4.0812873445734e-05,8.0713942456902e-06
1.9405,-0.02333400707049,0.97492489249156,-4.3176865558254e-05,7.9458779638556e-06
1.94075,-0.016444432329337,0.97506686235886,-4.5781305000554e-05,7.7552348354317e-06
1.941,-0.0095572738669583,0.97515961404421,-4.8662873610085e-05,7.48009781813e-06
1.94125,-0.0026728260856169,0.97520321609169,-5.186557317127e-05,7.0946797806633e-06
1.9415,0.0042086163501195,0.97519773761932,-5.5442441231217e-05,6.5642769395861e-06
1.94175,0.011086758517804,0.97514324835985,-5.9457665042834e-05,5.8416365979048e-06
1.942,0.01796130524194,0.97503981870059,-6.3989125606127e-05,4.8615942899849e-06
1.94225,0.024831961099141,0.97488751972244,-6.9131313983786e-05,3.5330352464802e-06
1.9425,0.031698430423856,0.97468642323818,-7.4998326460152e-05,1.7266624586356e-06
1.94275,0.03856041731438,0.97443660182985,-8.17260737336e-05,-7.4388074589025e-07
1.943,0.045417625639237,0.97413812888544,-8.9471499360294e-05,-4.1514807884989e-06
1.94325,0.052269759044023,0.97379107863476,-9.8403506430725e-05,-8.9018178892528e-06
1.9435,0.059116520958546,0.97339552618464,-0.0001086732062354,-1.5605474867592e-05
1.94375,0.065957614604403,0.97295154755346,-0.00012033517400823,-2.5186372016071e-05
1.944,0.072792743002829,0.97245921970476,-0.00013315727423955,-3.9027843979621e-05
1.94425,0.079621608982991,0.97191862058056,-0.00014619299874984,-5.9104989160472e-05
1.9445,0.086443915190523,0.97132982913359,-0.00015692058513245,-8.7859943163166e-05
1.94475,0.09325936409652,0.97069292535922,-0.00015991773276462,-0.00012707363999031
1.945,0.10006765800675,0.97000799032656,-0.00014632197643944,-0.00017441398819213
1.94525,0.10686849907127,0.96927510620906,-0.00010830207608397,-0.00021843555770113
1.9455,0.11366158929437,0.96849435631441,-5.0310073547053e-05,-0.00024108936112462
1.94575,0.12044663054478,0.96766582511397,8.4776381911255e-06,-0.00023413023285421
1.946,0.1272233245662,0.96678959827153,5.1463385316283e-05,-0.00020712682057544
1.94625,0.13399137298821,0.96586576267154,7.588772481567e-05,-0.00017445410062844
1.9465,0.1407504773374,0.96489440644683,8.6836041199761e-05,-0.00014450300991603
1.94675,0.1475003390489,0.96387561900575,8.9891162165304e-05,-0.00011983914372935
1.947,0.15424065947802,0.96280949105879,8.8828372316879e-05,-0.00010031771501914
1.94725,0.16097113991243,0.96169611464469,8.5806159131441e-05,-8.5010606407376e-05
1.9475,0.16769148158449,0.96053558315605,8.1973662298925e-05,-7.2956512562389e-05
1.94775,0.17440138568383,0.95932799136445,7.7919715333666e-05,-6.3367003758146e-05
1.948,0.18110055337033,0.95807343544503,7.3935286155191e-05,-5.564317918696e-05
1.94825,0.18778868578727,0.95677201300068,7.0155537517239e-05,-4.9341897057753e-05
1.9485,0.19446548407486,0.95542382308569,6.6634879894689e-05,-4.4136982118518e-05
1.94875,0.20113064938395,0.95402896622893,6.3386457459517e-05,-3.9787292950963e-05
1.949,0.2077838828901,0.95258754445663,6.0402969893993e-05,-3.6112954725319e-05
1.94925,0.21442488580783,0.9510996613147,5.7667669609796e-05,-3.2978318282869e-05
1.9495,0.22105335940519,0.94956542189052,5.5160144691086e-05,-3.0279888954939e-05
1.94975,0.22766900501859,0.94798493283444,5.2859310726236e-05,-2.7937778582045e-05
1.95,0.23427152406791,0.94635830238071,5.0744899967406e-05,-2.5889618716717e-05
