1.7,0.68125958686127,0.68771859802913,-2.3982789620435e-05,1.4431390414669e-05
1.70025,0.68552044350917,0.68339507594653,-2.3941809860154e-05,1.4568510981183e-05
1.7005,0.68975477004893,0.67904472695006,-2.390020154863e-05,1.4706025114822e-05
1.70075,0.6939623932975,0.67466769346599,-2.3857959468891e-05,1.484393128154e-05
1.701,0.69814314067275,0.67026411916511,-2.3815078383716e-05,1.4982227900269e-05
1.70125,0.70229684020346,0.66583414896073,-2.3771553035925e-05,1.5120913342437e-05
1.7015,0.70642332053932,0.66137792900663,-2.3727378148681e-05,1.5259985931467e-05
1.70175,0.71052241096088,0.65689560669484,-2.3682548425792e-05,1.5399443942292e-05
1.702,0.7145939413895,0.65238733065338,-2.3637058552026e-05,1.5539285600865e-05
1.70225,0.71863774239732,0.64785325074395,-2.3590903193434e-05,1.5679509083663e-05
1.7025,0.72265364521715,0.64329351805944,-2.3544076997678e-05,1.58201125172e-05
1.70275,0.72664148175242,0.63870828492143,-2.349657459437e-05,1.5961093977542e-05
1.703,0.73060108458704,0.63409770487753,-2.3448390595417e-05,1.6102451489811e-05
1.70325,0.73453228699534,0.62946193269874,-2.3399519595374e-05,1.6244183027703e-05
1.7035,0.73843492295184,0.6248011243766,-2.3349956171812e-05,1.6386286512999e-05
1.70375,0.74230882714118,0.62011543712035,-2.3299694885679e-05,1.6528759815082e-05
1.704,0.74615383496788,0.61540502935394,-2.3248730281688e-05,1.6671600750451e-05
1.70425,0.74996978256618,0.61067006071298,-2.3197056888699e-05,1.6814807082239e-05
1.7045,0.75375650680982,0.60591069204162,-2.3144669220116e-05,1.6958376519734e-05
1.70475,0.75751384532176,0.60112708538928,-2.3091561774291e-05,1.7102306717899e-05
1.705,0.76124163648392,0.59631940400741,-2.3037729034935e-05,1.7246595276895e-05
1.70525,0.76493971944697,0.59148781234602,-2.2983165471544e-05,1.7391239741606e-05
1.7055,0.76860793413987,0.58663247605022,-2.2927865539823e-05,1.7536237601167e-05
1.70575,0.77224612127967,0.58175356195671,-2.2871823682124e-05,1.7681586288494e-05
1.706,0.77585412238102,0.57685123809004,-2.28150343279e-05,1.7827283179816e-05
1.70625,0.77943177976588,0.57192567365893,-2.2757491894151e-05,1.7973325594211e-05
1.7065,0.78297893657298,0.56697703905242,-2.2699190785896e-05,1.8119710793141e-05
1.70675,0.78649543676748,0.56200550583601,-2.2640125396639e-05,1.8266435979998e-05
1.707,0.78998112515038,0.55701124674764,-2.2580290108856e-05,1.8413498299645e-05
1.70725,0.79343584736806,0.5519944356936,-2.2519679294481e-05,1.8560894837966e-05
1.7075,0.79685944992171,0.54695524774444,-2.2458287315408e-05,1.8708622621415e-05
1.70775,0.80025178017673,0.5418938591307,-2.2396108523997e-05,1.8856678616572e-05
1.708,0.80361268637215,0.53681044723856,-2.2333137263589e-05,1.9005059729703e-05
1.70825,0.80694201762991,0.53170519060554,-2.2269367869035e-05,1.9153762806325e-05
1.7085,0.81023962396423,0.52657826891594,-2.2204794667224e-05,1.9302784630768e-05
1.70875,0.81350535629086,0.5214298629963,-2.213941197763e-05,1.9452121925754e-05
1.709,0.81673906643628,0.51626015481081,-2.2073214112864e-05,1.9601771351966e-05
1.70925,0.81994060714695,0.51106932745653,-2.2006195379228e-05,1.9751729507638e-05
1.7095,0.82310983209843,0.50585756515863,-2.193835007729e-05,1.9901992928136e-05
1.70975,0.82624659590451,0.50062505326555,-2.1869672502457e-05,2.0052558085551e-05
1.71,0.82935075412627,0.49537197824397,-2.1800156945561e-05,2.0203421388297e-05
1.71025,0.83242216328112,0.49009852767386,-2.1729797693458e-05,2.0354579180715e-05
1.7105,0.83546068085179,0.48480489024334,-2.1658589029625e-05,2.0506027742681e-05
1.71075,0.83846616529527,0.47949125574351,-2.1586525234774e-05,2.0657763289218e-05
1.711,0.84143847605172,0.4741578150632,-2.1513600587474e-05,2.0809781970124e-05
1.71125,0.84437747355333,0.46880476018362,-2.1439809364775e-05,2.0962079869591e-05
1.7115,0.84728301923309,0.46343228417299,-2.136514584285e-05,2.1114653005847e-05
1.71175,0.85015497553361,0.45804058118104,-2.1289604297635e-05,2.1267497330793e-05
1.712,0.85299320591581,0.45262984643345,-2.1213179005486e-05,2.1420608729651e-05
1.71225,0.85579757486756,0.44720027622627,-2.113586424384e-05,2.1573983020621e-05
1.7125,0.85856794791236,0.44175206792019,-2.1057654291883e-05,2.1727615954542e-05
1.71275,0.86130419161784,0.43628541993477,-2.0978543431231e-05,2.1881503214564e-05
1.713,0.86400617360433,0.43080053174263,-2.089852594661e-05,2.2035640415827e-05
1.71325,0.8666737625533,0.42529760386353,-2.0817596126558e-05,2.2190023105146e-05
1.7135,0.86930682821579,0.4197768378584,-2.0735748264119e-05,2.2344646760703e-05
1.71375,0.87190524142074,0.41423843632329,-2.0652976657556e-05,2.2499506791758e-05
1.714,0.87446887408335,0.40868260288327,-2.0569275611066e-05,2.2654598538355e-05
1.71425,0.87699759921329,0.40310954218623,-2.0484639435506e-05,2.2809917271041e-05
1.7145,0.87949129092292,0.39751945989666,-2.0399062449124e-05,2.2965458190603e-05
1.71475,0.88194982443542,0.39191256268933,-2.0312538978297e-05,2.3121216427803e-05
1.715,0.8843730760929,0.3862890582429,-2.0225063358277e-05,2.3277187043127e-05
1.71525,0.8867609233644,0.38064915523353,-2.0136629933945e-05,2.3433365026545e-05
1.7155,0.8891132448539,0.3749930633283,-2.0047233060573e-05,2.3589745297277e-05
1.71575,0.89142992030818,0.36932099317872,-1.9956867104585e-05,2.3746322703577e-05
1.716,0.89371083062475,0.36363315641404,-1.9865526444335e-05,2.3903092022519e-05
1.71625,0.89595585785959,0.35792976563462,-1.9773205470885e-05,2.4060047959794e-05
1.7165,0.89816488523488,0.35221103440513,-1.9679898588792e-05,2.4217185149528e-05
1.71675,0.90033779714674,0.34647717724777,-1.9585600216898e-05,2.4374498154097e-05
1.717,0.90247447917277,0.3407284096354,-1.949030478913e-05,2.4531981463964e-05
1.71725,0.90457481807964,0.33496494798459,-1.9394006755303e-05,2.4689629497522e-05
1.7175,0.90663870183059,0.32918700964869,-1.9296700581929e-05,2.484743660095e-05
1.71775,0.90866601959283,0.32339481291075,-1.9198380753034e-05,2.5005397048081e-05
1.718,0.9106566617449,0.3175885769764,-1.9099041770973e-05,2.5163505040284e-05
1.71825,0.91261051988401,0.31176852196678,-1.899867815726e-05,2.5321754706351e-05
1.7185,0.91452748683323,0.30593486891129,-1.8897284453395e-05,2.5480140102407e-05
1.71875,0.91640745664867,0.30008783974031,-1.8794855221701e-05,2.5638655211825e-05
1.719,0.91825032462659,0.29422765727796,-1.8691385046158e-05,2.5797293945157e-05
1.71925,0.92005598731046,0.28835454523467,-1.8586868533249e-05,2.5956050140075e-05
1.7195,0.92182434249785,0.28246872819983,-1.8481300312808e-05,2.611491756133e-05
1.71975,0.92355528924744,0.27657043163428,-1.8374675038866e-05,2.6273889900718e-05
1.72,0.92524872788577,0.27065988186287,-1.8266987390508e-05,2.643296077707e-05
1.72025,0.92690456001405,0.26473730606682,-1.8158232072729e-05,2.659212373624e-05
1.7205,0.92852268851482,0.2588029322762,-1.8048403817293e-05,2.6751372251123e-05
1.72075,0.93010301755862,0.25285698936225,-1.7937497383597e-05,2.6910699721678e-05
1.721,0.93164545261054,0.24689970702967,-1.7825507559533e-05,2.7070099474965e-05
1.72125,0.93314990043668,0.24093131580891,-1.7712429162356e-05,2.7229564765201e-05
1.7215,0.93461626911058,0.23495204704841,-1.7598257039556e-05,2.7389088773828e-05
1.72175,0.9360444680196,0.22896213290673,-1.7482986069721e-05,2.7548664609596e-05
1.722,0.93743440787113,0.22296180634472,-1.7366611163413e-05,2.7708285308659e-05
1.72225,0.93878600069887,0.21695130111764,-1.7249127264039e-05,2.7867943834692e-05
1.7225,0.9400991598689,0.2109308517672,-1.7130529348724e-05,2.8027633079012e-05
1.72275,0.94137380008576,0.20490069361354,-1.7010812429182e-05,2.818734586073e-05
1.723,0.94260983739847,0.19886106274731,-1.6889971552592e-05,2.8347074926902e-05
1.72325,0.94380718920637,0.19281219602152,-1.6768001802465e-05,2.8506812952711e-05
1.7235,0.94496577426503,0.18675433104355,-1.6644898299523e-05,2.8666552541648e-05
1.72375,0.94608551269199,0.18068770616694,-1.6520656202563e-05,2.8826286225725e-05
1.724,0.94716632597244,0.17461256048332,-1.6395270709327e-05,2.8986006465694e-05
1.72425,0.94820813696486,0.16852913381417,-1.6268737057375e-05,2.9145705651286e-05
1.7245,0.94921086990654,0.16243766670263,-1.6141050524941e-05,2.9305376101462e-05
1.72475,0.95017445041908,0.15633840040522,-1.6012206431802e-05,2.9465010064686e-05
1.725,0.95109880551375,0.15023157688364,-1.5882200140138e-05,2.962459971921e-05
1.72525,0.95198386359681,0.1441174387964,-1.5751027055382e-05,2.9784137173375e-05
1.7255,0.9528295544748,0.13799622949053,-1.5618682627078e-05,2.9943614465934e-05
1.72575,0.95363580935963,0.13186819299319,-1.5485162349731e-05,3.0103023566383e-05
1.726,0.95440256087375,0.12573357400333,-1.5350461763645e-05,3.0262356375318e-05
1.72625,0.95512974305509,0.11959261788328,-1.5214576455765e-05,3.0421604724798e-05
1.7265,0.95581729136207,0.11344557065032,-1.5077502060514e-05,3.0580760378733e-05
1.72675,0.95646514267839,0.10729267896821,-1.4939234260617e-05,3.0739815033289e-05
1.727,0.95707323531786,0.10113419013878,-1.4799768787925e-05,3.0898760317299e-05
1.72725,0.95764150902911,0.094970352093381,-1.4659101424229e-05,3.1057587792705e-05
1.7275,0.95816990500019,0.088801413384453,-1.4517228002071e-05,3.1216288955007e-05
1.72775,0.95865836586315,0.082627623176931,-1.4374144405543e-05,3.137485523373e-05
1.728,0.9591068356985,0.076449231239755,-1.4229846571082e-05,3.1533277992915e-05
1.72825,0.95951526003962,0.07026648793733,-1.4084330488254e-05,3.1691548531611e-05
1.7285,0.95988358587707,0.064079644220923,-1.3937592200528e-05,3.1849658084404e-05
1.72875,0.96021176166286,0.05788895162009,-1.3789627806049e-05,3.2007597821944e-05
1.729,0.96049973731457,0.051694662234141,-1.3640433458391e-05,3.2165358851502e-05
1.72925,0.96074746421949,0.045497028723454,-1.3490005367303e-05,3.2322932217532e-05
1.7295,0.9609548952386,0.039296304300953,-1.3338339799451e-05,3.2480308902262e-05
1.72975,0.96112198471051,0.033092742723457,-1.3185433079139e-05,3.2637479826288e-05
1.73,0.96124868845532,0.026886598283038,-1.3031281589026e-05,3.2794435849197e-05
1.73025,0.96133496377838,0.020678125798405,-1.2875881770826e-05,3.2951167770194e-05
1.7305,0.96138076947404,0.014467580606306,-1.2719230126001e-05,3.3107666328755e-05
1.73075,0.96138606582922,0.0082552185528358,-1.2561323216434e-05,3.3263922205289e-05
1.731,0.96135081462697,0.0020412959848546,-1.2402157665095e-05,3.341992602182e-05
1.73125,0.96127497914997,-0.0041739302587042,-1.224173015669e-05,3.3575668342682e-05
1.7315,0.96115852418387,-0.010390202855447,-1.2080037438297e-05,3.3731139675231e-05
1.73175,0.96100141602064,-0.016607264008133,-1.1917076319984e-05,3.3886330470569e-05
1.732,0.9608036224618,-0.022824855453376,-1.1752843675416e-05,3.4041231124291e-05
1.73225,0.96056511282157,-0.029042718470198,-1.1587336442443e-05,3.4195831977235e-05
1.7325,0.96028585792996,-0.035260593888708,-1.1420551623674e-05,3.4350123316257e-05
1.73275,0.9599658301358,-0.04147822209871,-1.125248628703e-05,3.4504095375016e-05
1.733,0.95960500330959,-0.047695343058317,-1.1083137566287e-05,3.4657738334772e-05
1.73325,0.95920335284644,-0.053911696302552,-1.0912502661593e-05,3.4811042325202e-05
1.7335,0.95876085566883,-0.060127020951926,-1.0740578839972e-05,3.4963997425224e-05
1.73375,0.95827749022925,-0.066341055721048,-1.0567363435807e-05,3.5116593663843e-05
1.734,0.95775323651289,-0.072553538927206,-1.0392853851305e-05,3.5268821020998e-05
1.73425,0.95718807604018,-0.078764208498872,-1.021704755694e-05,3.5420669428435e-05
1.7345,0.9565819918692,-0.084972801984333,-1.0039942091878e-05,3.5572128770582e-05
1.73475,0.95593496859819,-0.091179056560112,-9.8615350643835e-06,3.5723188885441e-05
1.735,0.95524699236775,-0.097382709039565,-9.6818241521951e-06,3.5873839565496e-05
1.73525,0.95451805086321,-0.10358349588134,-9.5008071028907e-06,3.602407055862e-05
1.7355,0.95374813331666,-0.10978115319785,-9.3184817342241e-06,3.6173871569008e-05
1.73575,0.95293723050921,-0.11597541676372,-9.1348459344404e-06,3.6323232258111e-05
1.736,0.95208533477289,-0.12216602202424,-8.9498976625675e-06,3.6472142245583e-05
1.73625,0.95119243999266,-0.12835270410374,-8.7636349486852e-06,3.6620591110238e-05
1.7365,0.95025854160828,-0.13453519781401,-8.5760558941687e-06,3.676856839102e-05
1.73675,0.9492836366161,-0.14071323766262,-8.3871586719085e-06,3.6916063587975e-05
1.737,0.94826772357084,-0.14688655786125,-8.1969415265046e-06,3.706306616324e-05
1.73725,0.9472108025872,-0.15305489233403,-8.0054027744346e-06,3.7209565542034e-05
1.7375,0.94611287534145,-0.15921797472576,-7.8125408041971e-06,3.7355551113659e-05
1.73775,0.94497394507301,-0.1653755384102,-7.6183540764275e-06,3.7501012232507e-05
1.738,0.94379401658581,-0.17152731649822,-7.4228411239863e-06,3.7645938219082e-05
1.73825,0.94257309624977,-0.17767304184601,-7.2260005520221e-06,3.7790318361013e-05
1.7385,0.94131119200201,-0.18381244706324,-7.0278310380036e-06,3.7934141914088e-05
1.73875,0.94000831334814,-0.1899452645211,-6.8283313317263e-06,3.8077398103284e-05
1.739,0.93866447136343,-0.1960712263604,-6.6275002552886e-06,3.8220076123804e-05
1.73925,0.93727967869388,-0.20219006449961,-6.4253367030384e-06,3.8362165142123e-05
1.7395,0.9358539495573,-0.20830151064281,-6.2218396414918e-06,3.8503654297029e-05
1.73975,0.93438729974422,-0.21440529628764,-6.0170081092201e-06,3.8644532700675e-05
1.74,0.93287974661884,-0.22050115273322,-5.8108412167068e-06,3.878478943963e-05
1.74025,0.93133130911981,-0.22658881108799,-5.6033381461746e-06,3.8924413575928e-05
1.7405,0.92974200776107,-0.23266800227753,-5.3944981513788e-06,3.9063394148128e-05
1.74075,0.92811186463245,-0.23873845705229,-5.1843205573724e-06,3.9201720172366e-05
1.741,0.9264409034004,-0.24479990599534,-4.9728047602359e-06,3.9339380643411e-05
1.74125,0.92472914930849,-0.25085207953004,-4.7599502267761e-06,3.9476364535719e-05
1.7415,0.92297662917799,-0.25689470792757,-4.5457564941927e-06,3.9612660804484e-05
1.74175,0.92118337140823,-0.2629275213146,-4.3302231697106e-06,3.9748258386693e-05
1.742,0.91934940597707,-0.26895024968072,-4.1133499301782e-06,3.9883146202171e-05
1.74225,0.91747476444114,-0.27496262288591,-3.8951365216343e-06,4.0017313154629e-05
1.7425,0.91555947993619,-0.28096437066793,-3.675582758837e-06,4.01507481327e-05
1.74275,0.91360358717719,-0.28695522264966,-3.4546885247621e-06,4.0283440010979e-05
1.743,0.91160712245858,-0.29293490834634,-3.2324537700634e-06,4.0415377651053e-05
1.74325,0.90957012365424,-0.29890315717284,-3.0088785124988e-06,4.0546549902521e-05
1.7435,0.90749263021761,-0.30485969845071,-2.7839628363219e-06,4.0676945604016e-05
1.74375,0.90537468318163,-0.31080426141537,-2.5577068916366e-06,4.0806553584209e-05
1.744,0.90321632515859,-0.31673657522306,-2.3301108937153e-06,4.0935362662814e-05
1.74425,0.90101760034009,-0.32265636895778,-2.1011751222823e-06,4.1063361651573e-05
1.7445,0.89877855449677,-0.32856337163824,-1.8708999207587e-06,4.1190539355243e-05
1.74475,0.89649923497807,-0.33445731222455,-1.6392856954721e-06,4.1316884572559e-05
1.745,0.89417969071194,-0.34033791962508,-1.4063329148276e-06,4.1442386097195e-05
1.74525,0.89181997220446,-0.34620492270302,-1.1720421084419e-06,4.1567032718707e-05
1.7455,0.88942013153945,-0.35205805028303,-9.3641386624087e-07,4.1690813223465e-05
1.74575,0.88698022237802,-0.35789703115771,-6.9944883751763e-07,4.1813716395569e-05
1.746,0.88450029995804,-0.36372159409404,-4.6114772995269e-07,4.1935731017748e-05
1.74625,0.88198042109356,-0.36953146783971,-2.2151130859771e-07,4.2056845872249e-05
1.7465,0.87942064417427,-0.37532638112944,1.9459605182282e-08,4.2177049741701e-05
1.74675,0.87682102916479,-0.38110606269109,2.617641348022e-07,4.2296331409964e-05
1.747,0.87418163760401,-0.38687024125176,5.0540134959115e-07,4.2414679662963e-05
1.74725,0.87150253260432,-0.39261864554389,7.5037026596574e-07,4.2532083289497e-05
1.7475,0.86878377885086,-0.39835100431103,9.9666984864057e-07,4.2648531082028e-05
1.74775,0.86602544260067,-0.4040670463138,1.2442990118801e-06,4.276401183745e-05
1.748,0.86322759168179,-0.40976650033555,1.4932566207897e-06,4.2878514357836e-05
1.74825,0.86039029549245,-0.41544909518801,1.7435414926444e-06,4.2992027451155e-05
1.7485,0.85751362500001,-0.42111455971684,1.9951523982606e-06,4.3104539931976e-05
1.74875,0.85459765274004,-0.42676262280707,2.2480880634041e-06,4.3216040622133e-05
1.749,0.8516424528153,-0.43239301338843,2.5023471702401e-06,4.3326518351376e-05
1.74925,0.84864810089464,-0.43800546044062,2.7579283588241e-06,4.3435961957983e-05
1.7495,0.84561467421196,-0.44359969299843,3.0148302286295e-06,4.3544360289353e-05
1.74975,0.84254225156507,-0.44917544015675,3.273051340119e-06,4.3651702202563e-05
1.75,0.8394309133145,-0.45473243107554,3.5325902163545e-06,4.3757976564899e-05
1.75025,0.83628074138236,-0.46027039498457,3.7934453446466e-06,4.386317225435e-05
1.7505,0.83309181925111,-0.46578906118821,4.0556151782469e-06,4.3967278160076e-05
1.75075,0.82986423196232,-0.47128815906991,4.3190981380779e-06,4.4070283182833e-05
1.751,0.82659806611541,-0.47676741809676,4.5838926145049e-06,4.4172176235379e-05
1.75125,0.82329340986631,-0.48222656782379,4.8499969691491e-06,4.4272946242823e-05
1.7515,0.81995035292623,-0.48766533789823,5.1174095367392e-06,4.4372582142956e-05
1.75175,0.81656898656026,-0.49308345806355,5.3861286270045e-06,4.4471072886534e-05
1.752,0.81314940358601,-0.49848065816353,5.65615252661e-06,4.4568407437522e-05
1.75225,0.80969169837229,-0.50385666814605,5.9274795011293e-06,4.4664574773306e-05
1.7525,0.80619596683766,-0.50921121806682,6.2001077970604e-06,4.4759563884852e-05
1.75275,0.80266230644905,-0.51454403809301,6.4740356438808e-06,4.4853363776832e-05
1.753,0.79909081622036,-0.51985485850663,6.7492612561432e-06,4.49459634677e-05
1.75325,0.79548159671095,-0.52514340970795,7.0257828356139e-06,4.5037351989732e-05
1.7535,0.79183475002432,-0.53040942221857,7.3035985734478e-06,4.5127518389009e-05
1.75375,0.78815037980654,-0.53565262668454,7.5827066524075e-06,4.521645172536e-05
1.754,0.78442859124485,-0.54087275387921,7.8631052491224e-06,4.530414107226e-05
1.75425,0.78066949106622,-0.54606953470599,8.1447925363857e-06,4.5390575516668e-05
1.7545,0.77687318753584,-0.55124270020094,8.4277666854962e-06,4.5475744158826e-05
1.75475,0.77303979045567,-0.55639198153519,8.7120258686366e-06,4.5559636111999e-05
1.755,0.76916941116301,-0.56151711001728,8.997568261295e-06,4.5642240502163e-05
1.75525,0.76526216252899,-0.56661781709523,9.2843920447265e-06,4.5723546467646e-05
1.7555,0.76131815895714,-0.57169383435854,9.5724954084538e-06,4.5803543158699e-05
1.75575,0.75733751638197,-0.57674489353998,9.8618765528103e-06,4.5882219737029e-05
1.756,0.75332035226749,-0.58177072651724,1.0152533691523e-05,4.5959565375258e-05
1.75625,0.74926678560581,-0.58677106531437,1.0444465054336e-05,4.6035569256331e-05
1.7565,0.74517693691575,-0.5917456421031,1.0737668889672e-05,4.6110220572863e-05
1.75675,0.74105092824141,-0.59669418920395,1.1032143467343e-05,4.6183508526421e-05
1.757,0.73688888315083,-0.60161643908712,1.1327887081286e-05,4.6255422326749e-05
1.75725,0.73269092673464,-0.60651212437334,1.1624898052361e-05,4.6325951190919e-05
1.7575,0.72845718560471,-0.61138097783434,1.1923174731165e-05,4.6395084342428e-05
1.75775,0.72418778789291,-0.61622273239328,1.2222715500908e-05,4.6462811010215e-05
1.758,0.71988286324975,-0.62103712112494,1.2523518780319e-05,4.6529120427621e-05
1.75825,0.71554254284327,-0.62582387725566,1.2825583026596e-05,4.6594001831271e-05
1.7585,0.71116695935774,-0.63058273416319,1.3128906738391e-05,4.665744445989e-05
1.75875,0.70675624699256,-0.63531342537623,1.343348845885e-05,4.6719437553039e-05
1.759,0.70231054146112,-0.64001568457382,1.3739326778679e-05,4.6779970349784e-05
1.75925,0.69782997998974,-0.64468924558451,1.404642033926e-05,4.6839032087284e-05
1.7595,0.69331470131664,-0.6493338423853,1.4354767835808e-05,4.6896611999304e-05
1.75975,0.688764845691,-0.65394920910039,1.4664368020567e-05,4.6952699314648e-05
1.76,0.68418055487199,-0.65853507999964,1.4975219706051e-05,4.7007283255507e-05
1.76025,0.67956197212799,-0.66309118949691,1.5287321768323e-05,4.7060353035732e-05
1.7605,0.6749092422357,-0.66761727214806,1.5600673150322e-05,4.711189785902e-05
1.76075,0.6702225114795,-0.67211306264878,1.5915272865229e-05,4.7161906917006e-05
1.761,0.66550192765075,-0.67657829583212,1.6231119999875e-05,4.7210369387282e-05
1.76125,0.66074764004722,-0.6810127066659,1.6548213718198e-05,4.7257274431312e-05
1.7615,0.65595979947256,-0.68541603024968,1.6866553264736e-05,4.7302611192266e-05
1.76175,0.6511385582359,-0.68978800181165,1.7186137968174e-05,4.7346368792753e-05
1.762,0.64628407015151,-0.69412835670514,1.7506967244923e-05,4.7388536332465e-05
1.76225,0.64139649053853,-0.69843683040495,1.7829040602753e-05,4.7429102885716e-05
1.7625,0.63647597622083,-0.70271315850334,1.8152357644475e-05,4.7468057498891e-05
1.76275,0.63152268552699,-0.70695707670579,1.8476918071655e-05,4.7505389187783e-05
1.763,0.62653677829028,-0.71116832082647,1.8802721688388e-05,4.7541086934837e-05
1.76325,0.62151841584889,-0.71534662678341,1.9129768405114e-05,4.7575139686274e-05
1.7635,0.61646776104615,-0.71949173059338,1.9458058242483e-05,4.7607536349123e-05
1.76375,0.61138497823098,-0.72360336836649,1.9787591335265e-05,4.7638265788126e-05
1.764,0.60627023325835,-0.72768127630049,2.0118367936316e-05,4.7667316822543e-05
1.76425,0.60112369348998,-0.73172519067469,2.0450388420591e-05,4.769467822283e-05
1.7645,0.59594552779512,-0.73573484784368,2.0783653289204e-05,4.7720338707207e-05
1.76475,0.59073590655145,-0.73970998423063,2.1118163173549e-05,4.7744286938101e-05
1.765,0.5854950016462,-0.74365033632032,2.1453918839466e-05,4.776651151846e-05
1.76525,0.58022298647735,-0.74755564065178,2.179092119147e-05,4.7787000987951e-05
1.7655,0.57492003595505,-0.75142563381067,2.212917127702e-05,4.7805743819016e-05
1.76575,0.56958632650318,-0.7552600524212,2.2468670290866e-05,4.7822728412803e-05
1.766,0.56422203606108,-0.75905863313782,2.2809419579434e-05,4.7837943094954e-05
1.76625,0.55882734408549,-0.76282111263639,2.315142064528e-05,4.7851376111259e-05
1.7665,0.55340243155264,-0.76654722760519,2.3494675151608e-05,4.7863015623163e-05
1.76675,0.54794748096057,-0.77023671473533,2.3839184926839e-05,4.7872849703122e-05
1.767,0.54246267633169,-0.77388931071091,2.4184951969253e-05,4.7880866329819e-05
1.76725,0.5369482032154,-0.77750475219875,2.4531978451693e-05,4.788705338321e-05
1.7675,0.53140424869119,-0.78108277583773,2.4880266726338e-05,4.7891398639426e-05
1.76775,0.52583100137169,-0.78462311822766,2.5229819329542e-05,4.7893889765498e-05
1.768,0.52022865140617,-0.78812551591784,2.5580638986747e-05,4.7894514313924e-05
1.76825,0.5145973904842,-0.79158970539505,2.5932728617469e-05,4.789325971706e-05
1.7685,0.50893741183959,-0.79501542307126,2.6286091340359e-05,4.7890113281327e-05
1.76875,0.50324891025455,-0.79840240527074,2.664073047834e-05,4.788506218125e-05
1.769,0.49753208206423,-0.80175038821681,2.699664956383e-05,4.7878093453296e-05
1.76925,0.49178712516145,-0.80505910801811,2.7353852344043e-05,4.7869193989523e-05
1.7695,0.48601423900182,-0.80832830065436,2.7712342786374e-05,4.7858350531031e-05
1.76975,0.48021362460905,-0.81155770196168,2.8072125083884e-05,4.7845549661207e-05
1.77,0.47438548458076,-0.81474704761734,2.8433203660861e-05,4.7830777798759e-05
1.77025,0.46853002309447,-0.8178960731241,2.8795583178491e-05,4.7814021190533e-05
1.7705,0.462647445914,-0.82100451379394,2.9159268540616e-05,4.7795265904099e-05
1.77075,0.45673796039624,-0.82407210473133,2.9524264899601e-05,4.7774497820113e-05
1.771,0.45080177549832,-0.82709858081589,2.9890577662304e-05,4.7751702624436e-05
1.77125,0.44483910178511,-0.83008367668457,3.0258212496161e-05,4.7726865800004e-05
1.7715,0.43885015143716,-0.83302712671319,3.0627175335375e-05,4.7699972618441e-05
1.77175,0.43283513825908,-0.83592866499746,3.0997472387232e-05,4.7671008131416e-05
1.772,0.42679427768831,-0.83878802533341,3.1369110138541e-05,4.7639957161712e-05
1.77225,0.42072778680438,-0.84160494119711,3.1742095362195e-05,4.7606804294026e-05
1.7725,0.41463588433862,-0.84437914572397,3.2116435123872e-05,4.7571533865466e-05
1.77275,0.40851879068441,-0.84711037168717,3.2492136788869e-05,4.7534129955748e-05
1.773,0.40237672790784,-0.84979835147567,3.2869208029087e-05,4.7494576377077e-05
1.77325,0.39620991975896,-0.85244281707139,3.3247656830163e-05,4.7452856663702e-05
1.7735,0.39001859168358,-0.85504350002581,3.3627491498755e-05,4.7408954061134e-05
1.77375,0.38380297083561,-0.85760013143585,3.4008720669998e-05,4.7362851515004e-05
1.774,0.37756328608998,-0.86011244191903,3.4391353315124e-05,4.7314531659571e-05
1.77425,0.37129976805623,-0.86258016158795,3.4775398749266e-05,4.726397680583e-05
1.7745,0.36501264909258,-0.86500302002397,3.5160866639442e-05,4.7211168929245e-05
1.77475,0.35870216332087,-0.86738074625023,3.5547767012731e-05,4.7156089657059e-05
1.775,0.35236854664199,-0.86971306870375,3.5936110264664e-05,4.7098720255181e-05
1.77525,0.34601203675212,-0.87199971520694,3.6325907167811e-05,4.7039041614627e-05
1.7755,0.33963287315966,-0.8742404129381,3.6717168880597e-05,4.6977034237499e-05
1.77575,0.33323129720291,-0.87643488840126,3.710990695635e-05,4.6912678222478e-05
1.776,0.32680755206857,-0.87858286739505,3.7504133352586e-05,4.6845953249817e-05
1.77625,0.32036188281104,-0.88068407498078,3.7899860440549e-05,4.6776838565805e-05
1.7765,0.31389453637254,-0.88273823544965,3.8297101015021e-05,4.6705312966683e-05
1.77675,0.30740576160416,-0.88474507228899,3.8695868304396e-05,4.6631354781985e-05
1.777,0.30089580928777,-0.88670430814758,3.909617598106e-05,4.6554941857284e-05
1.77725,0.29436493215891,-0.88861566480016,3.949803817206e-05,4.6476051536306e-05
1.7775,0.28781338493064,-0.89047886311077,3.9901469470104e-05,4.6394660642388e-05
1.77775,0.2812414243184,-0.89229362299522,4.0306484944886e-05,4.6310745459254e-05
1.778,0.274649309066,-0.89405966338258,4.0713100154764e-05,4.6224281711067e-05
1.77825,0.2680372999726,-0.89577670217554,4.1121331158808e-05,4.6135244541729e-05
1.7785,0.26140565992087,-0.89744445620976,4.1531194529229e-05,4.6043608493387e-05
1.77875,0.25475465390639,-0.89906264121215,4.1942707364212e-05,4.5949347484112e-05
1.779,0.2480845490682,-0.90063097175803,4.2355887301179e-05,4.5852434784703e-05
1.77925,0.24139561472064,-0.90214916122714,4.277075253049e-05,4.5752842994581e-05
1.7795,0.23468812238657,-0.90361692175851,4.3187321809617e-05,4.5650544016709e-05
1.77975,0.22796234583185,-0.90503396420416,4.360561447781e-05,4.5545509031514e-05
1.78,0.22121856110139,-0.90639999808157,4.4025650471276e-05,4.5437708469727e-05
1.78025,0.21445704655657,-0.90771473152488,4.4447450338904e-05,4.5327111984111e-05
1.7805,0.20767808291422,-0.90897787123492,4.4871035258566e-05,4.5213688420001e-05
1.78075,0.20088195328725,-0.91018912242783,4.5296427054008e-05,4.5097405784595e-05
1.781,0.1940689432269,-0.91134818878241,4.5723648212384e-05,4.4978231214929e-05
1.78125,0.18723934076669,-0.91245477238616,4.6152721902452e-05,4.4856130944459e-05
1.7815,0.18039343646823,-0.91350857367983,4.6583671993469e-05,4.4731070268178e-05
1.78175,0.17353152346881,-0.91450929140066,4.7016523074828e-05,4.4603013506169e-05
1.782,0.16665389753104,-0.9154566225241,4.7451300476468e-05,4.4471923965523e-05
1.78225,0.15976085709436,-0.91635026220409,4.788803029011e-05,4.4337763900512e-05
1.7825,0.15285270332874,-0.91718990371184,4.8326739391348e-05,4.4200494470912e-05
1.78275,0.14592974019053,-0.91797523837298,4.8767455462658e-05,4.4060075698377e-05
1.783,0.13899227448056,-0.91870595550325,4.9210207017361e-05,4.3916466420733e-05
1.78325,0.13204061590457,-0.91938174234253,4.9655023424604e-05,4.3769624244067e-05
1.7835,0.12507507713615,-0.92000228398717,5.0101934935401e-05,4.3619505492477e-05
1.78375,0.11809597388209,-0.92056726332073,5.0550972709811e-05,4.3466065155326e-05
1.784,0.11110362495055,-0.92107636094291,5.1002168845295e-05,4.3309256831851e-05
1.78425,0.1040983523218,-0.92152925509684,5.1455556406338e-05,4.3149032672947e-05
1.7845,0.097080481221921,-0.92192562159445,5.1911169455389e-05,4.2985343319937e-05
1.78475,0.090050340199444,-0.92226513374012,5.2369043085205e-05,4.2818137840145e-05
1.785,0.083008261205099,-0.92254746225239,5.2829213452669e-05,4.2647363659028e-05
1.78525,0.075954579674732,-0.92277227518383,5.3291717814181e-05,4.2472966488662e-05
1.7855,0.068889634615642,-0.92293923783894,5.3756594562679e-05,4.2294890252304e-05
1.78575,0.06181376869632,-0.92304801269006,5.4223883266423e-05,4.2113077004775e-05
1.786,0.054727328339887,-0.92309825929127,5.4693624709609e-05,4.1927466848353e-05
1.78625,0.047630663821255,-0.92308963419029,5.5165860934929e-05,4.1737997843861e-05
1.7865,0.040524129368213,-0.92302179083818,5.5640635288196e-05,4.1544605916596e-05
1.78675,0.033408083266653,-0.92289437949704,5.6117992465127e-05,4.1347224756728e-05
1.787,0.026282887970005,-0.92270704714542,5.6597978560434e-05,4.1145785713738e-05
1.78725,0.019148910213099,-0.92245943738158,5.7080641119338e-05,4.094021768446e-05
1.7875,0.012006521130707,-0.92215119032454,5.7566029191632e-05,4.0730446994239e-05
1.78775,0.004856096380808,-0.92178194251278,5.8054193388465e-05,4.0516397270647e-05
1.788,-0.002301983727056,-0.92135132680063,5.8545185941967e-05,4.0297989309209e-05
1.78825,-0.0094673340982579,-0.92085897225238,5.9039060767897e-05,4.0075140930463e-05
1.7885,-0.016639564714131,-0.92030450403387,5.9535873531462e-05,3.9847766827691e-05
1.78875,-0.023818280487283,-0.91968754330182,6.0035681716486e-05,3.9615778404532e-05
1.789,-0.031003081111104,-0.91900770709053,6.0538544698117e-05,3.9379083601656e-05
1.78925,-0.038193560903024,-0.91826460819619,6.1044523819235e-05,3.9137586711574e-05
1.7895,-0.045389308641414,-0.91745785505869,6.155368247078e-05,3.8891188180582e-05
1.78975,-0.05258990739581,-0.91658705164079,6.2066086176177e-05,3.8639784396721e-05
1.79,-0.059794934350104,-0.9156517973048,6.2581802680075e-05,3.8383267462558e-05
1.79025,-0.067003960618519,-0.9146516866866,6.3100902041587e-05,3.8121524951414e-05
1.7905,-0.074216551054011,-0.91358630956708,6.3623456732262e-05,3.7854439645593e-05
1.79075,-0.081432264048706,-0.9124552507409,6.4149541738966e-05,3.7581889254957e-05
1.791,-0.088650651326142,-0.91125808988265,6.4679234671894e-05,3.7303746114055e-05
1.79125,-0.095871257724925,-0.90999440141025,6.5212615877905e-05,3.7019876855809e-05
1.7915,-0.10309362097333,-0.90866375434578,6.5749768559337e-05,3.6730142059546e-05
1.79175,-0.11031727145466,-0.90726571217354,6.6290778898509e-05,3.6434395870937e-05
1.792,-0.11754173196269,-0.9057998326955,6.6835736187995e-05,3.6132485591112e-05
1.79225,-0.12476651744707,-0.904265667884,6.7384732966822e-05,3.5824251231955e-05
1.7925,-0.131991134748,-0.90266276373186,6.7937865162619e-05,3.5509525034197e-05
1.79275,-0.13921508231975,-0.90099066009982,6.8495232239723e-05,3.5188130944596e-05
1.793,-0.14643784994276,-0.89924889056136,6.9056937353183e-05,3.4859884048019e-05
1.79325,-0.15365891842345,-0.89743698224494,6.9623087508467e-05,3.452458994979e-05
1.7935,-0.16087775928148,-0.8955544556737,7.0193793726604e-05,3.41820441031e-05
1.79375,-0.16809383442386,-0.89360082460272,7.0769171214307e-05,3.3832031075679e-05
1.794,-0.17530659580519,-0.89157559585376,7.1349339538459e-05,3.3474323749218e-05
1.79425,-0.18251548507356,-0.88947826914778,7.1934422804089e-05,3.3108682444247e-05
1.7945,-0.18971993320141,-0.8873083369351,7.2524549834723e-05,3.2734853962281e-05
1.79475,-0.19691936010073,-0.88506528422345,7.3119854353558e-05,3.2352570536036e-05
1.795,-0.20411317422175,-0.88274858840396,7.372047516358e-05,3.1961548677367e-05
1.79525,-0.21130077213465,-0.88035771907528,7.4326556324103e-05,3.156148791126e-05
1.7955,-0.21848153809325,-0.87789213786589,7.4938247320611e-05,3.1152069382756e-05
1.79575,-0.22565484358006,-0.87535129825485,7.5555703223968e-05,3.0732954321949e-05
1.796,-0.2328200468317,-0.87273464539118,7.6179084834013e-05,3.030378235033e-05
1.79625,-0.23997649234404,-0.870041615912,7.6808558801409e-05,2.9864169609511e-05
1.7965,-0.24712351035586,-0.86727163775979,7.7444297720048e-05,2.9413706690875e-05
1.79675,-0.25426041631026,-0.86442412999896,7.80864801805e-05,2.8951956341882e-05
1.797,-0.26138651029274,-0.86149850263198,7.8735290772719e-05,2.8478450921463e-05
1.79725,-0.26850107644489,-0.85849415641558,7.9390920023434e-05,2.7992689573258e-05
1.7975,-0.27560338235263,-0.85541048267718,8.0053564250223e-05,2.7494135081257e-05
1.79775,-0.28269267840783,-0.85224686313202,8.0723425310043e-05,2.6982210367532e-05
1.798,-0.28976819714198,-0.84900266970159,8.1400710214791e-05,2.6456294586385e-05
1.79825,-0.29682915253089,-0.84567726433353,8.2085630580067e-05,2.5915718762932e-05
1.7985,-0.30387473926885,-0.84226999882383,8.2778401865362e-05,2.5359760917195e-05
1.79875,-0.31090413201106,-0.8387802146418,8.3479242354115e-05,2.4787640606832e-05
1.799,-0.31791648458269,-0.83520724275846,8.4188371809958e-05,2.4198512812688e-05
1.79925,-0.32491092915329,-0.83155040347898,8.4906009730435e-05,2.359146108145e-05
1.7995,-0.3318865753747,-0.82780900628019,8.5632373100822e-05,2.2965489828613e-05
1.79975,-0.3388425094811,-0.82398234965371,8.6367673527534e-05,2.2319515692871e-05
1.8,-0.34577779334919,-0.82006972095581,8.7112113601739e-05,2.1652357819936e-05
1.80025,-0.35269146351691,-0.81607039626502,8.7865882307959e-05,2.0962726939934e-05
1.8005,-0.35958253015871,-0.81198364024848,8.8629149247666e-05,2.0249213088218e-05
1.80075,-0.3664499760154,-0.8078087060383,8.9402057392089e-05,1.951027180547e-05
1.801,-0.37329275527663,-0.80354483511931,9.0184714008802e-05,1.8744208640251e-05
1.80125,-0.3801097924137,-0.79919125722949,9.0977179319696e-05,1.7949161767495e-05
1.8015,-0.3868999809606,-0.79474719027479,9.1779452339389e-05,1.7123082532233e-05
1.80175,-0.39366218224094,-0.79021184025985,9.2591453207732e-05,1.6263713732943e-05
1.802,-0.40039522403823,-0.78558440123672,9.3413001161372e-05,1.536856547883e-05
1.80225,-0.40709789920714,-0.78086405527329,9.4243787079692e-05,1.4434888498227e-05
1.8025,-0.41376896422309,-0.77604997244386,9.5083339280822e-05,1.3459644852937e-05
1.80275,-0.42040713766722,-0.77114131084404,9.5930980923415e-05,1.2439476142673e-05
1.803,-0.42701109864435,-0.76613721663269,9.6785776978615e-05,1.1370669488964e-05
1.80325,-0.4335794851305,-0.76103682410352,9.764646826289e-05,1.0249121903486e-05
1.8035,-0.44011089224721,-0.75583925578956,9.8511389457655e-05,9.0703041199549e-06
1.80375,-0.44660387045953,-0.75054362260361,9.9378367382761e-05,7.8292256690609e-06
1.804,-0.45305692369414,-0.74514902401838,0.0001002445950476,6.5204039953261e-06
1.80425,-0.45946850737446,-0.73965454829002,0.0001011064762087,5.1378418791354e-06
1.8045,-0.46583702636924,-0.73405927272936,0.00010195943439069,3.6750195038174e-06
1.80475,-0.47216083285082,-0.72836226402527,0.00010279767972368,2.1249104113986e-06
1.805,-0.47843822405963,-0.7225625786251,0.00010361392677484,4.8003458483633e-07
1.80525,-0.48466743997092,-0.71665926317752,0.00010439905724847,-1.2674327228282e-06
1.8055,-0.49084666085986,-0.7106513550434,0.00010514172371763,-3.1254707344037e-06
1.80575,-0.49697400476112,-0.70453788288107,0.00010582789555528,-5.1019068887003e-06
1.806,-0.5030475248187,-0.69831786731258,0.00010644035762505,-7.203949405296e-06
1.80625,-0.50906520652192,-0.69199032167828,0.00010695818841286,-9.4375021080603e-06
1.8065,-0.51502496482343,-0.6855542528875,0.00010735627013278,-1.1806194987627e-05
1.80675,-0.52092464113488,-0.67900866237391,0.00010760492222467,-1.4310060081453e-05
1.807,-0.52676200019601,-0.6723525471646,0.00010766980404581,-1.6943792658047e-05
1.80725,-0.53253472681295,-0.66558490107298,0.00010751230156527,-1.969457554297e-05
1.8075,-0.53824042246131,-0.65870471602584,0.00010709068766833,-2.2539527851047e-05
1.80775,-0.54387660175001,-0.65171098353649,0.00010636240261203,-2.5442988319227e-05
1.808,-0.54944068874159,-0.64460269633613,0.00010528779433504,-2.8354069527765e-05
1.80825,-0.55493001312508,-0.637378850177,0.00010383551758025,-3.1205205504703e-05
1.8085,-0.56034180623752,-0.63003844582162,0.00010198943737466,-3.3912686141848e-05
1.80875,-0.56567319693052,-0.62258049123392,9.975627723108e-05,-3.6380269763049e-05
1.809,-0.5709212072786,-0.61500400398874,9.7172479613781e-05,-3.8506667633308e-05
1.80925,-0.57608274812611,-0.607308013918,9.4308092724353e-05,-4.0196819411758e-05
1.8095,-0.5811546144704,-0.59949156601268,9.126543096035e-05,-4.1375482464783e-05
1.80975,-0.58613348067899,-0.59155372360172,8.8171196600435e-05,-4.2000208890818e-05
1.81,-0.59101589553938,-0.5834935718301,8.5162679141227e-05,-4.2070087799701e-05
1.81025,-0.59579827714074,-0.57531022146013,8.2370856791634e-05,-4.162736901434e-05
1.8105,-0.60047690758765,-0.56700281302188,7.9904572261307e-05,-4.0751213168918e-05
1.81075,-0.60504792754698,-0.55857052134026,7.783962694705e-05,-3.9545385003034e-05
1.811,-0.60950733063026,-0.55001256046851,7.6214786703575e-05,-3.812343882214e-05
1.81125,-0.61385095761508,-0.54132818905967,7.5034341046667e-05,-3.6595103723233e-05
1.8115,-0.61807449051086,-0.53251671620995,7.4275139523023e-05,-3.5056390768116e-05
1.81175,-0.62217344647583,-0.52357750781018,7.3895480949895e-05,-3.3584264076193e-05
1.812,-0.62614317159435,-0.51450999344387,7.3843671262079e-05,-3.2235350279731e-05
1.81225,-0.62997883452578,-0.50531367387294,7.4064954494202e-05,-3.1047468249361e-05
1.8125,-0.63367542003909,-0.49598812915474,7.4506374797208e-05,-3.0042678590268e-05
1.81275,-0.63722772244996,-0.48653302743681,7.5119704265827e-05,-2.9230821015721e-05
1.813,-0.64063033898098,-0.47694813447832,7.5862846936991e-05,-2.8612879969943e-05
1.81325,-0.64387766306911,-0.46723332395034,7.670018666958e-05,-2.818384609857e-05
1.8135,-0.64696387764881,-0.45738858856946,7.7602286628043e-05,-2.7934969247215e-05
1.81375,-0.64988294844453,-0.44741405212277,7.8545246604959e-05,-2.7855430450217e-05
1.814,-0.65262861731111,-0.43730998244449,7.9509924458404e-05,-2.7933521012847e-05
1.81425,-0.65519439566718,-0.42707680540776,8.0481147522541e-05,-2.8157433419552e-05
1.8145,-0.65757355807319,-0.41671511999768,8.1446982453286e-05,-2.8515762364198e-05
1.81475,-0.65975913601341,-0.4062257145343,8.239809449948e-05,-2.8997798200551e-05
1.815,-0.66174391194933,-0.39560958411645,8.3327204628765e-05,-2.9593677106152e-05
1.81525,-0.66352041372162,-0.38486794935973,8.4228640543951e-05,-3.0294435851878e-05
1.8155,-0.66508090938761,-0.37400227650311,8.5097971686094e-05,-3.1092005593471e-05
1.81575,-0.66641740259294,-0.3630142989603,8.5931716213922e-05,-3.1979168694152e-05
1.816,-0.66752162858802,-0.35190604039224,8.6727107954165e-05,-3.294949487985e-05
1.81625,-0.66838505101406,-0.34067983937686,8.7481912366334e-05,-3.3997267493402e-05
1.8165,-0.66899885959767,-0.32933837575132,8.8194282031855e-05,-3.5117406735066e-05
1.81675,-0.66935396890979,-0.31788469869941,8.8862643716313e-05,-3.6305394115395e-05
1.817,-0.6694410183617,-0.30632225665319,8.9485610490661e-05,-3.7557200557286e-05
1.81725,-0.66925037363003,-0.29465492907292,9.0061913658429e-05,-3.8869219406592e-05
1.8175,-0.66877212972289,-0.28288706016185,9.0590350301475e-05,-4.0238204855636e-05
1.81775,-0.66799611592102,-0.27102349456335,9.1069743135217e-05,-4.1661215815651e-05
1.818,-0.66691190285071,-0.25906961507622,9.1498910076323e-05,-4.3135564998032e-05
1.81825,-0.66550881196969,-0.24703138240852,9.187664149657e-05,-4.4658772814687e-05
1.8185,-0.66377592777268,-0.23491537697297,9.2201683590319e-05,-4.6228525639952e-05
1.81875,-0.66170211304977,-0.22272884270441,9.2472726641812e-05,-4.7842637960371e-05
1.819,-0.6592760275577,-0.21047973285359,9.2688397261243e-05,-4.9499017954108e-05
1.81925,-0.65648615049207,-0.1981767576808,9.2847253880562e-05,-5.1195636075428e-05
1.8195,-0.65332080717588,-0.18582943393557,9.2947784974257e-05,-5.293049626341e-05
1.81975,-0.6497682004066,-0.17344813596677,9.2988409606677e-05,-5.4701609442052e-05
1.82,-0.6458164469301,-0.16104414825795,9.296748001398e-05,-5.650696902827e-05
1.82025,-0.64145361953303,-0.14862971912617,9.2883286011681e-05,-5.8344528212871e-05
1.8205,-0.63666779526629,-0.1362181152591,9.2734061082802e-05,-6.0212178826365e-05
1.82075,-0.6314471103284,-0.12382367669202,9.2517990050563e-05,-6.2107731646128e-05
1.821,-0.62577982214872,-0.11146187174587,9.2233218276176e-05,-6.4028898043579e-05
1.82125,-0.61965437921417,-0.09914935135713,9.1877862348767e-05,-6.5973272909788e-05
1.8215,-0.61305949917798,-0.086904002131103,9.1450022252269e-05,-6.7938318835487e-05
1.82175,-0.60598425577269,-0.074744997341654,9.0947795004578e-05,-6.9921351556577e-05
1.822,-0.5984181750208,-0.062692844983586,9.0369289768055e-05,-7.1919526709289e-05
1.82225,-0.59035134119042,-0.050769431858077,8.9712644428258e-05,-7.3929827969955e-05
1.8225,-0.58177451288048,-0.038998062539637,8.8976043630051e-05,-7.5949056682755e-05
1.82275,-0.5726792495346,-0.027403491935303,8.81577382472e-05,-7.7973823104626e-05
1.823,-0.5630580485735,-0.016011950005576,8.7256066243524e-05,-8.0000539419563e-05
1.82325,-0.55290449319946,-0.0048511570759666,8.6269474860878e-05,-8.2025414694021e-05
1.8235,-0.54221341075904,0.0060496719702817,8.5196544041897e-05,-8.4044451960993e-05
1.82375,-0.53098104135112,0.016659836457121,8.4036010963906e-05,-8.6053447631518e-05
1.824,-0.51920521613213,0.02694717359343,8.2786795525119e-05,-8.8047993438441e-05
1.82425,-0.50688554449857,0.036878099115374,8.1448026585666e-05,-9.0023481117516e-05
1.8245,-0.49402360901828,0.046417667013608,8.0019068725009e-05,-9.1975110024309e-05
1.82475,-0.48062316663476,0.055529650499218,7.8499549234567e-05,-9.3897897871671e-05
1.825,-0.46669035428792,0.064176646349939,7.6889385021219e-05,-9.5786694750546e-05
1.82525,-0.4522338966808,0.072320204711321,7.5188809054861e-05,-9.7636200566505e-05
1.8255,-0.43726531348267,0.079920986295405,7.3398395952975e-05,-9.9440985985079e-05
1.82575,-0.42179912280221,0.086938948711317,7.1519086258818e-05,-0.00010119551693058
1.826,-0.40585303730067,0.093333563368681,6.9552208939199e-05,-0.00010289418262592
1.82625,-0.38944814885866,0.099064064007035,6.7499501604684e-05,-0.00010453132709536
1.8265,-0.3726090972777,0.10408972741486,6.5363127941426e-05,-0.00010610128397931
1.82675,-0.35536421810982,0.10837018630662,6.3145691841556e-05,-0.00010759841443116
1.827,-0.33774566438566,0.1118657736242,6.0850247729611e-05,-0.00010901714778279
1.82725,-0.31978949678195,0.11453789672336,5.8480306607657e-05,-0.00011035202458017
1.8275,-0.30153573665488,0.11634943900566,5.6039837382153e-05,-0.00011159774150535
1.82775,-0.283028376397,0.1172651855762,5.353326309215e-05,-0.00011274919761975
1.828,-0.26431534177521,0.11725226846895,5.09654517309e-05,-0.00011380154128888
1.82825,-0.24544840129882,0.11628062591337,4.8341701440543e-05,-0.00011475021708342
1.8285,-0.22648301827075,0.11432346905376,4.5667719961317e-05,-0.00011559101190015
1.82875,-0.20747814199896,0.11135774851812,4.2949598329844e-05,-0.00011632009951015
1.829,-0.18849593569763,0.10736461231393,4.0193778943312e-05,-0.00011693408272566
1.82925,-0.16960143987811,0.10232984575525,3.7407018233887e-05,-0.00011743003238058
1.8295,-0.15086217150032,0.09624428354994,3.4596344326471e-05,-0.00011780552234729
1.82975,-0.13234766079601,0.089104183850394,3.176901017874e-05,-0.00011805865986169
1.83,-0.11412892943976,0.080911554039707,2.8932442820608e-05,-0.00011818811050138
1.83025,-0.096277915574833,0.071674418326426,2.6094189416116e-05,-0.00011819311725578
1.8305,-0.078866853032741,0.061407017880411,2.3261860960454e-05,-0.00011807351323977
1.83075,-0.061967613839223,0.050129935270227,2.0443074494288e-05,-0.00011782972773139
1.831,-0.04565102469515,0.037870136351497,1.7645394763815e-05,-0.00011746278535433
1.83125,-0.029986169479074,0.024660924480566,1.4876276276254e-05,-0.0001169742983734
1.8315,-0.015039690859554,0.010541803940758,1.2143006695249e-05,-0.00011636645222068
1.83175,-0.00087510476685325,-0.0044417482936009,9.4526524893636e-06,-0.00011564198451617
1.832,0.012447858298088,-0.020238600949565,6.8120076904834e-06,-0.00011480415798492
1.83225,0.024873871376235,-0.036792373068952,4.2275465395982e-06,-0.00011385672779774
1.8325,0.036352575553229,-0.054041918528116,1.7053806985763e-06,-0.00011280390397069
1.83275,0.04683907899176,-0.07192188192574,-7.4877840841813e-07,-0.00011165030954693
1.833,0.056294380223495,-0.090363315327009,-3.1296516864296e-06,-0.00011040093534962
1.83325,0.064685707381137,-0.109294343718,-5.4324185897589e-06,-0.00010906109213672
1.8335,0.071986767281228,-0.1286408657986,-7.6527373012953e-06,-0.00010763636100611
1.83375,0.078177900682475,-0.1483272759737,-9.7867588343175e-06,-0.0001061325428937
1.834,0.083246142540575,-0.1682771931176,-1.1831135145723e-05,-0.00010455560798009
1.83425,0.087185188553396,-0.18841418188582,-1.3783021465117e-05,-0.00010291164577446
1.8345,0.089995271638901,-0.20866245300765,-1.5640073146281e-05,-0.00010120681658107
1.83475,0.091682954122491,-0.22894753006623,-1.7400437434209e-05,-9.9447304977846e-05
1.835,0.092260843254821,-0.24919687169815,-1.9062740610838e-05,-9.7639275849964e-05
1.83525,0.091747239178544,-0.2693404398419,-2.0626071034868e-05,-9.5788833429983e-05
1.8355,0.090165725577025,-0.28931120655198,-2.2089958626234e-05,-9.3901983700929e-05
1.83575,0.087544713954311,-0.30904559388232,-2.3454351364167e-05,-9.1984600424746e-05
1.836,0.083916952818607,-0.32848384334612,-2.4719589370821e-05,-9.0042394967468e-05
1.83625,0.079319012993765,-0.34757031340146,-2.588637714189e-05,-8.8080890006894e-05
1.8365,0.073790759902557,-0.366253705224,-2.6955754463046e-05,-8.6105397130465e-05
1.83675,0.067374822999857,-0.38448721865878,-2.7929066518981e-05,-8.4120998261417e-05
1.837,0.060116071639218,-0.40222864165103,-2.8807933662002e-05,-8.2132530791316e-05
1.83725,0.052061105591307,-0.41944037761624,-2.9594221261914e-05,-8.0144576246952e-05
1.8375,0.043257767255511,-0.43608941611368,-3.0290010010111e-05,-7.8161452279353e-05
1.83775,0.033754681372545,-0.4521472528331,-3.0897567000298e-05,-7.6187207732168e-05
1.838,0.023600826805512,-0.46758976530709,-3.1419317857521e-05,-7.4225620525182e-05
1.83825,0.012845143752014,-0.48239705093958,-3.1857820137678e-05,-7.22801980755e-05
1.8385,0.0015361786160428,-0.49655323392128,-3.2215738172341e-05,-7.0354179973195e-05
1.83875,-0.010278232268795,-0.51004624741482,-3.2495819489522e-05,-6.8450542628885e-05
1.839,-0.022551239795576,-0.52286759706913,-3.2700872900432e-05,-6.6572005616702e-05
1.83925,-0.035237220646247,-0.53501211149309,-3.2833748305859e-05,-6.4721039446732e-05
1.8395,-0.048291978452534,-0.54647768481499,-3.2897318243571e-05,-6.2899874514879e-05
1.83975,-0.06167290928507,-0.55726501590309,-3.2894461170337e-05,-6.1110510994765e-05
1.84,-0.075339133614043,-0.5673773482476,-3.2828046448584e-05,-5.9354729454638e-05
1.84025,-0.089251597184812,-0.57682021392776,-3.2700920988209e-05,-5.7634102001695e-05
1.8405,-0.10337314344811,-0.58560118452344,-3.2515897478437e-05,-5.5950003776242e-05
1.84075,-0.11766856029167,-0.5937296312956,-3.2275744132445e-05,-5.4303624637976e-05
1.841,-0.13210460384933,-0.60121649646013,-3.1983175858541e-05,-5.2695980906224e-05
1.84125,-0.14665000212901,-0.60807407692426,-3.1640846765545e-05,-5.1127927034677e-05
1.8415,-0.16127544111581,-0.61431582144659,-3.1251343906327e-05,-4.9600167118854e-05
1.84175,-0.17595353588037,-0.61995614182286,-3.0817182161888e-05,-4.8113266151087e-05
1.842,-0.19065878906797,-0.62501023838928,-3.0340800168564e-05,-4.6667660953042e-05
1.84225,-0.2053675389696,-0.62949393987282,-2.9824557192581e-05,-4.5263670729627e-05
1.8425,-0.22005789918893,-0.6334235573997,-2.9270730858977e-05,-4.3901507200647e-05
1.84275,-0.23470969172743,-0.63681575229662,-2.8681515645686e-05,-4.2581284277667e-05
1.843,-0.24930437511801,-0.6396874171802,-2.8059022057925e-05,-4.130302726332e-05
1.84325,-0.26382496904927,-0.64205556972391,-2.7405276402962e-05,-4.0066681558852e-05
1.8435,-0.27825597674341,-0.64393725841575,-2.6722221090531e-05,-3.8872120873004e-05
1.84375,-0.29258330617993,-0.64534947956813,-2.601171538951e-05,-3.7719154931581e-05
1.844,-0.30679419109948,-0.64630910481198,-2.5275536576964e-05,-3.6607536692334e-05
1.84425,-0.32087711257638,-0.64683281829493,-2.4515381420943e-05,-3.5536969074034e-05
1.8445,-0.33482172181552,-0.64693706280633,-2.3732867943772e-05,-3.4507111212193e-05
1.84475,-0.34861876471028,-0.64663799406624,-2.2929537417549e-05,-3.3517584256638e-05
1.845,-0.36226000859142,-0.64595144243917,-2.2106856548459e-05,-3.2567976728265e-05
1.84525,-0.37573817150242,-0.64489288136417,-2.1266219811091e-05,-3.1657849453946e-05
1.8455,-0.38904685425517,-0.64347740182813,-2.0408951898191e-05,-3.0786740099587e-05
1.84575,-0.40218047544745,-0.64171969224877,-1.9536310255328e-05,-2.9954167322083e-05
1.846,-0.41513420956295,-0.63963402317422,-1.8649487673648e-05,-2.9159634561244e-05
1.84625,-0.42790392822201,-0.63723423624878,-1.7749614917268e-05,-2.8402633492776e-05
1.8465,-0.44048614460725,-0.6345337369362,-1.6837763364999e-05,-2.768264716329e-05
1.84675,-0.45287796105184,-0.6315454905333,-1.5914947648918e-05,-2.6999152827831e-05
1.847,-0.46507701974822,-0.62828202104713,-1.4982128274852e-05,-2.6351624509958e-05
1.84725,-0.47708145651046,-0.6247554125474,-1.4040214212174e-05,-2.573953530369e-05
1.8475,-0.48888985750495,-0.62097731264265,-1.3090065442352e-05,-2.5162359435886e-05
1.84775,-0.50050121884858,-0.6169589377633,-1.2132495457557e-05,-2.4619574106834e-05
1.848,-0.51191490896319,-0.61271107996716,-1.1168273702272e-05,-2.4110661125894e-05
1.84825,-0.52313063356684,-0.60824411501301,-1.0198127952267e-05,-2.3635108358212e-05
1.8485,-0.53414840317743,-0.60356801147595,-9.2227466266312e-06,-2.3192410997567e-05
1.84875,-0.54496850300147,-0.59869234070362,-8.242781029602e-06,-2.2782072679516e-05
1.849,-0.55559146507982,-0.5936262874361,-7.2588475199546e-06,-2.2403606448117e-05
1.84925,-0.56601804256254,-0.58837866093355,-6.2715296065276e-06,-2.2056535588615e-05
1.8495,-0.57624918598729,-0.58295790647522,-5.2813799691795e-06,-2.174039433764e-05
1.84975,-0.5862860214382,-0.57737211711082,-4.2889224050947e-06,-2.1454728481619e-05
1.85,-0.59612983046581,-0.5716290455614,-3.2946537008879e-06,-2.1199095853327e-05
1.85025,-0.60578203165299,-0.56573611618076,-2.2990454313574e-06,-2.0973066735757e-05
1.8505,-0.61524416371614,-0.55970043690148,-1.3025456861504e-06,-2.077622418174e-05
1.85075,-0.62451787003627,-0.55352881110066,-3.055807258506e-07,-2.0608164257097e-05
1.851,-0.63360488451913,-0.54722774933096,6.9144343073077e-07,-2.046849621444e-05
1.85125,-0.6425070186892,-0.5408034808711,1.6881394860942e-06,-2.0356842604152e-05
1.8515,-0.65122614992745,-0.53426196505815,2.6841374083409e-06,-2.02728393285e-05
1.85175,-0.65976421076764,-0.52760890237079,3.6790830379785e-06,-2.0216135644299e-05
1.852,-0.66812317917153,-0.52084974523889,4.6726367549903e-06,-2.0186394119072e-05
1.85225,-0.67630506970795,-0.51398970855997,5.6644722038382e-06,-2.0183290545156e-05
1.8525,-0.68431192556531,-0.50703377990809,6.6542750740591e-06,-2.0206513815809e-05
1.85275,-0.69214581133235,-0.49998672942421,7.6417419341387e-06,-2.0255765766959e-05
1.853,-0.69980880648576,-0.49285311938118,8.6265791163481e-06,-2.0330760987851e-05
1.85325,-0.70730299952757,-0.48563731341907,9.6085016502668e-06,-2.0431226603553e-05
1.8535,-0.71463048271964,-0.47834348544924,1.0587232242791e-05,-2.0556902031901e-05
1.85375,-0.72179334736581,-0.47097562822784,1.1562500302464e-05,-2.0707538717249e-05
1.854,-0.72879367959615,-0.46353756160124,1.2534041006037e-05,-2.0882899843045e-05
1.85425,-0.73563355661113,-0.45603294042712,1.350159440528e-05,-2.1082760025068e-05
1.8545,-0.74231504334642,-0.4484652621769,1.4464904572093e-05,-2.1306904986904e-05
1.85475,-0.74884018952227,-0.44083787422551,1.5423718780112e-05,-2.1555131219034e-05
1.855,-0.7552110270442,-0.43315398083575,1.6377786721068e-05,-2.1827245622735e-05
1.85525,-0.76142956772378,-0.42541664984524,1.732685975425e-05,-2.2123065139789e-05
1.8555,-0.76749780129159,-0.41762881906411,1.8270690187541e-05,-2.2442416368877e-05
1.85575,-0.77341769367585,-0.40979330239235,1.920903058859e-05,-2.2785135169348e-05
1.856,-0.77919118552269,-0.4019127956657,2.0141633124772e-05,-2.3151066252967e-05
1.85625,-0.78482019093605,-0.39398988223942,2.1068248930716e-05,-2.3540062764079e-05
1.8565,-0.79030659641668,-0.38602703831919,2.1988627502243e-05,-2.3951985848565e-05
1.85675,-0.79565225998159,-0.37802663804839,2.290251611572e-05,-2.4386704211835e-05
1.857,-0.80085901044682,-0.36999095836109,2.3809659271876e-05,-2.4844093666041e-05
1.85725,-0.80592864685775,-0.36192218361004,2.4709798163265e-05,-2.5324036666597e-05
1.8575,-0.81086293805253,-0.35382240997847,2.5602670164665e-05,-2.5826421838047e-05
1.85775,-0.81566362234534,-0.3456936496849,2.6488008345781e-05,-2.6351143489247e-05
1.858,-0.82033240731753,-0.33753783498942,2.7365541005736e-05,-2.6898101117774e-05
1.85825,-0.82487096970541,-0.32935682201005,2.8234991228953e-05,-2.746719890346e-05
1.8585,-0.82928095537462,-0.32115239435746,2.9096076462078e-05,-2.8058345190887e-05
1.85875,-0.83356397937187,-0.31292626659598,2.9948508111759e-05,-2.8671451960647e-05
1.859,-0.83772162604562,-0.30468008753866,3.0791991163143e-05,-2.9306434289202e-05
1.85925,-0.84175544922778,-0.29641544338407,3.1626223819078e-05,-2.9963209797083e-05
1.8595,-0.84566697246979,-0.28813386070174,3.2450897160091e-05,-3.0641698085253e-05
1.85975,-0.84945768932633,-0.27983680927359,3.326569482532e-05,-3.1341820159381e-05
1.86,-0.85312906368096,-0.27152570479775,3.4070292714663e-05,-3.2063497841841e-05
1.86025,-0.85668253010849,-0.26320191146132,3.4864358712495e-05,-3.2806653171227e-05
1.8605,-0.8601194942691,-0.25486674438837,3.5647552433423e-05,-3.3571207789215e-05
1.86075,-0.86344133332993,-0.24652147196894,3.6419524990601e-05,-3.4357082314632e-05
1.861,-0.86664939641013,-0.23816731807468,3.717991878725e-05,-3.5164195704619e-05
1.86125,-0.86974500504589,-0.22980546416687,3.7928367332089e-05,-3.5992464602824e-05
1.8615,-0.87272945367193,-0.22143705130162,3.866449507949e-05,-3.6841802674615e-05
1.86175,-0.87560401011689,-0.21306318203746,3.9387917295231e-05,-3.7712119929351e-05
1.862,-0.8783699161096,-0.20468492225,4.0098239948811e-05,-3.8603322029818e-05
1.86225,-0.88102838779409,-0.19630330285813,4.0795059633373e-05,-3.9515309589023e-05
1.8625,-0.88358061625102,-0.18791932146624,4.1477963514331e-05,-4.0447977454587e-05
1.86275,-0.88602776802369,-0.17953394392626,4.2146529307897e-05,-4.1401213981101e-05
1.863,-0.88837098564693,-0.17114810582376,4.2800325290732e-05,-4.2374900290891e-05
1.86325,-0.89061138817706,-0.16276271389172,4.3438910342026e-05,-4.3368909523718e-05
1.8635,-0.89275007172199,-0.1543786473554,4.4061834019372e-05,-4.4383106076105e-05
1.86375,-0.89478810996965,-0.14599675921197,4.4668636669799e-05,-4.5417344831031e-05
1.864,-0.89672655471417,-0.13761787744782,4.5258849577429e-05,-4.6471470378927e-05
1.86425,-0.89856643637856,-0.12924280619678,4.5831995149211e-05,-4.7545316230997e-05
1.8645,-0.90030876453295,-0.12087232684225,4.6387587140205e-05,-4.8638704026039e-05
1.86475,-0.901954528408,-0.11250719906571,4.6925130919937e-05,-4.9751442732105e-05
1.865,-0.90350469740233,-0.10414816184458,4.7444123781305e-05,-5.0883327844477e-05
1.86525,-0.90496022158386,-0.095795934401747,4.794405529353e-05,-5.2034140581591e-05
1.8655,-0.90632203218419,-0.087451217109121,4.842440770062e-05,-5.3203647080745e-05
1.86575,-0.90759104208585,-0.0791146923476,4.8884656366773e-05,-5.4391597595552e-05
1.866,-0.9087681463019,-0.070787025325544,4.9324270270098e-05,-5.5597725697301e-05
1.86625,-0.90985422244768,-0.062468864857699,4.9742712545976e-05,-5.6821747482584e-05
1.8665,-0.91085013120435,-0.054160844106727,5.0139441081278e-05,-5.806336078968e-05
1.86675,-0.9117567167741,-0.045863581288967,5.0513909160601e-05,-5.9322244426438e-05
1.867,-0.91257480732687,-0.037577680346262,5.0865566165517e-05,-6.0598057412532e-05
1.86725,-0.91330521543836,-0.029303731585644,5.1193858327733e-05,-6.1890438239157e-05
1.8675,-0.91394873851936,-0.021042312288172,5.1498229536896e-05,-6.3199004149462e-05
1.86775,-0.91450615923626,-0.012793987288737,5.1778122203591e-05,-6.4523350443102e-05
1.868,-0.91497824592271,-0.004559309528015,5.2032978177911e-05,-6.5863049808563e-05
1.86825,-0.91536575298252,0.0036611794219523,5.226223972374e-05,-6.7217651687013e-05
1.8685,-0.9156694212836,0.011866948857235,5.2465350548665e-05,-6.8586681671599e-05
1.86875,-0.91588997854332,0.020057478465485,5.2641756889177e-05,-6.9969640946269e-05
1.869,-0.91602813970492,0.028232257872084,5.279090865054e-05,-7.1366005768324e-05
1.86925,-0.91608460730543,0.03639078620786,5.2912260600415e-05,-7.2775226998976e-05
1.8695,-0.91606007183491,0.044532571697518,5.3005273614988e-05,-7.419672968636e-05
1.86975,-0.91595521208722,0.052657131267541,5.3069415976046e-05,-7.5629912705439e-05
1.87,-0.91577069550242,0.060763990172784,5.3104164717052e-05,-7.7074148459337e-05
1.87025,-0.91550717850089,0.068852681640814,5.3109007015927e-05,-7.852878264665e-05
1.8705,-0.91516530680928,0.076922746533094,5.3083441631832e-05,-7.9993134099253e-05
1.87075,-0.91474571577846,0.084973733022295,5.302698038287e-05,-8.1466494695128e-05
1.871,-0.91424903069355,0.09300519628491,5.2939149661176e-05,-8.2948129350614e-05
1.87125,-0.9136758670762,0.10101669820838,5.2819491981489e-05,-8.4437276096401e-05
1.8715,-0.91302683097927,0.10900780711222,5.2667567558826e-05,-8.5933146241462e-05
1.87175,-0.912302519274,0.11697809748219,5.2482955910472e-05,-8.7434924628864e-05
1.872,-0.91150351992991,0.12492714971723,5.2265257477078e-05,-8.8941769987257e-05
1.87225,-0.91063041228743,0.13285454988831,5.2014095257217e-05,-9.04528153815e-05
1.8725,-0.90968376732362,0.14075988950862,5.1729116449336e-05,-9.1967168765595e-05
1.87275,-0.90866414791087,0.14864276531477,5.140999409466e-05,-9.3483913640748e-05
1.873,-0.90757210906902,0.15650277905834,5.1056428714196e-05,-9.5002109820964e-05
1.87325,-0.90640819821075,0.1643395373072,5.0668149932649e-05,-9.6520794308103e-05
1.8735,-0.90517295538063,0.17215265125634,5.0244918081707e-05,-9.8038982277904e-05
1.87375,-0.90386691348789,0.17994173654771,4.9786525774882e-05,-9.9555668177866e-05
1.874,-0.902490598533,0.18770641309842,4.9292799445802e-05,-0.00010106982693735
1.87425,-0.90104452982826,0.19544630493737,4.8763600841674e-05,-0.00010258041528967
1.8745,-0.89952922021266,0.20316104004935,4.8198828463412e-05,-0.00010408637320515
1.87475,-0.89794517626083,0.21085025022678,4.7598418943882e-05,-0.00010558662543379
1.875,-0.89629289848663,0.21851357092844,4.6962348355583e-05,-0.00010708008315489
1.87525,-0.89457288154119,0.22615064114482,4.6290633439147e-05,-0.00010856564573103
1.8755,-0.89278561440573,0.23376110327014,4.5583332744073e-05,-0.00011004220256225
1.87575,-0.89093158057918,0.24134460298019,4.4840547673265e-05,-0.00011150863503613
1.876,-0.8890112582608,0.24890078911627,4.4062423423142e-05,-0.00011296381856851
1.87625,-0.88702512052793,0.25642931357456,4.3249149811371e-05,-0.00011440662472864
1.8765,-0.88497363550897,0.26392983120084,4.2400961984647e-05,-0.00011583592344217
1.87675,-0.88285726655167,0.27140199969032,4.1518140999331e-05,-0.00011725058526437
1.877,-0.88067647238698,0.27884547949221,4.0601014268299e-05,-0.00011864948371548
1.87725,-0.87843170728846,0.28625993371902,3.9649955867923e-05,-0.00012003149766925
1.8775,-0.87612342122742,0.29364502806018,3.8665386699722e-05,-0.00012139551378522
1.87775,-0.87375206002393,0.30100043069992,3.7647774501963e-05,-0.00012274042897481
1.878,-0.87131806549371,0.3083258122391,3.6597633707258e-05,-0.00012406515289048
1.87825,-0.86882187559113,0.31562084562094,3.5515525143012e-05,-0.00012536861042722
1.8785,-0.8662639245484,0.32288520606034,3.4402055572495e-05,-0.0001266497442247
1.87875,-0.86364464301092,0.33011857097678,3.3257877075198e-05,-0.0001279075171588
1.879,-0.86096445816918,0.3373206199304,3.2083686266123e-05,-0.00012914091481036
1.87925,-0.85822379388695,0.34449103456138,3.0880223354627e-05,-0.0001303489478993
1.8795,-0.85542307082615,0.35162949853239,2.9648271044456e-05,-0.00013153065467216
1.87975,-0.8525627065684,0.35873569747379,2.8388653277627e-05,-0.00013268510323102
1.88,-0.84964311573321,0.36580931893172,2.7102233825812e-05,-0.00013381139379214
1.88025,-0.84666471009315,0.3728500523188,2.5789914733901e-05,-0.00013490866086267
1.8805,-0.84362789868589,0.37985758886732,2.4452634621412e-05,-0.00013597607532454
1.88075,-0.84053308792327,0.3868316215849,2.3091366848325e-05,-0.00013701284641451
1.881,-0.83738068169748,0.39377184521244,2.1707117552877e-05,-0.0001380182235905
1.88125,-0.83417108148441,0.40067795618421,2.0300923569706e-05,-0.00013899149827457
1.8815,-0.83090468644432,0.40754965259015,1.8873850237473e-05,-0.00013993200546375
1.88175,-0.8275818935198,0.41438663414004,1.7426989105931e-05,-0.00014083912520068
1.882,-0.82420309753115,0.42118860212972,1.5961455552944e-05,-0.00014171228389698
1.88225,-0.82076869126928,0.42795525940911,1.4478386322613e-05,-0.00014255095550295
1.8825,-0.81727906558619,0.43468631035191,1.2978936996131e-05,-0.00014335466251846
1.88275,-0.81373460948299,0.44138146082701,1.1464279407339e-05,-0.00014412297684068
1.883,-0.81013571019575,0.44804041817162,9.9355990152976e-06,-0.00014485552044531
1.88325,-0.80648275327902,0.4546628911657,8.3940922463547e-06,-0.0001455519658993
1.8835,-0.8027761226872,0.46124859000807,6.840963818261e-06,-0.0001462120367037
1.88375,-0.79901620085386,0.46779722629377,5.2774240589348e-06,-0.00014683550746675
1.884,-0.7952033687689,0.47430851299286,3.7046862322933e-06,-0.00014742220390803
1.88425,-0.79133800605386,0.4807821644304,2.1239638834122e-06,-0.00014797200269578
1.8845,-0.78742049103518,0.48721789626773,5.3646821497541e-07,-0.00014848483112034
1.88475,-0.78345120081564,0.4936154254849,-1.0565944934524e-06,-0.00014896066660757
1.885,-0.779430511344,0.49997447036418,-2.6540254122287e-06,-0.00014939953607726
1.88525,-0.7753587974828,0.5062947504747,-4.2546356239577e-06,-0.00014980151515209
1.8855,-0.77123643307455,0.51257598665804,-5.8572485114469e-06,-0.00015016672722371
1.88575,-0.76706379100612,0.51881790101488,-7.4607020620104e-06,-0.00015049534238302
1.886,-0.76284124327166,0.52502021689249,-9.0638510796386e-06,-0.00015078757622262
1.88625,-0.7585691610338,0.53118265887326,-1.0665569297285e-05,-0.00015104368851971
1.8865,-0.75424791468348,0.53730495276389,-1.2264751382326e-05,-0.00015126398180831
1.88675,-0.74987787389815,0.54338682558561,-1.3860314829149e-05,-0.00015144879985017
1.887,-0.74545940769862,0.54942800556502,-1.5451201733585e-05,-0.00015159852601382
1.88725,-0.74099288450457,0.55542822212577,-1.7036380444863e-05,-0.0001517135815716
1.8875,-0.73647867218853,0.56138720588096,-1.8614847091561e-05,-0.00015179442392461
1.88775,-0.73191713812872,0.5673046886262,-2.0185626978903e-05,-0.00015184154476572
1.888,-0.72730864926058,0.57318040333333,-2.1747775855626e-05,-0.00015185546819035
1.88825,-0.72265357212695,0.57901408414485,-2.3300381049414e-05,-0.00015183674876526
1.8885,-0.71795227292722,0.58480546636883,-2.4842562470701e-05,-0.00015178596956488
1.88875,-0.71320511756521,0.59055428647452,-2.6373473485431e-05,-0.00015170374018484
1.889,-0.70841247169594,0.59626028208848,-2.789230165804e-05,-0.00015159069474193
1.88925,-0.70357470077131,0.60192319199123,-2.9398269366607e-05,-0.00015144748986943
1.8895,-0.69869217008475,0.60754275611446,-3.0890634292776e-05,-0.0001512748027163
1.88975,-0.6937652448148,0.61311871553868,-3.2368689789571e-05,-0.00015107332895852
1.89,-0.68879429006774,0.6186508124914,-3.38317651308e-05,-0.00015084378083011
1.89025,-0.68377967091916,0.62413879034576,-3.5279225646184e-05,-0.00015058688518108
1.8905,-0.67872175245471,0.62958239361959,-3.6710472746749e-05,-0.00015030338156898
1.89075,-0.67362089980987,0.63498136797487,-3.8124943845415e-05,-0.00014999402039031
1.891,-0.66847747820887,0.64033546021766,-3.9522112177967e-05,-0.00014965956105722
1.89125,-0.66329185300273,0.6456444182984,-4.09014865299e-05,-0.00014930077022478
1.8915,-0.65806438970647,0.65090799131257,-4.2262610874768e-05,-0.00014891842007324
1.89175,-0.65279545403561,0.65612592950173,-4.3605063929852e-05,-0.00014851328664934
1.892,-0.64748541194175,0.66129798425494,-4.4928458635054e-05,-0.00014808614827002
1.89225,-0.64213462964748,0.66642390811053,-4.623244156097e-05,-0.00014763778399163
1.8925,-0.6367434736806,0.67150345475809,-4.7516692252098e-05,-0.00014716897214699
1.89275,-0.63131231090755,0.67653637904099,-4.8780922511129e-05,-0.00014668048895218
1.893,-0.62584150856622,0.681522436959,-5.0024875630191e-05,-0.00014617310718462
1.89325,-0.62033143429808,0.68646138567137,-5.1248325574807e-05,-0.00014564759493353
1.8935,-0.61478245617962,0.69135298350013,-5.2451076126229e-05,-0.00014510471442315
1.89375,-0.60919494275333,0.69619698993364,-5.3632959987613e-05,-0.00014454522090916
1.894,-0.60356926305787,0.70099316563056,-5.4793837859366e-05,-0.00014396986164806
1.89425,-0.59790578665782,0.70574127242396,-5.5933597488776e-05,-0.00014337937493897
1.8945,-0.59220488367282,0.71044107332568,-5.7052152698799e-05,-0.00014277448923708
1.89475,-0.58646692480613,0.71509233253115,-5.8149442400709e-05,-0.00014215592233769
1.895,-0.58069228137277,0.71969481542418,-5.9225429595002e-05,-0.00014152438062937
1.89525,-0.57488132532705,0.72424828858222,-6.0280100364768e-05,-0.00014088055841485
1.8955,-0.56903442928962,0.72875251978181,-6.1313462865443e-05,-0.00014022513729763
1.89575,-0.56315196657416,0.73320727800414,-6.2325546314604e-05,-0.00013955878563257
1.896,-0.55723431121349,0.73761233344109,-6.3316399985243e-05,-0.00013888215803818
1.89625,-0.55128183798527,0.74196745750127,-6.4286092205661e-05,-0.00013819589496847
1.8965,-0.54529492243733,0.74627242281643,-6.5234709368876e-05,-0.00013750062234201
1.89675,-0.53927394091254,0.75052700324802,-6.616235495422e-05,-0.00013679695122573
1.897,-0.53321927057329,0.75473097389407,-6.7069148563498e-05,-0.00013608547757105
1.89725,-0.52713128942559,0.75888411109615,-6.7955224973908e-05,-0.00013536678199975
1.8975,-0.5210103763428,0.76298619244671,-6.8820733209636e-05,-0.00013464142963705
1.89775,-0.51485691108904,0.76703699679649,-6.966583563384e-05,-0.00013390996998932
1.898,-0.50867127434222,0.77103630426228,-7.0490707062543e-05,-0.00013317293686396
1.89825,-0.50245384771672,0.77498389623483,-7.1295533901712e-05,-0.00013243084832873
1.8985,-0.49620501378581,0.77887955538687,-7.2080513308629e-05,-0.00013168420670816
1.89875,-0.4899251561037,0.78272306568169,-7.2845852378505e-05,-0.00013093349861455
1.899,-0.48361465922737,0.78651421238147,-7.3591767357034e-05,-0.00013017919501109
1.89925,-0.47727390873806,0.79025278205619,-7.4318482879542e-05,-0.00012942175130479
1.8995,-0.47090329126245,0.79393856259263,-7.5026231237114e-05,-0.00012866160746685
1.89975,-0.46450319449369,0.79757134320354,-7.5715251670041e-05,-0.00012789918817836
1.9,-0.45807400721208,0.80115091443713,-7.6385789688734e-05,-0.00012713490299905
1.90025,-0.45161611930552,0.80467706818667,-7.7038096422178e-05,-0.00012636914655712
1.9005,-0.44512992178976,0.80814959770046,-7.7672427993857e-05,-0.00012560229875805
1.90075,-0.43861580682839,0.81156829759183,-7.8289044925007e-05,-0.00012483472501065
1.901,-0.43207416775261,0.81493296384958,-7.8888211564963e-05,-0.00012406677646835
1.90125,-0.42550539908085,0.81824339384844,-7.9470195548248e-05,-0.00012329879028414
1.9015,-0.41890989653806,0.82149938635992,-8.0035267278063e-05,-0.00012253108987737
1.90175,-0.41228805707497,0.82470074156332,-8.0583699435663e-05,-0.00012176398521111
1.902,-0.40564027888702,0.827847261057,-8.1115766515153e-05,-0.00012099777307823
1.90225,-0.39896696143314,0.83093874786988,-8.163174438313e-05,-0.00012023273739521
1.9025,-0.39226850545449,0.83397500647309,-8.2131909862552e-05,-0.00011946914950207
1.90275,-0.3855453129928,0.83695584279211,-8.2616540340226e-05,-0.00011870726846739
1.903,-0.37879778740874,0.83988106421888,-8.3085913397232e-05,-0.0001179473413972
1.90325,-0.37202633340004,0.84275047962433,-8.3540306461586e-05,-0.00011718960374675
1.9035,-0.3652313570195,0.84556389937112,-8.3979996482465e-05,-0.00011643427963403
1.90375,-0.35841326569282,0.84832113532663,-8.4405259625227e-05,-0.00011568158215439
1.904,-0.35157246823633,0.85102200087622,-8.481637098654e-05,-0.00011493171369511
1.90425,-0.34470937487454,0.8536663109368,-8.5213604328841e-05,-0.00011418486624943
1.9045,-0.3378243972576,0.85625388197057,-8.559723183342e-05,-0.00011344122172916
1.90475,-0.33091794847859,0.85878453199917,-8.5967523871362e-05,-0.00011270095227525
1.905,-0.32399044309074,0.86125808061797,-8.6324748791636e-05,-0.00011196422056577
1.90525,-0.31704229712449,0.86367434901079,-8.6669172725575e-05,-0.00011123118012082
1.9055,-0.3100739281044,0.86603315996481,-8.7001059407062e-05,-0.00011050197560375
1.90575,-0.30308575506606,0.86833433788582,-8.7320670007675e-05,-0.00010977674311834
1.906,-0.2960781985728,0.87057770881371,-8.7628262986125e-05,-0.00010905561050161
1.90625,-0.28905168073225,0.87276310043841,-8.792409395129e-05,-0.00010833869761185
1.9065,-0.28200662521294,0.87489034211596,-8.8208415538171e-05,-0.00010762611661153
1.90675,-0.27494345726065,0.87695926488504,-8.8481477296143e-05,-0.00010691797224501
1.907,-0.2678626037147,0.87896970148379,-8.8743525588842e-05,-0.00010621436211057
1.90725,-0.26076449302429,0.88092148636686,-8.8994803505083e-05,-0.00010551537692687
1.9075,-0.2536495552644,0.88281445572295,-8.9235550780218e-05,-0.0001048211007934
1.90775,-0.24651822215196,0.88464844749262,-8.9466003727347e-05,-0.00010413161144496
1.908,-0.2393709270617,0.88642330138638,-8.9686395177831e-05,-0.00010344698050008
1.90825,-0.23220810504191,0.88813885890329,-8.989695443056e-05,-0.00010276727370314
1.9085,-0.22503019283024,0.88979496334975,-9.0097907209464e-05,-0.0001020925511604
1.90875,-0.21783762886926,0.8913914598588,-9.0289475628776e-05,-0.00010142286756959
1.909,-0.21063085332196,0.89292819540967,-9.0471878165539e-05,-0.00010075827244339
1.90925,-0.20341030808723,0.89440501884782,-9.0645329638939e-05,-0.00010009881032644
1.9095,-0.19617643681508,0.89582178090529,-9.0810041195983e-05,-9.9444521006289e-05
1.90975,-0.18892968492192,0.89717833422147,-9.0966220303127e-05,-9.879543971793e-05
1.91,-0.18167049960562,0.89847453336428,-9.1114070743443e-05,-9.8151597342305e-05
1.91025,-0.17439932986054,0.89971023485169,-9.1253792618939e-05,-9.7513020598609e-05
1.9105,-0.16711662649242,0.90088529717379,-9.1385582357663e-05,-9.6879732230574e-05
1.91075,-0.15982284213312,0.90199958081513,-9.1509632725251e-05,-9.6251751186778e-05
1.911,-0.15251843125537,0.90305294827756,-9.1626132840583e-05,-9.5629092795078e-05
1.91125,-0.14520385018725,0.90404526410354,-9.173526819522e-05,-9.5011768931255e-05
1.9115,-0.13787955712664,0.90497639489976,-9.1837220676343e-05,-9.4399788181969e-05
1.91175,-0.13054601215554,0.90584620936138,-9.1932168592892e-05,-9.3793156002143e-05
1.912,-0.12320367725426,0.90665457829662,-9.202028670465e-05,-9.3191874866879e-05
1.91225,-0.11585301631545,0.90740137465177,-9.2101746253999e-05,-9.2595944418011e-05
1.9125,-0.10849449515806,0.90808647353682,-9.2176715000134e-05,-9.200536160544e-05
1.91275,-0.10112858154105,0.9087097522514,-9.2245357255476e-05,-9.1420120823344e-05
1.913,-0.093755745177074,0.90927109031131,-9.2307833924098e-05,-9.0840214041403e-05
1.91325,-0.086376457745975,0.90977036947556,-9.2364302541947e-05,-9.0265630931153e-05
1.9135,-0.078991192908042,0.91020747377376,-9.2414917318666e-05,-8.9696358987604e-05
1.91375,-0.071600426317235,0.91058228953418,-9.245982918086e-05,-8.9132383646244e-05
1.914,-0.06420463563416,0.91089470541228,-9.2499185816609e-05,-8.8573688395547e-05
1.91425,-0.056804300538875,0.91114461241966,-9.2533131721097e-05,-8.8020254885123e-05
1.9145,-0.049399902743573,0.91133190395369,-9.2561808243188e-05,-8.7472063029628e-05
1.91475,-0.041991926004964,0.91145647582754,-9.2585353632822e-05,-8.6929091108566e-05
1.915,-0.034580856136581,0.91151822630087,-9.2603903089108e-05,-8.6391315862087e-05
1.91525,-0.027167181020816,0.91151705611096,-9.2617588808966e-05,-8.5858712582937e-05
1.9155,-0.019751390620729,0.91145286850448,-9.2626540036245e-05,-8.5331255204639e-05
1.91575,-0.012333976991707,0.91132556926975,-9.2630883111172e-05,-8.4808916386063e-05
1.916,-0.0049154342928258,0.91113506676966,-9.263074152007e-05,-8.4291667592475e-05
1.91625,0.0025037412020282,0.91088127197507,-9.2626235945224e-05,-8.3779479173189e-05
1.9165,0.0099230510932054,0.91056409849887,-9.2617484314832e-05,-8.327232043594e-05
1.91675,0.017341994844721,0.9101834626306,-9.2604601852953e-05,-8.2770159718081e-05
1.917,0.024760069773812,0.90973928337164,-9.2587701129385e-05,-8.2272964454716e-05
1.91725,0.032176771040898,0.90923148247107,-9.2566892109402e-05,-8.1780701243873e-05
1.9175,0.039591591639775,0.90865998446209,-9.2542282203292e-05,-8.1293335908821e-05
1.91775,0.047004022388089,0.90802471669906,-9.2513976315642e-05,-8.0810833557641e-05
1.918,0.054413551918178,0.9073256093952,-9.2482076894306e-05,-8.0333158640129e-05
1.91825,0.061819666668183,0.90656259566089,-9.2446683979036e-05,-7.9860275002148e-05
1.9185,0.06922185087353,0.9057356115426,-9.2407895249696e-05,-7.9392145937516e-05
1.91875,0.076619586558777,0.9048445960625,-9.2365806074055e-05,-7.8928734237509e-05
1.919,0.084012353529763,0.90388949125867,-9.2320509555099e-05,-7.8470002238091e-05
1.91925,0.091399629366181,0.90287024222601,-9.2272096577847e-05,-7.8015911864935e-05
1.9195,0.09878088941456,0.9017867971578,-9.2220655855628e-05,-7.7566424676327e-05
1.91975,0.10615560678156,0.9006391073879,-9.2166273975805e-05,-7.7121501904043e-05
1.92,0.1135232523278,0.89942712743362,-9.2109035444915e-05,-7.6681104492257e-05
1.92025,0.12088329466205,0.89815081503934,-9.2049022733213e-05,-7.6245193134574e-05
1.9205,0.12823520013584,0.8968101312207,-9.1986316318592e-05,-7.581372830926e-05
1.92075,0.13557843283867,0.89540504030957,-9.1920994729875e-05,-7.5386670312724e-05
1.921,0.1429124545935,0.89393550999966,-9.1853134589457e-05,-7.4963979291345e-05
1.92125,0.15023672495291,0.89240151139284,-9.1782810655286e-05,-7.4545615271693e-05
1.9215,0.15755070119571,0.89080301904616,-9.1710095862185e-05,-7.4131538189212e-05
1.92175,0.16485383832404,0.88914001101957,-9.1635061362492e-05,-7.3721707915432e-05
1.922,0.17214558906108,0.88741246892435,-9.155777656602e-05,-7.3316084283772e-05
1.92225,0.17942540384929,0.88562037797225,-9.1478309179338e-05,-7.2914627113982e-05
1.9225,0.18669273084923,0.88376372702536,-9.1396725244354e-05,-7.2517296235285e-05
1.92275,0.193947015939,0.88184250864663,-9.1313089176212e-05,-7.212405150828e-05
1.923,0.20118770271432,0.87985671915122,-9.1227463800506e-05,-7.173485284565e-05
1.92325,0.20841423248922,0.87780635865847,-9.1139910389789e-05,-7.1349660231722e-05
1.9235,0.21562604429733,0.87569143114465,-9.1050488699404e-05,-7.0968433740945e-05
1.92375,0.22282257489406,0.8735119444964,-9.0959257002627e-05,-7.0591133555306e-05
1.924,0.23000325875914,0.87126791056495,-9.0866272125124e-05,-7.0217719980759e-05
1.92425,0.2371675281003,0.86895934522099,-9.0771589478729e-05,-6.984815346268e-05
1.9245,0.24431481285726,0.8665862684103,-9.0675263094554e-05,-6.9482394600419e-05
1.92475,0.25144454070693,0.8641487042102,-9.0577345655419e-05,-6.9120404160964e-05
1.925,0.25855613706891,0.86164668088653,-9.047788852763e-05,-6.8762143091772e-05
1.92525,0.26564902511233,0.85908023095155,-9.0376941792094e-05,-6.8407572532797e-05
1.9255,0.27272262576296,0.85644939122244,-9.0274554274784e-05,-6.805665382775e-05
1.92575,0.27977635771176,0.85375420288059,-9.0170773576569e-05,-6.7709348534636e-05
1.926,0.28680963742381,0.85099471153157,-9.0065646102399e-05,-6.7365618435579e-05
1.92625,0.29382187914838,0.84817096726589,-8.9959217089876e-05,-6.7025425545993e-05
1.9265,0.30081249493004,0.84528302472036,-8.9851530637191e-05,-6.6688732123106e-05
1.92675,0.30778089462036,0.84233094314023,-8.9742629730471e-05,-6.6355500673885e-05
1.927,0.31472648589102,0.83931478644214,-8.9632556270508e-05,-6.6025693962379e-05
1.92725,0.32164867424757,0.83623462327752,-8.9521351098908e-05,-6.5699275016506e-05
1.9275,0.32854686304443,0.83309052709693,-8.9409054023655e-05,-6.5376207134318e-05
1.92775,0.33542045350088,0.82988257621501,-8.9295703844097e-05,-6.5056453889762e-05
1.928,0.34226884471804,0.82661085387607,-8.9181338375379e-05,-6.4739979137967e-05
1.92825,0.34909143369726,0.82327544832038,-8.9065994472313e-05,-6.4426747020066e-05
1.9285,0.35588761535917,0.81987645285125,-8.8949708052706e-05,-6.4116721967598e-05
1.92875,0.36265678256434,0.81641396590259,-8.8832514120158e-05,-6.3809868706486e-05
1.929,0.36939832613491,0.81288809110719,-8.8714446786334e-05,-6.3506152260631e-05
1.92925,0.37611163487742,0.80929893736576,-8.8595539292714e-05,-6.3205537955127e-05
1.9295,0.38279609560712,0.80564661891642,-8.8475824031846e-05,-6.2907991419126e-05
1.92975,0.38945109317307,0.80193125540502,-8.83553325681e-05,-6.261347858836e-05
1.93,0.39607601048521,0.7981529719558,-8.8234095657937e-05,-6.2321965707354e-05
1.93025,0.40267022854225,0.79431189924295,-8.8112143269701e-05,-6.2033419331321e-05
1.9305,0.40923312646091,0.79040817356259,-8.7989504602943e-05,-6.1747806327779e-05
1.93075,0.41576408150712,0.78644193690529,-8.786620810729e-05,-6.1465093877891e-05
1.931,0.42226246912795,0.78241333702925,-8.7742281500864e-05,-6.1185249477549e-05
1.93125,0.42872766298542,0.778322527534,-8.7617751788261e-05,-6.0908240938205e-05
1.9315,0.43515903499168,0.77416966793459,-8.7492645278109e-05,-6.0634036387475e-05
1.93175,0.4415559553455,0.76995492373628,-8.736698760019e-05,-6.0362604269526e-05
1.932,0.44791779257083,0.76567846650983,-8.7240803722169e-05,-6.0093913345244e-05
1.93225,0.45424391355644,0.76134047396708,-8.7114117965902e-05,-5.9827932692217e-05
1.9325,0.4605336835972,0.75694113003716,-8.6986954023369e-05,-5.9564631704526e-05
1.93275,0.46678646643737,0.75248062494297,-8.6859334972204e-05,-5.9303980092356e-05
1.933,0.47300162431512,0.7479591552783,-8.6731283290862e-05,-5.9045947881454e-05
1.93325,0.47917851800912,0.74337692408498,-8.660282087341e-05,-5.879050541242e-05
1.9335,0.48531650688651,0.73873414093076,-8.6473969043961e-05,-5.853762333985e-05
1.93375,0.49141494895298,0.73403102198732,-8.6344748570759e-05,-5.8287272631353e-05
1.934,0.49747320090434,0.7292677901086,-8.6215179679913e-05,-5.8039424566423e-05
1.93425,0.50349061818015,0.72444467490949,-8.6085282068802e-05,-5.7794050735199e-05
1.9345,0.50946655501902,0.7195619128447,-8.5955074919147e-05,-5.7551123037106e-05
1.93475,0.51540036451582,0.71461974728796,-8.5824576909768e-05,-5.7310613679389e-05
1.935,0.52129139868125,0.70961842861121,-8.569380622902e-05,-5.7072495175546e-05
1.93525,0.52713900850231,0.70455821426427,-8.5562780586932e-05,-5.6836740343668e-05
1.9355,0.53294254400602,0.69943936885431,-8.5431517227042e-05,-5.6603322304694e-05
1.93575,0.53870135432427,0.69426216422568,-8.5300032937937e-05,-5.6372214480573e-05
1.936,0.544414787761,0.68902687953956,-8.5168344064521e-05,-5.6143390592366e-05
1.93625,0.55008219186155,0.68373380135393,-8.5036466518989e-05,-5.5916824658265e-05
1.9365,0.55570291348386,0.67838322370323,-8.4904415791544e-05,-5.5692490991551e-05
1.93675,0.56127629887174,0.6729754481783,-8.4772206960838e-05,-5.5470364198486e-05
1.937,0.56680169373116,0.66751078400573,-8.4639854704164e-05,-5.5250419176163e-05
1.93725,0.57227844330734,0.66198954812778,-8.4507373307387e-05,-5.5032631110287e-05
1.9375,0.57770589246513,0.65641206528134,-8.4374776674636e-05,-5.4816975472917e-05
1.93775,0.58308338577124,0.65077866807742,-8.4242078337752e-05,-5.4603428020167e-05
1.938,0.58841026757865,0.64508969707987,-8.4109291465504e-05,-5.4391964789864e-05
1.93825,0.59368588211388,0.63934550088384,-8.3976428872574e-05,-5.418256209917e-05
1.9385,0.59890957356524,0.63354643619435,-8.3843503028321e-05,-5.397519654217e-05
1.93875,0.60408068617544,0.6276928679038,-8.3710526065326e-05,-5.3769844987437e-05
1.939,0.60919856433484,0.62178516916929,-8.3577509787728e-05,-5.3566484575565e-05
1.93925,0.61426255267763,0.6158237214899,-8.3444465679347e-05,-5.3365092716682e-05
1.9395,0.61927199618095,0.60980891478256,-8.3311404911609e-05,-5.316564708794e-05
1.93975,0.62422624026586,0.60374114745787,-8.317833835128e-05,-5.2968125630992e-05
1.94,0.629124630901,0.59762082649524,-8.3045276567994e-05,-5.2772506549449e-05
1.94025,0.63396651470845,0.59144836751712,-8.2912229841604e-05,-5.2578768306329e-05
1.9405,0.63875123907283,0.58522419486246,-8.2779208169352e-05,-5.2386889621491e-05
1.94075,0.64347815225187,0.57894874165951,-8.2646221272851e-05,-5.2196849469064e-05
1.941,0.64814660349074,0.5726224498975,-8.2513278604903e-05,-5.2008627074869e-05
1.94125,0.65275594313776,0.56624577049747,-8.2380389356144e-05,-5.1822201913837e-05
1.9415,0.65730552276358,0.55981916338204,-8.2247562461521e-05,-5.1637553707427e-05
1.94175,0.66179469528236,0.55334309754429,-8.2114806606613e-05,-5.1454662421034e-05
1.942,0.66622281507615,0.54681805111496,-8.1982130233794e-05,-5.1273508261411e-05
1.94225,0.67058923812124,0.54024451142897,-8.184954154824e-05,-5.1094071674084e-05
1.9425,0.67489332211743,0.53362297509055,-8.1717048523788e-05,-5.0916333340778e-05
1.94275,0.67913442662035,0.52695394803655,-8.1584658908652e-05,-5.0740274176836e-05
1.943,0.6833119131756,0.52023794559894,-8.1452380230997e-05,-5.0565875328664e-05
1.94325,0.68742514545626,0.51347549256536,-8.1320219804369e-05,-5.0393118171164e-05
1.9435,0.69147348940262,0.50666712323835,-8.1188184732996e-05,-5.0221984305187e-05
1.94375,0.69545631336492,0.4998133814927,-8.1056281916959e-05,-5.0052455554999e-05
1.944,0.69937298824844,0.49291482083127,-8.0924518057228e-05,-4.9884513965743e-05
1.94425,0.70322288766141,0.48597200443879,-8.0792899660579e-05,-4.971814180093e-05
1.9445,0.70700538806561,0.478985505234,-8.0661433044388e-05,-4.9553321539936e-05
1.94475,0.71071986892947,0.47195590591973,-8.0530124341302e-05,-4.9390035875504e-05
1.945,0.71436571288419,0.46488379903072,-8.0398979503803e-05,-4.9228267711277e-05
1.94525,0.71794230588199,0.45776978697959,-8.0268004308653e-05,-4.9068000159335e-05
1.9455,0.72144903735725,0.45061448210069,-8.0137204361226e-05,-4.8909216537746e-05
1.94575,0.72488530039061,0.44341850669105,-8.0006585099744e-05,-4.8751900368144e-05
1.946,0.72825049187496,0.43618249304975,-7.9876151799396e-05,-4.8596035373314e-05
1.94625,0.73154401268463,0.42890708351411,-7.9745909576364e-05,-4.8441605474798e-05
1.9465,0.73476526784691,0.42159293049389,-7.9615863391746e-05,-4.8288594790521e-05
1.94675,0.73791366671609,0.4142406965024,-7.9486018055382e-05,-4.8136987632431e-05
1.947,0.74098862315016,0.40685105418516,-7.9356378229589e-05,-4.7986768504163e-05
1.94725,0.74398955568997,0.39942468634562,-7.9226948432797e-05,-4.7837922098717e-05
1.9475,0.74691588774073,0.39196228596803,-7.9097733043106e-05,-4.7690433296159e-05
1.94775,0.74976704775622,0.38446455623717,-7.8968736301746e-05,-4.7544287161343e-05
1.948,0.75254246942508,0.37693221055529,-7.8839962316454e-05,-4.7399468941645e-05
1.94825,0.75524159185982,0.3693659725555,-7.8711415064773e-05,-4.7255964064731e-05
1.9485,0.75786385978788,0.36176657611214,-7.8583098397266e-05,-4.7113758136333e-05
1.94875,0.7604087237452,0.3541347653477,-7.845501604065e-05,-4.6972836938052e-05
1.949,0.76287564027186,0.34647129463624,-7.8327171600853e-05,-4.6833186425182e-05
1.94925,0.76526407211004,0.3387769286034,-7.8199568566004e-05,-4.6694792724553e-05
1.9495,0.7675734884041,0.33105244212262,-7.8072210309338e-05,-4.6557642132396e-05
1.94975,0.76980336490271,0.3232986203077,-7.7945100092035e-05,-4.6421721112229e-05
1.95,0.77195318416308,0.31551625850151,-7.7818241065995e-05,-4.6287016292768e-05
