1.7,0.61546360697139,0.75526464491411,-2.7223818164916e-05,1.3713925757383e-05
1.70025,0.62005324867039,0.75147039071821,-2.7163050949384e-05,1.38644403427e-05
1.7005,0.62461995672207,0.74764773769638,-2.7101988015094e-05,1.4015303520563e-05
1.70075,0.62916355261252,0.74379682271103,-2.7040626546046e-05,1.4166508970456e-05
1.701,0.63368385864529,0.73991778373066,-2.6978963626764e-05,1.4318050346427e-05
1.70125,0.63818069794777,0.73601075982512,-2.6916996242941e-05,1.4469921278962e-05
1.7015,0.64265389447754,0.73207589116069,-2.6854721282137e-05,1.4622115376823e-05
1.70175,0.64710327302868,0.72811331899521,-2.679213553454e-05,1.4774626228858e-05
1.702,0.65152865923807,0.72412318567316,-2.672923569378e-05,1.4927447405788e-05
1.70225,0.65592987959165,0.72010563462072,-2.6666018357799e-05,1.508057246195e-05
1.7025,0.66030676143067,0.71606081034079,-2.6602480029771e-05,1.5233994937017e-05
1.70275,0.6646591329579,0.71198885840798,-2.6538617119077e-05,1.5387708357676e-05
1.703,0.6689868232438,0.70788992546357,-2.6474425942332e-05,1.5541706239277e-05
1.70325,0.67328966223272,0.70376415921045,-2.6409902724455e-05,1.5695982087436e-05
1.7035,0.67756748074903,0.69961170840802,-2.6345043599789e-05,1.5850529399607e-05
1.70375,0.68182011050316,0.69543272286707,-2.6279844613269e-05,1.600534166661e-05
1.704,0.68604738409781,0.69122735344459,-2.6214301721631e-05,1.6160412374123e-05
1.70425,0.69024913503387,0.68699575203866,-2.6148410794663e-05,1.6315735004125e-05
1.7045,0.69442519771655,0.68273807158315,-2.6082167616502e-05,1.6471303036303e-05
1.70475,0.69857540746134,0.67845446604253,-2.601556788696e-05,1.6627109949417e-05
1.705,0.70269960049999,0.67414509040659,-2.59486072229e-05,1.6783149222612e-05
1.70525,0.70679761398647,0.66981010068512,-2.5881281159638e-05,1.6939414336698e-05
1.7055,0.71086928600288,0.66544965390258,-2.5813585152383e-05,1.7095898775373e-05
1.70575,0.71491445556532,0.66106390809276,-2.5745514577709e-05,1.7252596026409e-05
1.706,0.71893296262984,0.65665302229339,-2.567706473506e-05,1.7409499582788e-05
1.70625,0.72292464809819,0.65221715654068,-2.5608230848276e-05,1.7566602943791e-05
1.7065,0.72688935382366,0.64775647186393,-2.5539008067159e-05,1.772389961604e-05
1.70675,0.73082692261691,0.64327113028,-2.5469391469054e-05,1.7881383114499e-05
1.707,0.73473719825165,0.63876129478786,-2.5399376060457e-05,1.8039046963419e-05
1.70725,0.73862002547046,0.63422712936299,-2.5328956778648e-05,1.8196884697237e-05
1.7075,0.7424752499904,0.62966879895189,-2.5258128493342e-05,1.8354889861438e-05
1.70775,0.74630271850875,0.62508646946643,-2.5186886008361e-05,1.8513056013353e-05
1.708,0.75010227870862,0.62048030777827,-2.5115224063321e-05,1.8671376722923e-05
1.70825,0.7538737792646,0.61585048171317,-2.5043137335335e-05,1.8829845573408e-05
1.7085,0.7576170698483,0.61119716004536,-2.4970620440736e-05,1.8988456162053e-05
1.70875,0.76133200113398,0.6065205124918,-2.4897667936802e-05,1.9147202100706e-05
1.709,0.76501842480402,0.60182070970646,-2.4824274323504e-05,1.9306077016389e-05
1.70925,0.76867619355445,0.59709792327458,-2.4750434045257e-05,1.9465074551818e-05
1.7095,0.77230516110044,0.59235232570682,-2.4676141492676e-05,1.9624188365888e-05
1.70975,0.7759051821817,0.58758409043351,-2.4601391004352e-05,1.9783412134103e-05
1.71,0.77947611256796,0.58279339179876,-2.4526176868616e-05,1.9942739548962e-05
1.71025,0.78301780906431,0.5779804050546,-2.4450493325322e-05,2.0102164320306e-05
1.7105,0.78653012951657,0.57314530635509,-2.4374334567624e-05,2.0261680175613e-05
1.71075,0.79001293281665,0.56828827275036,-2.4297694743758e-05,2.042128086026e-05
1.711,0.79346607890778,0.5634094821807,-2.4220567958824e-05,2.0580960137726e-05
1.71125,0.79688942878989,0.55850911347049,-2.4142948276565e-05,2.0740711789774e-05
1.7115,0.80028284452472,0.55358734632232,-2.4064829721145e-05,2.090052961657e-05
1.71175,0.80364618924114,0.54864436131081,-2.3986206278926e-05,2.106040743678e-05
1.712,0.80697932714029,0.54368033987662,-2.3907071900236e-05,2.1220339087612e-05
1.71225,0.81028212350072,0.53869546432036,-2.3827420501133e-05,2.1380318424826e-05
1.7125,0.81355444468351,0.53368991779643,-2.3747245965167e-05,2.1540339322711e-05
1.71275,0.8167961581374,0.52866388430689,-2.3666542145128e-05,2.1700395674008e-05
1.713,0.8200071324038,0.52361754869528,-2.3585302864785e-05,2.1860481389815e-05
1.71325,0.82318723712186,0.5185510966404,-2.3503521920625e-05,2.2020590399444e-05
1.7135,0.82633634303344,0.51346471465013,-2.3421193083571e-05,2.2180716650245e-05
1.71375,0.82945432198808,0.50835859005511,-2.3338310100691e-05,2.2340854107402e-05
1.714,0.83254104694797,0.50323291100247,-2.3254866696905e-05,2.2500996753685e-05
1.71425,0.83559639199281,0.49808786644956,-2.3170856576661e-05,2.2661138589184e-05
1.7145,0.83862023232471,0.49292364615757,-2.3086273425616e-05,2.2821273630996e-05
1.71475,0.84161244427303,0.48774044068516,-2.3001110912292e-05,2.2981395912896e-05
1.715,0.8445729052992,0.4825384413821,-2.2915362689719e-05,2.3141499484968e-05
1.71525,0.84750149400147,0.47731784038283,-2.2829022397065e-05,2.3301578413216e-05
1.7155,0.85039809011967,0.47207883060002,-2.274208366125e-05,2.3461626779139e-05
1.71575,0.85326257453997,0.4668216057181,-2.2654540098538e-05,2.3621638679287e-05
1.716,0.85609482929947,0.46154636018677,-2.2566385316122e-05,2.3781608224792e-05
1.71625,0.85889473759096,0.45625328921446,-2.2477612913683e-05,2.3941529540863e-05
1.7165,0.86166218376744,0.45094258876181,-2.2388216484935e-05,2.4101396766274e-05
1.71675,0.86439705334677,0.44561445553504,-2.2298189619152e-05,2.4261204052819e-05
1.717,0.8670992330162,0.44026908697942,-2.2207525902673e-05,2.4420945564747e-05
1.71725,0.8697686106369,0.4349066812726,-2.2116218920395e-05,2.4580615478181e-05
1.7175,0.87240507524842,0.42952743731795,-2.202426225724e-05,2.474020798051e-05
1.71775,0.87500851707317,0.42413155473792,-2.1931649499607e-05,2.489971726977e-05
1.718,0.87757882752085,0.41871923386731,-2.1838374236801e-05,2.5059137554004e-05
1.71825,0.88011589919279,0.41329067574655,-2.1744430062447e-05,2.5218463050604e-05
1.7185,0.88261962588636,0.40784608211493,-2.1649810575878e-05,2.5377687985641e-05
1.71875,0.88508990259925,0.40238565540384,-2.1554509383511e-05,2.5536806593178e-05
1.719,0.88752662553377,0.39690959873,-2.1458520100194e-05,2.5695813114567e-05
1.71925,0.88992969210108,0.39141811588852,-2.1361836350539e-05,2.585470179774e-05
1.7195,0.89229900092545,0.3859114113462,-2.1264451770233e-05,2.601346689648e-05
1.71975,0.89463445184841,0.38038969023451,-2.1166360007327e-05,2.6172102669688e-05
1.72,0.89693594593289,0.37485315834279,-2.1067554723508e-05,2.6330603380634e-05
1.72025,0.89920338546737,0.36930202211127,-2.096802959535e-05,2.64889632962e-05
1.7205,0.90143667396991,0.36373648862414,-2.0867778315543e-05,2.6647176686121e-05
1.72075,0.90363571619222,0.35815676560254,-2.0766794594099e-05,2.6805237822207e-05
1.721,0.90580041812369,0.35256306139763,-2.0665072159551e-05,2.6963140977568e-05
1.72125,0.9079306869953,0.34695558498349,-2.0562604760112e-05,2.7120880425827e-05
1.7215,0.91002643128362,0.34133454595014,-2.0459386164835e-05,2.7278450440332e-05
1.72175,0.91208756071465,0.33570015449642,-2.0355410164738e-05,2.7435845293361e-05
1.722,0.91411398626776,0.3300526214229,-2.0250670573915e-05,2.7593059255321e-05
1.72225,0.91610562017945,0.3243921581248,-2.0145161230632e-05,2.7750086593952e-05
1.7225,0.91806237594715,0.31871897658483,-2.0038875998394e-05,2.7906921573517e-05
1.72275,0.91998416833302,0.313033289366,-1.9931808767004e-05,2.8063558454004e-05
1.723,0.92187091336764,0.30733530960447,-1.9823953453596e-05,2.8219991490315e-05
1.72325,0.92372252835368,0.3016252510023,-1.9715304003649e-05,2.8376214931462e-05
1.7235,0.92553893186958,0.29590332782028,-1.9605854391992e-05,2.853222301976e-05
1.72375,0.9273200437731,0.29016975487062,-1.9495598623778e-05,2.8688009990026e-05
1.724,0.92906578520497,0.28442474750968,-1.9384530735449e-05,2.8843570068773e-05
1.72425,0.93077607859237,0.2786685216307,-1.9272644795685e-05,2.8998897473408e-05
1.7245,0.93245084765243,0.27290129365644,-1.9159934906326e-05,2.9153986411439e-05
1.72475,0.93409001739571,0.26712328053186,-1.9046395203289e-05,2.9308831079679e-05
1.725,0.9356935141296,0.26133469971677,-1.8932019857459e-05,2.9463425663455e-05
1.72525,0.9372612654617,0.25553576917838,-1.881680307557e-05,2.9617764335822e-05
1.7255,0.93879320030322,0.24972670738396,-1.8700739101067e-05,2.9771841256785e-05
1.72575,0.94028924887218,0.24390773329339,-1.8583822214952e-05,2.9925650572521e-05
1.726,0.94174934269679,0.23807906635167,-1.8466046736617e-05,3.0079186414613e-05
1.72625,0.94317341461859,0.23224092648151,-1.834740702466e-05,3.0232442899284e-05
1.7265,0.94456139879572,0.22639353407579,-1.8227897477687e-05,3.0385414126646e-05
1.72675,0.94591323070598,0.22053710999005,-1.8107512535102e-05,3.0538094179946e-05
1.727,0.94722884715004,0.21467187553498,-1.7986246677876e-05,3.0690477124833e-05
1.72725,0.94850818625442,0.20879805246884,-1.786409442931e-05,3.0842557008619e-05
1.7275,0.9497511874746,0.20291586298992,-1.7741050355781e-05,3.0994327859558e-05
1.72775,0.95095779159795,0.19702552972889,-1.7617109067476e-05,3.1145783686132e-05
1.728,0.95212794074675,0.19112727574122,-1.7492265219111e-05,3.1296918476345e-05
1.72825,0.95326157838103,0.18522132449956,-1.7366513510641e-05,3.1447726197026e-05
1.7285,0.9543586493015,0.17930789988604,-1.7239848687956e-05,3.1598200793144e-05
1.72875,0.95541909965237,0.17338722618464,-1.7112265543563e-05,3.1748336187135e-05
1.729,0.95644287692412,0.16745952807348,-1.6983758917265e-05,3.189812627823e-05
1.72925,0.95742992995629,0.16152503061707,-1.6854323696814e-05,3.2047564941809e-05
1.7295,0.95838020894014,0.15558395925867,-1.6723954818573e-05,3.2196646028752e-05
1.72975,0.95929366542139,0.14963653981246,-1.6592647268147e-05,3.2345363364808e-05
1.73,0.96017025230278,0.14368299845578,-1.6460396081019e-05,3.2493710749977e-05
1.73025,0.96100992384671,0.13772356172141,-1.6327196343168e-05,3.26416819579e-05
1.7305,0.96181263567775,0.13175845648968,-1.6193043191682e-05,3.2789270735264e-05
1.73075,0.96257834478518,0.1257879099807,-1.6057931815361e-05,3.2936470801215e-05
1.731,0.96330700952541,0.11981214974652,-1.5921857455305e-05,3.3083275846789e-05
1.73125,0.96399858962446,0.11383140366324,-1.5784815405503e-05,3.3229679534351e-05
1.7315,0.96465304618029,0.10784589992317,-1.5646801013408e-05,3.3375675497052e-05
1.73175,0.96527034166515,0.10185586702694,-1.5507809680501e-05,3.3521257338291e-05
1.732,0.96585043992791,0.095861533775548,-1.5367836862857e-05,3.36664186312e-05
1.73225,0.96639330619625,0.089863129262495,-1.5226878071693e-05,3.3811152918131e-05
1.7325,0.96689890707894,0.08386088286581,-1.5084928873914e-05,3.3955453710167e-05
1.73275,0.96736721056796,0.077855024240082,-1.4941984892651e-05,3.4099314486644e-05
1.733,0.96779818604063,0.071845783308527,-1.4798041807796e-05,3.4242728694675e-05
1.73325,0.96819180426172,0.065833390254956,-1.4653095356519e-05,3.438568974871e-05
1.7335,0.96854803738546,0.059818075515806,-1.4507141333794e-05,3.4528191030087e-05
1.73375,0.96886685895756,0.053800069772106,-1.4360175592908e-05,3.4670225886611e-05
1.734,0.96914824391715,0.047779603941424,-1.4212194045967e-05,3.4811787632145e-05
1.73425,0.96939216859867,0.04175690916986,-1.4063192664398e-05,3.4952869546208e-05
1.7345,0.96959861073378,0.035732216823933,-1.3913167479446e-05,3.5093464873597e-05
1.73475,0.96976754945315,0.029705758482543,-1.3762114582663e-05,3.5233566824017e-05
1.735,0.96989896528824,0.023677765928861,-1.3610030126393e-05,3.5373168571724e-05
1.73525,0.96999284017305,0.017648471142207,-1.3456910324252e-05,3.551226325519e-05
1.7355,0.97004915744578,0.011618106289964,-1.3302751451607e-05,3.5650843976772e-05
1.73575,0.9700679018505,0.0055869037194185,-1.3147549846046e-05,3.5788903802404e-05
1.736,0.97004905953876,-0.00044490405039159,-1.2991301907846e-05,3.5926435761298e-05
1.73625,0.96999261807112,-0.0064770843368059,-1.2834004100433e-05,3.6063432845663e-05
1.7365,0.96989856641867,-0.012509404301759,-1.2675652950849e-05,3.6199888010436e-05
1.73675,0.96976689496449,-0.018541630959923,-1.25162450502e-05,3.6335794173026e-05
1.737,0.96959759550509,-0.024573531186929,-1.2355777054113e-05,3.647114421308e-05
1.73725,0.96939066125179,-0.030604871727588,-1.2194245683181e-05,3.6605930972251e-05
1.7375,0.96914608683201,-0.036635419204082,-1.2031647723414e-05,3.6740147253992e-05
1.73775,0.96886386829061,-0.042664940124218,-1.1867980026676e-05,3.687378582336e-05
1.738,0.96854400309108,-0.048693200889679,-1.1703239511125e-05,3.7006839406829e-05
1.73825,0.96818649011678,-0.054719967804258,-1.1537423161653e-05,3.713930069213e-05
1.7385,0.96779132967206,-0.060745007082154,-1.1370528030315e-05,3.7271162328091e-05
1.73875,0.96735852348337,-0.066768084856217,-1.1202551236763e-05,3.7402416924501e-05
1.739,0.96688807470034,-0.072788967186255,-1.1033489968671e-05,3.7533057051985e-05
1.73925,0.96637998789673,-0.078807420067345,-1.0863341482163e-05,3.7663075241894e-05
1.7395,0.96583426907148,-0.08482320943811,-1.0692103102237e-05,3.7792463986208e-05
1.73975,0.96525092564957,-0.09083610118905,-1.0519772223182e-05,3.7921215737453e-05
1.74,0.96462996648291,-0.096845861170891,-1.0346346309e-05,3.8049322908634e-05
1.74025,0.96397140185116,-0.10285225520287,-1.0171822893819e-05,3.8176777873182e-05
1.7405,0.96327524346253,-0.10885504908116,-9.9961995823127e-06,3.8303572964909e-05
1.74075,0.96254150445448,-0.11485400858711,-9.8194740501052e-06,3.842970047799e-05
1.741,0.96177019939445,-0.12084889949571,-9.641644044187e-06,3.8555152666941e-05
1.74125,0.96096134428045,-0.12683948758392,-9.4627073833194e-06,3.8679921746629e-05
1.7415,0.96011495654171,-0.13282553863905,-9.2826619584424e-06,3.8803999892282e-05
1.74175,0.95923105503917,-0.13880681846711,-9.101505733078e-06,3.8927379239518e-05
1.742,0.95830966006601,-0.14478309290129,-8.919236743732e-06,3.9050051884392e-05
1.74225,0.9573507933481,-0.15075412781024,-8.7358531002956e-06,3.9172009883446e-05
1.7425,0.95635447804439,-0.1567196891066,-8.551352986442e-06,3.9293245253783e-05
1.74275,0.95532073874728,-0.1626795427553,-8.3657346600249e-06,3.9413749973145e-05
1.743,0.95424960148294,-0.16863345478206,-8.1789964534723e-06,3.9533515980014e-05
1.74325,0.95314109371153,-0.17458119128178,-7.9911367741791e-06,3.965253517372e-05
1.7435,0.95199524432747,-0.18052251842696,-7.8021541048992e-06,3.9770799414561e-05
1.74375,0.95081208365956,-0.18645720247615,-7.6120470041344e-06,3.988830052394e-05
1.744,0.94959164347111,-0.19238500978238,-7.4208141065214e-06,4.0005030284515e-05
1.74425,0.94833395696005,-0.19830570680162,-7.2284541232183e-06,4.0120980440355e-05
1.7445,0.9470390587589,-0.20421906010122,-7.0349658422874e-06,4.0236142697122e-05
1.74475,0.94570698493475,-0.21012483636835,-6.8403481290782e-06,4.0350508722251e-05
1.745,0.94433777298923,-0.21602280241847,-6.6445999266067e-06,4.046407014515e-05
1.74525,0.94293146185836,-0.2219127252038,-6.4477202559329e-06,4.0576818557418e-05
1.7455,0.94148809191237,-0.22779437182175,-6.2497082165381e-06,4.068874551306e-05
1.74575,0.94000770495549,-0.23366750952342,-6.0505629866983e-06,4.0799842528731e-05
1.746,0.93849034422571,-0.23953190572205,-5.8502838238557e-06,4.0910101083979e-05
1.74625,0.93693605439443,-0.24538732800151,-5.6488700649899e-06,4.101951262151e-05
1.7465,0.93534488156612,-0.25123354412475,-5.4463211269841e-06,4.112806854746e-05
1.74675,0.93371687327789,-0.25707032204228,-5.2426365069922e-06,4.1235760231678e-05
1.747,0.93205207849906,-0.26289742990065,-5.0378157828012e-06,4.1342579008022e-05
1.74725,0.9303505476306,-0.26871463605096,-4.8318586131923e-06,4.1448516174671e-05
1.7475,0.92861233250464,-0.27452170905728,-4.6247647383001e-06,4.1553562994439e-05
1.74775,0.92683748638382,-0.28031841770515,-4.4165339799687e-06,4.1657710695111e-05
1.748,0.92502606396063,-0.28610453101011,-4.2071662421048e-06,4.1760950469784e-05
1.74825,0.92317812135675,-0.29187981822608,-3.9966615110305e-06,4.1863273477218e-05
1.7485,0.92129371612224,-0.29764404885395,-3.78501985583e-06,4.1964670842205e-05
1.74875,0.91937290723479,-0.30339699264998,-3.5722414286973e-06,4.2065133655943e-05
1.749,0.91741575509886,-0.30913841963429,-3.3583264652787e-06,4.2164652976421e-05
1.74925,0.91542232154474,-0.31486810009939,-3.1432752850123e-06,4.226321982882e-05
1.7495,0.91339266982767,-0.32058580461856,-2.9270882914672e-06,4.2360825205917e-05
1.74975,0.91132686462679,-0.32629130405443,-2.7097659726769e-06,4.2457460068507e-05
1.75,0.90922497204411,-0.33198436956736,-2.4913089014703e-06,4.2553115345832e-05
1.75025,0.90708705960342,-0.33766477262396,-2.2717177358012e-06,4.2647781936017e-05
1.7505,0.90491319624916,-0.34333228500556,-2.0509932190717e-06,4.2741450706522e-05
1.75075,0.90270345234519,-0.34898667881664,-1.8291361804555e-06,4.2834112494604e-05
1.751,0.9004578996736,-0.35462772649329,-1.6061475352154e-06,4.2925758107779e-05
1.75125,0.89817661143336,-0.36025520081171,-1.3820282850171e-06,4.3016378324311e-05
1.7515,0.89585966223903,-0.36586887489661,-1.1567795182423e-06,4.3105963893692e-05
1.75175,0.89350712811936,-0.37146852222968,-9.304024102948e-07,4.3194505537145e-05
1.752,0.89111908651582,-0.37705391665806,-7.0289822390422e-07,4.3281993948132e-05
1.75225,0.88869561628116,-0.38262483240271,-4.7426830942682e-07,4.336841979287e-05
1.7525,0.88623679767784,-0.38818104406692,-2.4451410513996e-07,4.3453773710856e-05
1.75275,0.88374271237646,-0.39372232664466,-1.3637137535268e-08,4.3538046315405e-05
1.753,0.88121344345413,-0.39924845552907,2.1836097839429e-07,4.362122819419e-05
1.75325,0.87864907539277,-0.40475920652083,4.5147853887158e-07,4.37033099098e-05
1.7535,0.87604969407739,-0.41025435583658,6.8571375105502e-07,4.3784282000297e-05
1.75375,0.87341538679431,-0.41573368011734,9.2106473276452e-07,4.3864134979787e-05
1.754,0.87074624222931,-0.42119695643688,1.157529512212e-06,4.3942859338999e-05
1.75425,0.8680423504658,-0.42664396231009,1.3951060277344e-06,4.4020445545871e-05
1.7545,0.86530380298282,-0.43207447570143,1.6337921275346e-06,4.4096884046141e-05
1.75475,0.86253069265313,-0.43748827503321,1.8735855694242e-06,4.4172165263954e-05
1.755,0.85972311374112,-0.44288513919402,2.1144840205726e-06,4.4246279602471e-05
1.75525,0.8568811619008,-0.44826484754705,2.3564850572622e-06,4.4319217444481e-05
1.7555,0.85400493417363,-0.45362717993845,2.5995861646459e-06,4.4390969153034e-05
1.75575,0.85109452898637,-0.45897191670565,2.8437847365119e-06,4.4461525072065e-05
1.756,0.84815004614883,-0.46429883868569,3.0890780750542e-06,4.4530875527039e-05
1.75625,0.84517158685163,-0.46960772722354,3.3354633906458e-06,4.4599010825596e-05
1.7565,0.84215925366387,-0.47489836418042,3.5829378016209e-06,4.4665921258201e-05
1.75675,0.83911315053076,-0.48017053194205,3.8314983340595e-06,4.4731597098807e-05
1.757,0.8360333827712,-0.48542401342697,4.0811419215797e-06,4.4796028605519e-05
1.75725,0.83292005707531,-0.49065859209479,4.3318654051354e-06,4.4859206021269e-05
1.7575,0.82977328150194,-0.49587405195448,4.5836655328189e-06,4.4921119574492e-05
1.75775,0.82659316547607,-0.50107017757257,4.83653895967e-06,4.4981759479811e-05
1.758,0.82337981978623,-0.50624675408143,5.0904822474923e-06,4.504111593873e-05
1.75825,0.82013335658184,-0.51140356718746,5.3454918646728e-06,4.5099179140327e-05
1.7585,0.81685388937046,-0.51654040317933,5.6015641860111e-06,4.515593926196e-05
1.75875,0.81354153301509,-0.52165704893615,5.8586954925515e-06,4.5211386469968e-05
1.759,0.81019640373135,-0.52675329193563,6.1168819714239e-06,4.526551092039e-05
1.75925,0.80681861908457,-0.53182892026234,6.3761197156908e-06,4.5318302759679e-05
1.7595,0.80340829798699,-0.53688372261576,6.6364047241991e-06,4.5369752125424e-05
1.75975,0.79996556069473,-0.54191748831845,6.8977329014398e-06,4.5419849147079e-05
1.76,0.79649052880481,-0.54693000732423,7.1601000574158e-06,4.5468583946692e-05
1.76025,0.79298332525216,-0.55192107022622,7.4235019075121e-06,4.5515946639645e-05
1.7605,0.78944407430642,-0.55689046826494,7.6879340723784e-06,4.5561927335391e-05
1.76075,0.78587290156893,-0.56183799333644,7.9533920778133e-06,4.5606516138198e-05
1.761,0.78226993396942,-0.56676343800028,8.2198713546586e-06,4.5649703147898e-05
1.76125,0.77863529976287,-0.57166659548767,8.4873672387009e-06,4.5691478460641e-05
1.7615,0.77496912852616,-0.5765472597094,8.7558749705766e-06,4.5731832169647e-05
1.76175,0.77127155115479,-0.58140522526393,9.0253896956894e-06,4.5770754365964e-05
1.762,0.76754269985946,-0.58624028744531,9.2959064641296e-06,4.5808235139235e-05
1.76225,0.76378270816268,-0.59105224225121,9.567420230604e-06,4.5844264578456e-05
1.7625,0.75999171089529,-0.59584088639087,9.8399258543731e-06,4.5878832772749e-05
1.76275,0.75616984419292,-0.60060601729299,1.0113418099193e-05,4.5911929812128e-05
1.763,0.75231724549246,-0.6053474331137,1.0387891633267e-05,4.5943545788275e-05
1.76325,0.7484340535284,-0.61006493274443,1.0663341029203e-05,4.5973670795314e-05
1.7635,0.74452040832925,-0.61475831581981,1.0939760763984e-05,4.6002294930585e-05
1.76375,0.74057645121374,-0.61942738272548,1.1217145218931e-05,4.6029408295427e-05
1.764,0.73660232478714,-0.62407193460601,1.1495488679696e-05,4.6055000995956e-05
1.76425,0.73259817293745,-0.62869177337263,1.1774785336242e-05,4.6079063143847e-05
1.7645,0.72856414083151,-0.63328670171109,1.205502928284e-05,4.6101584857119e-05
1.76475,0.72450037491118,-0.63785652308941,1.2336214518076e-05,4.6122556260918e-05
1.765,0.72040702288936,-0.64240104176561,1.2618334944858e-05,4.6141967488305e-05
1.76525,0.71628423374602,-0.6469200627955,1.2901384370437e-05,4.6159808681039e-05
1.7655,0.71213215772419,-0.65141339204034,1.3185356506431e-05,4.6176069990364e-05
1.76575,0.70795094632585,-0.65588083617454,1.3470244968864e-05,4.6190741577801e-05
1.766,0.70374075230784,-0.66032220269332,1.3756043278202e-05,4.620381361593e-05
1.76625,0.69950172967773,-0.66473729992037,1.4042744859403e-05,4.6215276289182e-05
1.7665,0.69523403368954,-0.66912593701542,1.4330343041978e-05,4.6225119794623e-05
1.76675,0.69093782083954,-0.6734879239819,1.4618831060054e-05,4.6233334342744e-05
1.767,0.68661324886196,-0.67782307167443,1.4908202052442e-05,4.6239910158245e-05
1.76725,0.68226047672461,-0.68213119180643,1.5198449062725e-05,4.6244837480824e-05
1.7675,0.67787966462453,-0.68641209695761,1.5489565039337e-05,4.624810656596e-05
1.76775,0.67347097398355,-0.69066560058143,1.5781542835666e-05,4.6249707685698e-05
1.768,0.6690345674438,-0.69489151701264,1.6074375210152e-05,4.624963112943e-05
1.76825,0.66457060886323,-0.69908966147464,1.63680548264e-05,4.624786720468e-05
1.7685,0.66007926331103,-0.70325985008696,1.6662574253295e-05,4.6244406237879e-05
1.76875,0.65556069706301,-0.70740189987262,1.6957925965133e-05,4.6239238575148e-05
1.769,0.65101507759701,-0.71151562876547,1.7254102341749e-05,4.6232354583069e-05
1.76925,0.64644257358812,-0.71560085561755,1.7551095668659e-05,4.6223744649463e-05
1.7695,0.64184335490405,-0.7196574002064,1.7848898137211e-05,4.6213399184158e-05
1.76975,0.63721759260027,-0.72368508324232,1.8147501844737e-05,4.6201308619762e-05
1.77,0.63256545891527,-0.72768372637561,1.8446898794716e-05,4.6187463412422e-05
1.77025,0.62788712726562,-0.73165315220381,1.8747080896944e-05,4.6171854042597e-05
1.7705,0.62318277224112,-0.7355931842789,1.9048039967717e-05,4.6154471015808e-05
1.77075,0.61845256959988,-0.73950364711442,1.9349767730004e-05,4.6135304863405e-05
1.771,0.61369669626327,-0.74338436619264,1.965225581365e-05,4.611434614331e-05
1.77125,0.60891533031092,-0.74723516797165,1.9955495755567e-05,4.6091585440776e-05
1.7715,0.60410865097571,-0.75105587989241,2.0259478999944e-05,4.6067013369128e-05
1.77175,0.59927683863856,-0.75484633038584,2.0564196898455e-05,4.6040620570504e-05
1.772,0.59442007482337,-0.75860634887976,2.0869640710484e-05,4.60123977166e-05
1.77225,0.5895385421918,-0.76233576580595,2.1175801603343e-05,4.5982335509393e-05
1.7725,0.58463242453801,-0.76603441260701,2.1482670652513e-05,4.5950424681881e-05
1.77275,0.57970190678346,-0.76970212174333,2.1790238841878e-05,4.5916655998798e-05
1.773,0.57474717497154,-0.77333872669996,2.2098497063969e-05,4.588102025734e-05
1.77325,0.56976841626224,-0.77694406199347,2.2407436120222e-05,4.5843508287879e-05
1.7735,0.56476581892681,-0.78051796317871,2.2717046721229e-05,4.5804110954668e-05
1.77375,0.55973957234225,-0.78406026685567,2.3027319487007e-05,4.5762819156549e-05
1.774,0.55468986698592,-0.78757081067617,2.3338244947267e-05,4.5719623827652e-05
1.77425,0.54961689443001,-0.7910494333506,2.3649813541687e-05,4.5674515938086e-05
1.7745,0.54452084733597,-0.79449597465461,2.3962015620198e-05,4.5627486494627e-05
1.77475,0.53940191944901,-0.79791027543571,2.4274841443269e-05,4.55785265414e-05
1.775,0.5342603055924,-0.80129217761993,2.4588281182201e-05,4.5527627160551e-05
1.77525,0.52909620166186,-0.80464152421837,2.4902324919423e-05,4.5474779472922e-05
1.7755,0.52390980461988,-0.80795815933374,2.5216962648798e-05,4.5419974638706e-05
1.77575,0.51870131248996,-0.81124192816687,2.5532184275932e-05,4.5363203858109e-05
1.776,0.51347092435089,-0.81449267702317,2.5847979618484e-05,4.5304458371997e-05
1.77625,0.50821884033091,-0.81771025331906,2.6164338406487e-05,4.5243729462536e-05
1.7765,0.50294526160189,-0.82089450558837,2.6481250282671e-05,4.5181008453832e-05
1.77675,0.49765039037349,-0.82404528348868,2.679870480279e-05,4.5116286712555e-05
1.777,0.49233442988721,-0.82716243780765,2.7116691435951e-05,4.5049555648562e-05
1.77725,0.48699758441048,-0.8302458204693,2.7435199564956e-05,4.498080671551e-05
1.7775,0.48164005923068,-0.83329528454024,2.7754218486634e-05,4.4910031411463e-05
1.77775,0.47626206064911,-0.83631068423588,2.8073737412194e-05,4.483722127949e-05
1.778,0.47086379597501,-0.83929187492661,2.8393745467561e-05,4.4762367908255e-05
1.77825,0.46544547351942,-0.84223871314386,2.8714231693739e-05,4.4685462932599e-05
1.7785,0.46000730258909,-0.8451510565863,2.9035185047153e-05,4.4606498034117e-05
1.77875,0.45454949348036,-0.84802876412575,2.9356594400016e-05,4.4525464941722e-05
1.779,0.44907225747298,-0.85087169581328,2.9678448540682e-05,4.4442355432207e-05
1.77925,0.44357580682388,-0.85367971288515,3.0000736174013e-05,4.4357161330792e-05
1.7795,0.43806035476098,-0.8564526777687,3.0323445921742e-05,4.4269874511665e-05
1.77975,0.43252611547687,-0.85919045408827,3.0646566322839e-05,4.4180486898519e-05
1.78,0.42697330412255,-0.86189290667103,3.0970085833884e-05,4.4088990465071e-05
1.78025,0.4214021368011,-0.86455990155276,3.1293992829434e-05,4.3995377235583e-05
1.7805,0.4158128305613,-0.86719130598362,3.1618275602401e-05,4.3899639285365e-05
1.78075,0.41020560339125,-0.86978698843387,3.1942922364422e-05,4.3801768741276e-05
1.781,0.40458067421196,-0.87234681859952,3.2267921246233e-05,4.3701757782211e-05
1.78125,0.39893826287091,-0.87487066740798,3.2593260298053e-05,4.3599598639579e-05
1.7815,0.39327859013554,-0.87735840702361,3.2918927489952e-05,4.349528359778e-05
1.78175,0.3876018776868,-0.8798099108533,3.3244910712236e-05,4.3388804994659e-05
1.782,0.38190834811256,-0.88222505355193,3.357119777582e-05,4.3280155221966e-05
1.78225,0.37619822490112,-0.88460371102784,3.3897776412607e-05,4.3169326725791e-05
1.7825,0.37047173243456,-0.88694576044823,3.4224634275869e-05,4.3056312007004e-05
1.78275,0.36472909598217,-0.88925108024452,3.4551758940619e-05,4.2941103621676e-05
1.783,0.35897054169382,-0.89151955011768,3.487913790399e-05,4.2823694181496e-05
1.78325,0.35319629659325,-0.89375105104347,3.5206758585612e-05,4.270407635417e-05
1.7835,0.34740658857145,-0.89594546527768,3.5534608327983e-05,4.2582242863827e-05
1.78375,0.34160164637989,-0.89810267636133,3.5862674396844e-05,4.2458186491394e-05
1.784,0.33578169962382,-0.90022256912574,3.6190943981549e-05,4.233190007498e-05
1.78425,0.32994697875552,-0.90230502969768,3.6519404195433e-05,4.220337651024e-05
1.7845,0.32409771506746,-0.90434994550437,3.6848042076182e-05,4.207260875073e-05
1.78475,0.31823414068559,-0.90635720527848,3.7176844586192e-05,4.1939589808257e-05
1.785,0.31235648856245,-0.90832669906306,3.7505798612934e-05,4.1804312753218e-05
1.78525,0.3064649924703,-0.91025831821644,3.7834890969311e-05,4.1666770714923e-05
1.7855,0.30055988699435,-0.91215195541708,3.8164108394011e-05,4.1526956881916e-05
1.78575,0.29464140752576,-0.91400750466835,3.8493437551862e-05,4.1384864502285e-05
1.786,0.28870979025483,-0.91582486130329,3.8822865034172e-05,4.1240486883956e-05
1.78625,0.28276527216401,-0.91760392198931,3.9152377359078e-05,4.1093817394989e-05
1.7865,0.27680809102096,-0.91934458473281,3.948196097188e-05,4.0944849463851e-05
1.78675,0.27083848537163,-0.92104674888382,3.9811602245378e-05,4.0793576579689e-05
1.787,0.26485669453324,-0.92271031514049,4.0141287480194e-05,4.063999229259e-05
1.78725,0.25886295858727,-0.92433518555366,4.04710029051e-05,4.048409021383e-05
1.7875,0.2528575183725,-0.92592126353123,4.0800734677332e-05,4.0325864016118e-05
1.78775,0.24684061547794,-0.9274684538426,4.1130468882901e-05,4.0165307433825e-05
1.788,0.24081249223579,-0.92897666262301,4.1460191536896e-05,4.0002414263208e-05
1.78825,0.23477339171439,-0.9304457973778,4.1789888583782e-05,3.9837178362623e-05
1.7885,0.22872355771113,-0.9318757669867,4.2119545897693e-05,3.9669593652726e-05
1.78875,0.22266323474538,-0.93326648170795,4.2449149282708e-05,3.9499654116671e-05
1.789,0.21659266805139,-0.9346178531825,4.2778684473134e-05,3.9327353800295e-05
1.78925,0.21051210357118,-0.93592979443804,4.310813713377e-05,3.915268681229e-05
1.7895,0.2044217879474,-0.93720221989307,4.3437492860163e-05,3.8975647324375e-05
1.78975,0.19832196851621,-0.93843504536083,4.3766737178863e-05,3.8796229571454e-05
1.79,0.19221289330015,-0.93962818805326,4.4095855547661e-05,3.8614427851763e-05
1.79025,0.18609481100096,-0.94078156658483,4.442483335582e-05,3.8430236527014e-05
1.7905,0.17996797099244,-0.9418951009764,4.4753655924304e-05,3.8243650022526e-05
1.79075,0.17383262331328,-0.94296871265891,4.5082308505978e-05,3.8054662827347e-05
1.791,0.16768901865988,-0.94400232447716,4.5410776285823e-05,3.7863269494378e-05
1.79125,0.16153740837916,-0.94499586069338,4.5739044381117e-05,3.766946464047e-05
1.7915,0.1553780444614,-0.94594924699088,4.6067097841619e-05,3.7473242946533e-05
1.79175,0.149211179533,-0.94686241047756,4.6394921649739e-05,3.7274599157619e-05
1.792,0.14303706684935,-0.94773527968941,4.6722500720692e-05,3.7073528083018e-05
1.79225,0.13685596028759,-0.94856778459389,4.7049819902644e-05,3.6870024596323e-05
1.7925,0.13066811433938,-0.94935985659334,4.7376863976844e-05,3.6664083635506e-05
1.79275,0.12447378410378,-0.95011142852828,4.7703617657743e-05,3.6455700202979e-05
1.793,0.11827322527997,-0.95082243468067,4.8030065593102e-05,3.624486936565e-05
1.79325,0.11206669416006,-0.95149281077707,4.8356192364082e-05,3.6031586254969e-05
1.7935,0.10585444762195,-0.95212249399182,4.8681982485324e-05,3.5815846066974e-05
1.79375,0.099636743122034,-0.95271142295012,4.9007420405015e-05,3.559764406232e-05
1.794,0.093413838688075,-0.95325953773101,4.9332490504934e-05,3.5376975566317e-05
1.79425,0.087185992911985,-0.95376677987038,4.9657177100492e-05,3.5153835968946e-05
1.7945,0.080953464942618,-0.95423309236386,4.9981464440745e-05,3.4928220724881e-05
1.79475,0.074716514478622,-0.95465841966967,5.0305336708403e-05,3.4700125353501e-05
1.795,0.068475401761242,-0.9550427077114,5.0628778019815e-05,3.4469545438894e-05
1.79525,0.062230387567132,-0.95538590388074,5.0951772424939e-05,3.4236476629863e-05
1.7955,0.055981733201236,-0.95568795704016,5.1274303907297e-05,3.4000914639921e-05
1.79575,0.049729700489586,-0.95594881752552,5.1596356383913e-05,3.3762855247285e-05
1.796,0.043474551772205,-0.95616843714861,5.1917913705228e-05,3.3522294294864e-05
1.79625,0.037216549895952,-0.95634676919963,5.2238959655002e-05,3.3279227690246e-05
1.7965,0.030955958207393,-0.95648376844965,5.2559477950199e-05,3.3033651405677e-05
1.79675,0.024693040545734,-0.95657939115296,5.2879452240846e-05,3.2785561478041e-05
1.797,0.018428061235683,-0.95663359504938,5.3198866109879e-05,3.2534954008835e-05
1.79725,0.01216128508042,-0.9566463393665,5.3517703072968e-05,3.228182516414e-05
1.7975,0.0058929773545169,-0.95661758482189,5.3835946578317e-05,3.2026171174595e-05
1.79775,-0.00037659620311359,-0.95654729362519,5.415358000645e-05,3.1767988335361e-05
1.798,-0.0066471693962078,-0.95643542948019,5.4470586669976e-05,3.1507273006094e-05
1.79825,-0.012918475578167,-0.95628195758686,5.4786949813323e-05,3.1244021610903e-05
1.7985,-0.019190247659053,-0.95608684464322,5.5102652612463e-05,3.0978230638323e-05
1.79875,-0.025462218112509,-0.95585005884729,5.5417678174606e-05,3.0709896641273e-05
1.799,-0.031734118982711,-0.95557156989886,5.5732009537874e-05,3.0439016237025e-05
1.79925,-0.038005681891287,-0.95525134900125,5.6045629670954e-05,3.0165586107168e-05
1.7995,-0.044276638044162,-0.954889368863,5.6358521472721e-05,2.988960299757e-05
1.79975,-0.05054671823845,-0.95448560369952,5.6670667771846e-05,2.961106371835e-05
1.8,-0.056815652869243,-0.95404002923462,5.6982051326371e-05,2.9329965143845e-05
1.80025,-0.063083171936414,-0.95355262270202,5.7292654823265e-05,2.9046304212578e-05
1.8005,-0.069349005051398,-0.95302336284678,5.7602460877951e-05,2.8760077927237e-05
1.80075,-0.075612881443878,-0.9524522299267,5.7911452033808e-05,2.8471283354645e-05
1.801,-0.081874529968523,-0.95183920571362,5.8219610761648e-05,2.8179917625743e-05
1.80125,-0.088133679111601,-0.95118427349463,5.8526919459166e-05,2.7885977935576e-05
1.8015,-0.094390056997617,-0.9504874180733,5.883336045036e-05,2.7589461543278e-05
1.80175,-0.10064339139591,-0.94974862577077,5.9138915984926e-05,2.7290365772068e-05
1.802,-0.10689340972714,-0.94896788442682,5.9443568237623e-05,2.6988688009249e-05
1.80225,-0.11313983906984,-0.94814518340083,5.9747299307609e-05,2.6684425706214e-05
1.8025,-0.11938240616682,-0.94728051357276,6.0050091217753e-05,2.6377576378456e-05
1.80275,-0.12562083743161,-0.94637386734394,6.0351925913908e-05,2.6068137605591e-05
1.803,-0.13185485895479,-0.94542523863794,6.065278526416e-05,2.5756107031387e-05
1.80325,-0.13808419651031,-0.94443462290122,6.0952651058043e-05,2.5441482363795e-05
1.8035,-0.14430857556174,-0.94340201710389,6.1251505005726e-05,2.5124261375e-05
1.80375,-0.15052772126849,-0.94232741974022,6.1549328737168e-05,2.4804441901474e-05
1.804,-0.15674135849196,-0.94121083082925,6.1846103801231e-05,2.4482021844045e-05
1.80425,-0.1629492118016,-0.94005225191522,6.2141811664774e-05,2.4156999167974e-05
1.8045,-0.169151005481,-0.93885168606799,6.2436433711705e-05,2.3829371903041e-05
1.80475,-0.17534646353381,-0.93760913788339,6.2729951242e-05,2.3499138143653e-05
1.805,-0.1815353096897,-0.93632461348349,6.3022345470685e-05,2.3166296048956e-05
1.80525,-0.18771726741019,-0.9349981205168,6.331359752679e-05,2.2830843842971e-05
1.8055,-0.19389205989443,-0.93362966815845,6.3603688452255e-05,2.2492779814732e-05
1.80575,-0.20005941008492,-0.93221926711024,6.3892599200815e-05,2.2152102318452e-05
1.806,-0.20621904067315,-0.93076692960069,6.4180310636829e-05,2.1808809773703e-05
1.80625,-0.21237067410519,-0.92927266938495,6.4466803534088e-05,2.1462900665609e-05
1.8065,-0.21851403258715,-0.92773650174473,6.4752058574573e-05,2.111437354506e-05
1.80675,-0.22464883809065,-0.92615844348812,6.5036056347178e-05,2.076322702895e-05
1.807,-0.23077481235812,-0.92453851294931,6.5318777346396e-05,2.0409459800425e-05
1.80725,-0.23689167690809,-0.92287672998831,6.5600201970956e-05,2.0053070609168e-05
1.8075,-0.24299915304032,-0.92117311599062,6.5880310522423e-05,1.9694058271691e-05
1.80775,-0.24909696184095,-0.91942769386671,6.6159083203762e-05,1.9332421671658e-05
1.808,-0.25518482418745,-0.91764048805159,6.6436500117844e-05,1.8968159760232e-05
1.80825,-0.26126246075355,-0.91581152450422,6.6712541265926e-05,1.8601271556449e-05
1.8085,-0.26732959201406,-0.91394083070689,6.698718654607e-05,1.8231756147615e-05
1.80875,-0.27338593824955,-0.91202843566452,6.7260415751527e-05,1.7859612689736e-05
1.809,-0.27943121955101,-0.91007436990391,6.7532208569073e-05,1.7484840407968e-05
1.80925,-0.28546515582435,-0.90807866547295,6.7802544577295e-05,1.7107438597115e-05
1.8095,-0.29148746679477,-0.9060413559397,6.8071403244828e-05,1.6727406622136e-05
1.80975,-0.29749787201115,-0.90396247639143,6.8338763928552e-05,1.6344743918704e-05
1.81,-0.30349609085013,-0.9018420634337,6.8604605871726e-05,1.5959449993794e-05
1.81025,-0.30948184252026,-0.8996801551892,6.8868908202082e-05,1.5571524426301e-05
1.8105,-0.31545484606593,-0.89747679129667,6.9131649929862e-05,1.51809668677e-05
1.81075,-0.3214148203712,-0.8952320129097,6.9392809945805e-05,1.4787777042751e-05
1.811,-0.32736148416355,-0.89294586269544,6.9652367019073e-05,1.4391954750235e-05
1.81125,-0.33329455601738,-0.89061838483336,6.9910299795137e-05,1.3993499863734e-05
1.8115,-0.33921375435757,-0.88824962501381,7.0166586793588e-05,1.3592412332466e-05
1.81175,-0.34511879746271,-0.88583963043661,7.0421206405907e-05,1.3188692182146e-05
1.812,-0.35100940346833,-0.88338844980954,7.0674136893168e-05,1.2782339515916e-05
1.81225,-0.35688529036991,-0.88089613334684,7.0925356383684e-05,1.2373354515309e-05
1.8125,-0.36274617602581,-0.87836273276751,7.1174842870592e-05,1.1961737441272e-05
1.81275,-0.36859177815997,-0.87578830129372,7.1422574209375e-05,1.1547488635242e-05
1.813,-0.37442181436453,-0.87317289364903,7.1668528115324e-05,1.1130608520274e-05
1.81325,-0.38023600210225,-0.87051656605665,7.1912682160934e-05,1.0711097602235e-05
1.8135,-0.38603405870878,-0.86781937623756,7.2155013773227e-05,1.0288956471047e-05
1.81375,-0.39181570139478,-0.86508138340862,7.239550023102e-05,9.8641858020051e-06
1.814,-0.39758064724783,-0.86230264828065,7.2634118662116e-05,9.436786357153e-06
1.81425,-0.40332861323422,-0.85948323305639,7.2870846040423e-05,9.0067589867283e-06
1.8145,-0.4090593162005,-0.85662320142846,7.3105659183006e-05,8.5741046306781e-06
1.81475,-0.41477247287491,-0.85372261857724,7.3338534747064e-05,8.1388243202522e-06
1.815,-0.42046779986857,-0.85078155116872,7.3569449226829e-05,7.7009191796654e-06
1.81525,-0.42614501367647,-0.84780006735227,7.379837895039e-05,7.2603904278476e-06
1.8155,-0.43180383067834,-0.84477823675841,7.4025300076435e-05,6.8172393802709e-06
1.81575,-0.43744396713922,-0.84171613049645,7.4250188590919e-05,6.3714674508639e-06
1.816,-0.44306513920988,-0.83861382115218,7.4473020303638e-05,5.9230761540192e-06
1.81625,-0.44866706292699,-0.83547138278544,7.4693770844728e-05,5.4720671066907e-06
1.8165,-0.45424945421313,-0.83228889092766,7.4912415661075e-05,5.0184420305882e-06
1.81675,-0.45981202887647,-0.8290664225794,7.5128930012626e-05,4.5622027544769e-06
1.817,-0.46535450261034,-0.8258040562078,7.5343288968627e-05,4.1033512165773e-06
1.81725,-0.47087659099245,-0.82250187174397,7.5555467403746e-05,3.6418894670801e-06
1.8175,-0.47637800948396,-0.81915995058043,7.5765439994119e-05,3.1778196707721e-06
1.81775,-0.48185847342823,-0.81577837556841,7.597318121328e-05,2.7111441097815e-06
1.818,-0.48731769804934,-0.81235723101516,7.6178665328006e-05,2.2418651864505e-06
1.81825,-0.49275539845035,-0.80889660268128,7.6381866394042e-05,1.7699854263354e-06
1.8185,-0.49817128961132,-0.80539657777786,7.6582758251733e-05,1.2955074813402e-06
1.81875,-0.50356508638695,-0.80185724496378,7.6781314521534e-05,8.1843413299682e-07
1.819,-0.50893650350407,-0.79827869434282,7.6977508599417e-05,3.3876829588588e-07
1.81925,-0.51428525555871,-0.79466101746088,7.7171313652157e-05,-1.434869787829e-07
1.8195,-0.51961105701298,-0.79100430730303,7.7362702612496e-05,-6.2832849943352e-07
1.81975,-0.52491362219157,-0.78730865829065,7.7551648174189e-05,-1.1157529302192e-06
1.82,-0.53019266527795,-0.78357416627853,7.7738122786924e-05,-1.6057567869387e-06
1.82025,-0.53544790031027,-0.77980092855188,7.7922098651107e-05,-2.0983364327755e-06
1.8205,-0.5406790411769,-0.77598904382343,7.8103547712516e-05,-2.5934880738403e-06
1.82075,-0.54588580161162,-0.77213861223041,7.8282441656818e-05,-3.0912077545167e-06
1.821,-0.55106789518853,-0.7682497353316,7.8458751903943e-05,-3.5914913525985e-06
1.82125,-0.55622503531649,-0.76432251610435,7.863244960231e-05,-4.0943345742042e-06
1.8215,-0.56135693523327,-0.76035705894155,7.8803505622904e-05,-4.5997329484654e-06
1.82175,-0.5664633079993,-0.75635346964867,7.8971890553198e-05,-5.1076818219761e-06
1.822,-0.57154386649104,-0.75231185544076,7.9137574690912e-05,-5.6181763529865e-06
1.82225,-0.57659832339391,-0.74823232493944,7.9300528037609e-05,-6.131211505337e-06
1.8225,-0.58162639119489,-0.74411498816994,7.9460720292119e-05,-6.6467820421159e-06
1.82275,-0.58662778217459,-0.73995995655812,7.9618120843788e-05,-7.1648825190239e-06
1.823,-0.591602208399,-0.7357673429275,7.977269876554e-05,-7.68550727744e-06
1.82325,-0.59654938171069,-0.73153726149637,7.9924422806762e-05,-8.2086504371626e-06
1.8235,-0.60146901371965,-0.72726982787485,8.0073261385981e-05,-8.7343058888196e-06
1.82375,-0.60636081579361,-0.72296515906198,8.0219182583355e-05,-9.2624672859269e-06
1.824,-0.61122449904785,-0.71862337344293,8.0362154132941e-05,-9.7931280365717e-06
1.82425,-0.61605977433462,-0.71424459078614,8.0502143414766e-05,-1.0326281294715e-05
1.8245,-0.62086635223194,-0.70982893224057,8.0639117446659e-05,-1.0861919951075e-05
1.82475,-0.62564394303191,-0.705376520333,8.0773042875873e-05,-1.140003662359e-05
1.825,-0.63039225672857,-0.70088747896531,8.0903885970452e-05,-1.1940623647422e-05
1.82525,-0.63511100300505,-0.69636193341193,8.1031612610365e-05,-1.248367306448e-05
1.8255,-0.63979989122033,-0.69180001031725,8.1156188278381e-05,-1.3029176612448e-05
1.82575,-0.64445863039527,-0.68720183769319,8.1277578050689e-05,-1.3577125713276e-05
1.826,-0.64908692919816,-0.68256754491676,8.1395746587233e-05,-1.4127511461112e-05
1.82625,-0.65368449592956,-0.67789726272784,8.1510658121784e-05,-1.4680324609643e-05
1.8265,-0.65825103850659,-0.67319112322683,8.1622276451704e-05,-1.5235555558817e-05
1.82675,-0.66278626444653,-0.66844925987269,8.1730564927422e-05,-1.5793194340892e-05
1.827,-0.66728988084976,-0.66367180748081,8.1835486441593e-05,-1.6353230605808e-05
1.82725,-0.67176159438201,-0.6588589022212,8.1937003417933e-05,-1.6915653605799e-05
1.8275,-0.67620111125595,-0.65401068161666,8.2035077799722e-05,-1.7480452179244e-05
1.82775,-0.68060813721197,-0.64912728454123,8.2129671037965e-05,-1.8047614733684e-05
1.828,-0.68498237749834,-0.64420885121863,8.2220744079187e-05,-1.8617129227958e-05
1.82825,-0.68932353685049,-0.63925552322094,8.2308257352866e-05,-1.9188983153424e-05
1.8285,-0.69363131946954,-0.6342674434675,8.2392170758473e-05,-1.9763163514185e-05
1.82875,-0.69790542900009,-0.6292447562238,8.2472443652126e-05,-2.0339656806279e-05
1.829,-0.70214556850707,-0.62418760710078,8.2549034832827e-05,-2.0918448995758e-05
1.82925,-0.70635144045181,-0.61909614305413,8.262190252827e-05,-2.1499525495587e-05
1.8295,-0.71052274666721,-0.61397051238397,8.2691004380222e-05,-2.2082871141295e-05
1.82975,-0.71465918833201,-0.6088108647346,8.2756297429435e-05,-2.2668470165298e-05
1.83,-0.71876046594411,-0.60361735109462,8.2817738100105e-05,-2.3256306169795e-05
1.83025,-0.72282627929295,-0.59839012379721,8.2875282183829e-05,-2.3846362098167e-05
1.8305,-0.7268563274309,-0.5931293365207,8.2928884823076e-05,-2.4438620204766e-05
1.83075,-0.73085030864367,-0.58783514428945,8.2978500494135e-05,-2.5033062022984e-05
1.831,-0.73480792041959,-0.58250770347501,8.3024082989532e-05,-2.5629668331505e-05
1.83125,-0.73872885941791,-0.57714717179759,8.3065585399901e-05,-2.6228419118596e-05
1.8315,-0.74261282143596,-0.57175370832785,8.310296009529e-05,-2.6829293544321e-05
1.83175,-0.74645950137513,-0.56632747348909,8.3136158705891e-05,-2.7432269900523e-05
1.832,-0.75026859320575,-0.56086862905976,8.3165132102172e-05,-2.8037325568423e-05
1.83225,-0.75403978993072,-0.55537733817639,8.3189830374406e-05,-2.8644436973675e-05
1.8325,-0.75777278354793,-0.54985376533696,8.3210202811573e-05,-2.9253579538682e-05
1.83275,-0.76146726501133,-0.54429807640463,8.3226197879634e-05,-2.9864727631988e-05
1.833,-0.76512292419077,-0.53871043861202,8.3237763199155e-05,-3.0477854514532e-05
1.83325,-0.76873944983044,-0.5330910205659,8.3244845522274e-05,-3.1092932282536e-05
1.8335,-0.77231652950591,-0.52743999225249,8.3247390709015e-05,-3.1709931806764e-05
1.83375,-0.77585384957976,-0.52175752504316,8.3245343702925e-05,-3.2328822667908e-05
1.834,-0.77935109515568,-0.51604379170085,8.3238648506049e-05,-3.2949573087783e-05
1.83425,-0.78280795003106,-0.51029896638699,8.3227248153233e-05,-3.357214985602e-05
1.8345,-0.78622409664806,-0.50452322466905,8.3211084685773e-05,-3.4196518251922e-05
1.83475,-0.78959921604297,-0.49871674352885,8.3190099124413e-05,-3.4822641961083e-05
1.835,-0.79293298779393,-0.49287970137146,8.3164231441717e-05,-3.5450482986386e-05
1.83525,-0.79622508996698,-0.48701227803487,8.3133420533833e-05,-3.6080001552902e-05
1.8355,-0.79947519906025,-0.48111465480051,8.30976041917e-05,-3.6711156006236e-05
1.83575,-0.80268298994637,-0.47518701440442,8.3056719071724e-05,-3.7343902703754e-05
1.836,-0.80584813581296,-0.46922954104949,8.3010700666003e-05,-3.7978195898128e-05
1.83625,-0.80897030810124,-0.46324242041841,8.2959483272155e-05,-3.8613987612569e-05
1.8365,-0.81204917644252,-0.45722583968769,8.2902999962858e-05,-3.9251227507021e-05
1.83675,-0.81508440859274,-0.45117998754263,8.2841182555202e-05,-3.988986273459e-05
1.837,-0.81807567036478,-0.44510505419334,8.2773961579994e-05,-4.0529837787353e-05
1.83725,-0.82102262555862,-0.43900123139189,8.2701266251183e-05,-4.1171094330622e-05
1.8375,-0.82392493588925,-0.43286871245061,8.2623024435592e-05,-4.1813571024686e-05
1.83775,-0.82678226091214,-0.42670769226159,8.253916262321e-05,-4.2457203332897e-05
1.838,-0.82959425794643,-0.42051836731749,8.2449605898307e-05,-4.3101923314898e-05
1.83825,-0.83236058199549,-0.41430093573369,8.2354277911726e-05,-4.3747659403659e-05
1.8385,-0.83508088566503,-0.40805559727187,8.2253100854724e-05,-4.4394336164846e-05
1.83875,-0.83775481907844,-0.4017825533651,8.2145995434862e-05,-4.5041874036897e-05
1.839,-0.84038202978951,-0.39548200714441,8.2032880854472e-05,-4.5690189050024e-05
1.83925,-0.84296216269225,-0.38915416346717,8.1913674792367e-05,-4.6339192522159e-05
1.8395,-0.84549485992775,-0.38279922894706,8.1788293389574e-05,-4.6988790729666e-05
1.83975,-0.84797976078818,-0.37641741198593,8.1656651239975e-05,-4.7638884550415e-05
1.84,-0.85041650161753,-0.3700089228076,8.1518661386951e-05,-4.8289369076535e-05
1.84025,-0.8528047157092,-0.36357397349365,8.1374235327275e-05,-4.8940133193906e-05
1.8405,-0.85514403320032,-0.35711277802132,8.1223283023736e-05,-4.9591059125108e-05
1.84075,-0.85743408096261,-0.35062555230371,8.1065712928235e-05,-5.0242021932213e-05
1.841,-0.85967448248966,-0.34411251423226,8.0901432017415e-05,-5.0892888975382e-05
1.84125,-0.86186485778072,-0.33757388372175,8.073034584322e-05,-5.1543519322805e-05
1.8415,-0.86400482322054,-0.33100988275789,8.0552358601244e-05,-5.219376310703e-05
1.84175,-0.86609399145548,-0.32442073544762,8.0367373220192e-05,-5.2843460822165e-05
1.842,-0.86813197126554,-0.31780666807235,8.0175291476431e-05,-5.3492442555824e-05
1.84225,-0.87011836743223,-0.31116790914419,7.997601413824e-05,-5.4140527149016e-05
1.8425,-0.87205278060226,-0.30450468946535,7.9769441145285e-05,-5.4787521276399e-05
1.84275,-0.87393480714666,-0.29781724219099,7.9555471829779e-05,-5.5433218438477e-05
1.843,-0.87576403901552,-0.29110580289547,7.9334005186992e-05,-5.6077397856388e-05
1.84325,-0.8775400635879,-0.28437060964243,7.910494020419e-05,-5.6719823258851e-05
1.8435,-0.87926246351689,-0.27761190305878,7.8868176258723e-05,-5.7360241549741e-05
1.84375,-0.88093081656974,-0.27082992641269,7.8623613598008e-05,-5.799838134344e-05
1.844,-0.88254469546266,-0.26402492569611,7.8371153916523e-05,-5.8633951353719e-05
1.84425,-0.88410366769041,-0.2571971497117,7.8110701047748e-05,-5.9266638620428e-05
1.8445,-0.88560729535028,-0.25034685016469,7.7842161792462e-05,-5.9896106556554e-05
1.84475,-0.88705513496039,-0.24347428175974,7.7565446908817e-05,-6.0521992796487e-05
1.845,-0.88844673727208,-0.23657970230316,7.7280472294564e-05,-6.1143906824418e-05
1.84525,-0.88978164707623,-0.22966337281081,7.6987160397699e-05,-6.1761427359854e-05
1.8455,-0.8910594030033,-0.22272555762186,7.6685441898868e-05,-6.237409947523e-05
1.84575,-0.89227953731687,-0.21576652451882,7.6375257717446e-05,-6.2981431418627e-05
1.846,-0.89344157570051,-0.20878654485427,7.6056561403508e-05,-6.3582891112789e-05
1.84625,-0.89454503703771,-0.2017858936843,7.572932199034e-05,-6.4177902300103e-05
1.8465,-0.89558943318467,-0.19476484990957,7.5393527397195e-05,-6.4765840302151e-05
1.84675,-0.89657426873579,-0.18772369642384,7.5049188490148e-05,-6.5346027362285e-05
1.847,-0.89749904078151,-0.18066272027077,7.4696343930874e-05,-6.5917727540714e-05
1.84725,-0.89836323865831,-0.17358221280936,7.43350659697e-05,-6.6480141134539e-05
1.8475,-0.89916634369065,-0.16648246988825,7.3965467371363e-05,-6.7032398600882e-05
1.84775,-0.8999078289246,-0.15936379202987,7.358770970057e-05,-6.7573553970812e-05
1.848,-0.90058715885276,-0.15222648462441,7.320201324107e-05,-6.8102577756986e-05
1.84825,-0.9012037891305,-0.14507085813459,7.2808668877884e-05,-6.8618349380779e-05
1.8485,-0.90175716628285,-0.13789722831166,7.2408052339344e-05,-6.9119649178471e-05
1.84875,-0.90224672740215,-0.13070591642322,7.2000641275235e-05,-6.9605150094765e-05
1.849,-0.90267189983591,-0.12349724949358,7.1587035741462e-05,-7.0073409241194e-05
1.84925,-0.90303210086467,-0.11627156055737,7.1167982771601e-05,-7.0522859594517e-05
1.8495,-0.90332673736966,-0.10902918892716,7.0744405842304e-05,-7.0951802246038e-05
1.84975,-0.90355520548976,-0.1017704804757,7.031744018215e-05,-7.1358399800697e-05
1.85,-0.90371689026768,-0.09449578793398,6.9888475029294e-05,-7.1740671782646e-05
1.85025,-0.90381116528481,-0.087205471205549,6.9459204104825e-05,-7.2096493255471e-05
1.8505,-0.90383739228472,-0.079899897698412,6.9031685722223e-05,-7.2423598340524e-05
1.85075,-0.90379492078468,-0.072579442675265,6.8608414073469e-05,-7.2719590954267e-05
1.851,-0.90368308767514,-0.065244489623194,6.8192403277148e-05,-7.298196593169e-05
1.85125,-0.9035012168067,-0.05789543064402,6.7787285674862e-05,-7.3208144812039e-05
1.8515,-0.90324861856428,-0.05053266686632,6.739742551238e-05,-7.3395531993289e-05
1.85175,-0.9029245894283,-0.043156608880574,6.7028048377763e-05,-7.3541598765177e-05
1.852,-0.90252841152232,-0.035767677198592,6.6685385348959e-05,-7.3644004934484e-05
1.85225,-0.90205935214704,-0.028366302738737,6.6376828382566e-05,-7.3700770325686e-05
1.8525,-0.90151666330028,-0.020952927338457,6.6111089581032e-05,-7.3710511215434e-05
1.85275,-0.90089958118265,-0.013528004295649,6.5898350997938e-05,-7.3672759351381e-05
1.853,-0.90020732568858,-0.0060919989405648,6.5750382866643e-05,-7.3588382838524e-05
1.85325,-0.89943909988255,0.0013546107598588,6.5680595871782e-05,-7.3460127466356e-05
1.8535,-0.89859408946018,0.0088113335634729,6.5703976946411e-05,-7.3293291745032e-05
1.85375,-0.89767146219397,0.016277664278104,6.5836838589409e-05,-7.3096535669806e-05
1.854,-0.89667036736351,0.023753083048239,6.6096291271106e-05,-7.2882797610224e-05
1.85425,-0.8955899351699,0.031237054601101,6.6499332882476e-05,-7.2670250869149e-05
1.8545,-0.89442927613436,0.038729027449474,6.706144911164e-05,-7.2483168036118e-05
1.85475,-0.89318748048081,0.046228433048886,6.7794650704698e-05,-7.2352479393796e-05
1.855,-0.89186361750239,0.05373468490634,6.8704958437592e-05,-7.2315725099092e-05
1.85525,-0.89045673491195,0.061247177637618,6.9789501421497e-05,-7.2416041909159e-05
1.8555,-0.88896585817645,0.068765285970243,7.1033616910693e-05,-7.2699846926463e-05
1.85575,-0.88738998983556,0.076288363688614,7.2408586806759e-05,-7.3213045698006e-05
1.856,-0.88572810880437,0.083815742517998,7.3870818002334e-05,-7.3995938071893e-05
1.85625,-0.88397916966084,0.091346730943612,7.5363230223077e-05,-7.507748365115e-05
1.8565,-0.88214210191803,0.098880612960792,7.6819242031284e-05,-7.6470063869133e-05
1.85675,-0.88021580928183,0.1064166467522,7.8169059504391e-05,-7.816609355905e-05
1.857,-0.8781991688946,0.11395406328757,7.934718827126e-05,-8.0137578886577e-05
1.85725,-0.87609103056575,0.12149206484117,8.0299562957016e-05,-8.2338979970405e-05
1.8575,-0.87389021598981,0.12902982342222,8.0988712945023e-05,-8.4712781597491e-05
1.85775,-0.8715955179534,0.13656647911267,8.1395984679086e-05,-8.7196424850188e-05
1.858,-0.86920569953219,0.14410113830683,8.152073797257e-05,-8.972902518078e-05
1.85825,-0.86671949327946,0.1516328718469,8.1377221744681e-05,-9.2256627386883e-05
1.8585,-0.86413560040799,0.15916071304784,8.0990230583232e-05,-9.4735387861151e-05
1.85875,-0.86145268996732,0.16668365560505,8.0390609789055e-05,-9.7132712588518e-05
1.859,-0.85866939801877,0.17420065137749,7.9611364997647e-05,-9.9426800417634e-05
1.85925,-0.85578432681093,0.18171060803869,7.8684745222613e-05,-0.00010160519380523
1.8595,-0.85279604395869,0.1892123865877,7.7640349827765e-05,-0.00010366288968132
1.85975,-0.84970308162942,0.19670479871116,7.6504116430082e-05,-0.0001056004145293
1.86,-0.84650393574023,0.20418660398771,7.5297968449303e-05,-0.00010742210400515
1.86025,-0.84319706517104,0.2116565069249,7.4039900250345e-05,-0.00010913469415704
1.8605,-0.83978089099847,0.21911315381864,7.2744316008552e-05,-0.00011074624225719
1.86075,-0.83625379575652,0.22655512942421,7.1422488033578e-05,-0.000112265345889
1.861,-0.83261412273056,0.23398095342771,7.0083046127141e-05,-0.00011370060807442
1.86125,-0.82886017529213,0.24138907670572,6.8732445569513e-05,-0.00011506029275205
1.8615,-0.82499021628283,0.24877787736071,6.7375386763656e-05,-0.00011635212037041
1.86175,-0.82100246745671,0.25614565651863,6.6015176035079e-05,-0.00011758316229131
1.862,-0.8168951089917,0.26349063387476,6.4654026873886e-05,-0.00011875980204688
1.86225,-0.81266627908167,0.27081094297308,6.3293306132322e-05,-0.00011988773980603
1.8625,-0.80831407362253,0.27810462620331,6.1933732019301e-05,-0.00012097202317373
1.86275,-0.80383654600686,0.28536962949977,6.0575531345051e-05,-0.00012201709265514
1.863,-0.79923170704353,0.29260379672467,5.9218563147878e-05,-0.00012302683396763
1.86325,-0.79449752502064,0.29980486371805,5.7862415070459e-05,-0.0001240046321447
1.8635,-0.78963192593208,0.30697045199601,5.650647793313e-05,-0.00012495342430367
1.86375,-0.78463279389044,0.31409806207761,5.5150003034606e-05,-0.00012587574926389
1.864,-0.77949797175146,0.32118506642069,5.3792145874314e-05,-0.0001267737930769
1.86425,-0.77422526197797,0.32822870194578,5.2431999266345e-05,-0.0001276494300957
1.8645,-0.76881242777466,0.33522606212682,5.1068618208188e-05,-0.00012850425956402
1.86475,-0.76325719452785,0.342174088627,4.9701038370025e-05,-0.00012933963791603
1.865,-0.75755725158884,0.3490695624574,4.8328289669206e-05,-0.00013015670709185
1.86525,-0.75171025444301,0.35590909463597,4.6949406074439e-05,-0.00013095641922688
1.8655,-0.74571382731167,0.3626891163243,4.5563432531061e-05,-0.00013173955808762
1.86575,-0.73956556623841,0.36940586841969,4.416942969969e-05,-0.00013250675761699
1.866,-0.73326304271738,0.37605539058028,4.2766477044768e-05,-0.00013325851792997
1.86625,-0.72680380792652,0.38263350966194,4.1353674687974e-05,-0.00013399521907102
1.8665,-0.72018539763564,0.38913582754634,3.9930144347015e-05,-0.00013471713281314
1.86675,-0.71340533786593,0.39555770834136,3.8495029606942e-05,-0.00013542443274674
1.867,-0.70646115138551,0.40189426493689,3.7047495714304e-05,-0.00013611720287633
1.86725,-0.69935036513372,0.40814034490167,3.5586729040582e-05,-0.00013679544491543
1.8675,-0.69207051867603,0.41429051571034,3.4111936327381e-05,-0.00013745908444477
1.86775,-0.68461917380125,0.42033904929395,3.2622343799791e-05,-0.00013810797607669
1.868,-0.67699392538305,0.42627990591264,3.111719621427e-05,-0.00013874190774887
1.86825,-0.66919241363921,0.43210671735536,2.9595755892046e-05,-0.00013936060425336
1.8685,-0.66121233793431,0.43781276947952,2.8057301777399e-05,-0.00013996373009183
1.86875,-0.65305147228378,0.44339098411286,2.6501128551288e-05,-0.00014055089173537
1.869,-0.64470768273153,0.44883390035076,2.4926545824209e-05,-0.00014112163935553
1.86925,-0.63617894678713,0.4541336552959,2.3332877427301e-05,-0.00014167546808443
1.8695,-0.62746337512368,0.45928196430251,2.1719460817121e-05,-0.00014221181885306
1.86975,-0.61855923575279,0.46427010080616,2.0085646607068e-05,-0.00014273007885046
1.87,-0.60946498090907,0.4690888758413,1.8430798236802e-05,-0.00014322958164027
1.87025,-0.60017927689206,0.47372861737408,1.6754291789948e-05,-0.00014370960696662
1.8705,-0.59070103712995,0.47817914960663,1.5055515969977e-05,-0.00014416938027706
1.87075,-0.58102945874411,0.48242977244271,1.3333872244012e-05,-0.00014460807198691
1.871,-0.57116406290845,0.48646924134272,1.1588775164632e-05,-0.00014502479650718
1.87125,-0.56110473931021,0.49028574783995,9.8196528802743e-06,-0.00014541861105573
1.8715,-0.55085179502975,0.49386690103977,8.0259478455117e-06,-0.00014578851427043
1.87175,-0.54040600816475,0.49719971047991,6.207117743511e-06,-0.00014613344464183
1.872,-0.52976868652787,0.50027057079318,4.3626366339206e-06,-0.00014645227878317
1.87225,-0.51894173174554,0.50306524868553,2.4919963406669e-06,-0.00014674382955523
1.8725,-0.50792770907765,0.50556887282116,5.947080953752e-07,-0.00014700684406501
1.87275,-0.49672992326119,0.50776592729419,-1.3296955466137e-06,-0.00014724000155826
1.873,-0.48535250065405,0.50964024946245,-3.2816584992941e-06,-0.00014744191122856
1.87325,-0.47380047791606,0.51117503302393,-5.2615986284432e-06,-0.00014761110996811
1.8735,-0.46207989740936,0.51235283732924,-7.2699049025527e-06,-0.00014774606008948
1.87375,-0.4501979094271,0.51315560404424,-9.3069341900469e-06,-0.00014784514705203
1.874,-0.43816288126592,0.51356468240402,-1.1373007679464e-05,-0.00014790667723268
1.87425,-0.42598451303687,0.51356086443112,-1.3468406898353e-05,-0.00014792887578719
1.8745,-0.41367395996239,0.51312443162463,-1.5593369305759e-05,-0.00014790988465715
1.87475,-0.40124396072442,0.51223521475961,-1.7748083432714e-05,-0.00014784776078711
1.875,-0.38870897121058,0.51087266856242,-1.993268354486e-05,-0.00014774047462878
1.87525,-0.37608530274524,0.50901596314318,-2.214724380142e-05,-0.00014758590902295
1.8755,-0.36339126358705,0.50664409416204,-2.4391771885304e-05,-0.0001473818585668
1.87575,-0.35064730212125,0.50373601377459,-2.6666202079916e-05,-0.00014712602959403
1.876,-0.33787614977077,0.50027078443104,-2.8970387769672e-05,-0.00014681604091889
1.87625,-0.32510296119503,0.49622775758245,-3.1304093342755e-05,-0.00014644942552304
1.8765,-0.31235544883989,0.49158677925975,-3.3666985476429e-05,-0.00014602363339754
1.87675,-0.29966400835007,0.48632842432192,-3.6058623786882e-05,-0.00014553603579148
1.877,-0.28706183076592,0.48043426089977,-3.847845082641e-05,-0.00014498393116575
1.87725,-0.27458499680848,0.47388714617309,-4.0925781409997e-05,-0.0001443645532059
1.8775,-0.26227254793008,0.46667155409065,-4.3399791249721e-05,-0.0001436750813147
1.87775,-0.25016652819397,0.45877393495699,-4.589950486639e-05,-0.00014291265408326
1.878,-0.2383119904756,0.45018310594942,-4.842378273076e-05,-0.00014207438633359
1.87825,-0.22675695998845,0.44089067057985,-5.0971307556306e-05,-0.00014115739043613
1.8785,-0.21555234777301,0.430891463873,-5.3540569615204e-05,-0.00014015880273662
1.87875,-0.20475180660047,0.42018401859506,-5.6129850868948e-05,-0.00013907581607943
1.879,-0.19441152179318,0.40877104625003,-5.8737207579994e-05,-0.00013790571959083
1.87925,-0.18458992981192,0.39665992479047,-6.1360450881251e-05,-0.00013664594708486
1.8795,-0.1753473581721,0.38386318311219,-6.3997124496696e-05,-0.00013529413567164
1.87975,-0.16674558138584,0.37039897048259,-6.664447838968e-05,-0.00013384819636988
1.88,-0.15884728923759,0.35629149717732,-6.9299436511748e-05,-0.00013230639872745
1.88025,-0.151715465824,0.34157143087817,-7.1958555962861e-05,-0.00013066747158424
1.8805,-0.14541268043767,0.32627623194659,-7.4617973664332e-05,-0.00012893072208393
1.88075,-0.14000029453152,0.31045040967539,-7.7273334982554e-05,-0.00012709617470269
1.881,-0.13553759261078,0.29414568119235,-7.9919696514705e-05,-0.00012516473116478
1.88125,-0.13208084886037,0.27742101499576,-8.255139237645e-05,-0.00012313835025641
1.8815,-0.12968234547848,0.26034254228238,-8.5161849836821e-05,-0.00012102024311827
1.88175,-0.12838936285308,0.24298332139485,-8.7743336291301e-05,-0.00011881507369582
1.882,-0.1282431656441,0.22542294392952,-9.0286616118767e-05,-0.00011652914443837
1.88225,-0.12927801224581,0.20774697531104,-9.2780494629894e-05,-0.00011417053260687
1.8825,-0.13152021770843,0.19004622788089,-9.5211230344102e-05,-0.00011174912136127
1.88275,-0.13498730170978,0.17241587060242,-9.7561811794385e-05,-0.00010927644198631
1.883,-0.13968725333391,0.15495438610904,-9.9811129280349e-05,-0.00010676521226531
1.88325,-0.14561794304231,0.13776239268259,-0.00010193313564691,-0.00010422843106108
1.8835,-0.15276670921102,0.12094135545442,-0.00010389619089959,-0.00010167789211135
1.88375,-0.16111014196239,0.10459221723872,-0.00010566291764056,-9.9122046976746e-05
1.884,-0.17061408087552,0.088813984499606,-0.00010719102072735,-9.6563322595656e-05
1.88425,-0.18123383577495,0.073702307620871,-0.00010843555774611,-9.3995309052662e-05
1.8845,-0.19291463154858,0.059348096563991,-0.00010935295425685,-9.1400630338708e-05
1.88475,-0.20559226929985,0.045836212951555,-0.00010990652964317,-8.8750613502259e-05
1.885,-0.21919398761672,0.033244277525201,-0.00011007249325232,-8.6007775912505e-05
1.88525,-0.23363949987186,0.02164162787401,-0.00010984464138076,-8.3131409186225e-05
1.8855,-0.24884217674745,0.011088455536107,-0.00010923589782983,-8.0085271109025e-05
1.88575,-0.26471033801334,0.0016351444011682,-0.00010827574929203,-7.684523840492e-05
1.886,-0.281148614271,-0.0066781757615333,-0.00010700421963318,-7.3404527259984e-05
1.88625,-0.29805933805436,-0.013821855339988,-0.00010546439059209,-6.9775038251058e-05
1.8865,-0.31534392434972,-0.019776733575916,-0.0001036957986398,-6.5984961192612e-05
1.88675,-0.33290420311576,-0.024533940819318,-0.00010173026925714,-6.2074029415845e-05
1.887,-0.35064367047918,-0.028094512027622,-9.9590535520735e-05,-5.8088173059088e-05
1.88725,-0.36846863059956,-0.030468834658707,-9.7291043280671e-05,-5.4074900181299e-05
1.8875,-0.38628920632323,-0.031675958052456,-9.4839976358048e-05,-5.0080018353896e-05
1.88775,-0.40402020326232,-0.031742793756519,-9.2241634148789e-05,-4.6145714010013e-05
1.888,-0.4215818184396,-0.030703237074333,-8.9498597800071e-05,-4.2309690612256e-05
1.88825,-0.43890019078431,-0.028597239538472,-8.6613422833307e-05,-3.8604990397742e-05
1.8885,-0.45590779627032,-0.025469860252678,-8.3589805418731e-05,-3.5060181292374e-05
1.88875,-0.47254369516112,-0.021370321357313,-8.043328016001e-05,-3.1699690219852e-05
1.889,-0.4887536425499,-0.016351089529461,-7.7151547554793e-05,-2.8544156383674e-05
1.88925,-0.50449007612063,-0.010467001698819,-7.3754530644368e-05,-2.5610745348328e-05
1.8895,-0.5197119968372,-0.0037744492883678,-7.0254245242356e-05,-2.2913406485088e-05
1.88975,-0.53438475916652,0.003669368516241,-6.6664549209727e-05,-2.0463078591772e-05
1.89,-0.54847978757649,0.011807115538053,-6.3000819216594e-05,-1.8267857966224e-05
1.89025,-0.56197423555133,0.020581909711147,-5.9279590046146e-05,-1.6333145235606e-05
1.8905,-0.57485060237782,0.029937833596028,-5.5518181656417e-05,-1.4661785421869e-05
1.89075,-0.5870963216149,0.039820365715376,-5.1734332179468e-05,-1.3254212267941e-05
1.891,-0.5987033335909,0.050176735969114,-4.7945849989373e-05,-1.2108604012889e-05
1.89125,-0.60966765259029,0.060956209786927,-4.4170294240353e-05,-1.122105424334e-05
1.8915,-0.61998893768482,0.072110306658787,-4.0424690391414e-05,-1.0585758468246e-05
1.89175,-0.62967007450563,0.083592959299524,-3.6725284893426e-05,-1.0195214771282e-05
1.892,-0.63871677369612,0.095360620006992,-3.3087341248384e-05,-1.0040435287854e-05
1.89225,-0.6471371903662,0.10737232082031,-2.9524977974757e-05,-1.0111164271778e-05
1.8925,-0.65494156760809,0.11958969393004,-2.6051047593841e-05,-1.0396098070917e-05
1.89275,-0.66214190604295,0.13197695848647,-2.2677054581497e-05,-1.0883102319492e-05
1.893,-0.66875166044409,0.14450087953824,-1.9413109307474e-05,-1.1559421974056e-05
1.89325,-0.67478546372189,0.15713070435134,-1.626791430759e-05,-1.2411880371486e-05
1.8935,-0.68025887794422,0.16983808083842,-1.3248778792554e-05,-1.3427064182262e-05
1.89375,-0.68518817159065,0.18259696229495,-1.0361657073269e-05,-1.4591491894707e-05
1.894,-0.68959012188242,0.19538350211348,-7.6112065495751e-06,-1.5891764234118e-05
1.89425,-0.69348184077636,0.20817594164223,-5.0008610372484e-06,-1.7314695647884e-05
1.8945,-0.6968806230439,0.22095449388078,-2.5329154623488e-06,-1.8847426640567e-05
1.89475,-0.69980381476078,0.23370122526999,-2.0861829890958e-07,-2.0477517301256e-05
1.895,-0.70226870049466,0.24639993743837,1.9717314664092e-06,-2.2193022819168e-05
1.89525,-0.70429240748562,0.25903605041514,4.0086856197213e-06,-2.3982552131558e-05
1.8955,-0.7058918251561,0.27159648850969,5.9035485850783e-06,-2.5835311095261e-05
1.89575,-0.70708353835489,0.28406956978742,7.6582817634825e-06,-2.7741131729399e-05
1.896,-0.70788377282512,0.29644489983974,9.2754118303707e-06,-2.9690489154089e-05
1.89625,-0.70830835148382,0.308713270349,1.0757944102773e-05,-3.1674507861617e-05
1.8965,-0.70837266020487,0.32086656278302,1.2109281756217e-05,-3.3684958916123e-05
1.89675,-0.70809162190372,0.33289765741733,1.3333151385334e-05,-3.571424959811e-05
1.897,-0.70747967782945,0.34480034776985,1.4433535161082e-05,-3.7755406902499e-05
1.89725,-0.70655077507333,0.35656926044265,1.5414609639887e-05,-3.9802056173456e-05
1.8975,-0.705318359403,0.36819978029342,1.6280691122618e-05,-4.1848396024407e-05
1.89775,-0.7037953726258,0.37968798080307,1.7036187340063e-05,-4.3889170553696e-05
1.898,-0.70199425377302,0.39103055946427,1.7685555152221e-05,-4.5919639731036e-05
1.89825,-0.69992694347826,0.4022247779844,1.8233263886512e-05,-4.7935548700423e-05
1.8985,-0.69760489099867,0.41326840707526,1.8683763900643e-05,-4.9933096624572e-05
1.89875,-0.69503906339549,0.42415967558853,1.9041459935152e-05,-5.1908905585648e-05
1.899,-0.69223995645294,0.43489722374849,1.9310688814791e-05,-5.3859989957914e-05
1.89925,-0.68921760696968,0.44548006023161,1.9495701063645e-05,-5.5783726580323e-05
1.8995,-0.68598160610721,0.45590752284444,1.9600646013244e-05,-5.7677825980604e-05
1.89975,-0.68254111352421,0.46617924255616,1.9629560003557e-05,-5.9540304836719e-05
1.9,-0.67890487206493,0.47629511064969,1.95863573016e-05,-6.1369459805807e-05
1.90025,-0.67508122280487,0.4862552487642,1.9474823389789e-05,-6.3163842804087e-05
1.9005,-0.67107812028757,0.49605998161215,1.9298610304906e-05,-6.4922237782672e-05
1.90075,-0.66690314781322,0.50570981216517,1.9061233737456e-05,-6.6643639013017e-05
1.901,-0.66256353266318,0.5152053991147,1.8766071629728e-05,-6.8327230870703e-05
1.90125,-0.65806616116503,0.52454753642458,1.8416364038218e-05,-6.9972369086743e-05
1.9015,-0.65341759352032,0.53373713480537,1.8015214052121e-05,-7.1578563420717e-05
1.90175,-0.64862407833256,0.54277520495051,1.7565589583824e-05,-7.3145461698955e-05
1.902,-0.64369156678583,0.55166284238671,1.7070325869833e-05,-7.4672835153357e-05
1.90225,-0.63862572643605,0.56040121380102,1.6532128541095e-05,-7.6160564991267e-05
1.9025,-0.63343195458596,0.56899154471746,1.5953577140365e-05,-7.7608630123972e-05
1.90275,-0.6281153912233,0.57743510840608,1.5337128981079e-05,-7.901709598027e-05
1.903,-0.62268093150851,0.5857332159162,1.4685123257285e-05,-8.0386104331752e-05
1.90325,-0.61713323780363,0.59388720713449,1.3999785327556e-05,-8.1715864057769e-05
1.9035,-0.61147675123923,0.60189844277652,1.3283231107712e-05,-8.3006642780189e-05
1.90375,-0.60571570281994,0.60976829722783,1.2537471517598e-05,-8.4258759300695e-05
1.904,-0.59985412407232,0.61749815215784,1.1764416936339e-05,-8.5472576776589e-05
1.90425,-0.59389585724138,0.62508939083622,1.0965881628453e-05,-8.6648496574365e-05
1.9045,-0.58784456504449,0.63254339308725,1.0143588110144e-05,-8.7786952743927e-05
1.90475,-0.58170373999238,0.63986153082326,9.2991714310712e-06,-8.8888407059911e-05
1.905,-0.57547671328891,0.64704516410362,8.4341833520375e-06,-8.9953344580189e-05
1.90525,-0.56916666332168,0.65409563766965,7.5500964034489e-06,-9.0982269675137e-05
1.9055,-0.56277662375661,0.661014277911,6.6483078131232e-06,-9.1975702484731e-05
1.90575,-0.55630949124977,0.66780239022199,5.7301432952366e-06,-9.2934175763798e-05
1.906,-0.54976803279024,0.67446125671092,4.796860694832e-06,-9.3858232078907e-05
1.90625,-0.54315489268784,0.68099213422776,3.8496534845752e-06,-9.4748421323367e-05
1.9065,-0.53647259921953,0.687396252679,2.8896541123057e-06,-9.5605298519575e-05
1.90675,-0.52972357094833,0.69367481360137,1.9179371994314e-06,-9.6429421880623e-05
1.907,-0.52291012272819,0.69982898896792,9.3552259151038e-07,-9.7221351105461e-05
1.90725,-0.51603447140849,0.70585992020292,-5.6621736669442e-08,-9.7981645884237e-05
1.9075,-0.5090987412509,0.71176871738364,-1.0575769183764e-06,-9.8710864592497e-05
1.90775,-0.50210496907187,0.71755645860915,-2.0664705708186e-06,-9.9409563154884e-05
1.908,-0.49505510912291,0.72322418951779,-3.0824743054076e-06,-0.00010007829406077
1.90825,-0.48795103772097,0.72877292293685,-4.1048013678045e-06,-0.00010071760551585
1.9085,-0.48079455764084,0.73420363864903,-5.1327044029055e-06,-0.00010132804071535
1.90875,-0.47358740228084,0.73951728326197,-6.165473339798e-06,-0.00010191013722561
1.909,-0.46633123961316,0.74471477016789,-7.2024333915782e-06,-0.00010246442646249
1.90925,-0.45902767592945,0.74979697958203,-8.2429431649508e-06,-0.00010299143325569
1.9095,-0.45167825939204,0.75476475864902,-9.2863928745189e-06,-0.00010349167548957
1.90975,-0.44428448340122,0.75961892160764,-1.0332202656739e-05,-0.00010396566381167
1.91,-0.43684778978771,0.76436025000527,-1.1379820978638e-05,-0.00010441390140115
1.91025,-0.42936957184038,0.76898949295379,-1.2428723136464e-05,-0.00010483688379024
1.9105,-0.42185117717775,0.77350736741986,-1.3478409839625e-05,-0.0001052350987322
1.91075,-0.41429391047232,0.77791455854288,-1.4528405875395e-05,-0.00010560902611029
1.911,-0.40669903603608,0.78221171997473,-1.5578258850038e-05,-0.00010595913788256
1.91125,-0.39906778027535,0.78639947423576,-1.662753800217e-05,-0.00010628589805797
1.9115,-0.39140133402257,0.79047841308233,-1.767583308436e-05,-0.0001065897626997
1.91175,-0.38370085475303,0.79444909788144,-1.8722753309122e-05,-0.000106871179952
1.912,-0.37596746869325,0.79831205998848,-1.9767926355669e-05,-0.00010713059008737
1.91225,-0.3682022728283,0.80206780112478,-2.0810997433932e-05,-0.00010736842557112
1.9125,-0.36040633681476,0.80571679375156,-2.1851628402515e-05,-0.00010758511114066
1.91275,-0.35258070480555,0.80925948143786,-2.2889496937497e-05,-0.00010778106389731
1.913,-0.34472639719305,0.81269627921971,-2.3924295749028e-05,-0.00010795669340851
1.91325,-0.33684441227625,0.81602757394856,-2.4955731842954e-05,-0.00010811240181853
1.9135,-0.3289357278578,0.8192537246271,-2.5983525824773e-05,-0.00010824858396624
1.91375,-0.32100130277639,0.82237506273077,-2.700741124338e-05,-0.00010836562750834
1.914,-0.31304207837958,0.82539189251364,-2.8027133972247e-05,-0.00010846391304684
1.91425,-0.30505897994243,0.82830449129743,-2.9042451625756e-05,-0.00010854381425971
1.9145,-0.29705291803658,0.83111310974268,-3.005313300857e-05,-0.00010860569803364
1.91475,-0.28902478985446,0.83381797210128,-3.1058957596039e-05,-0.00010864992459815
1.915,-0.28097548049338,0.83641927644952,-3.2059715043735e-05,-0.00010867684766014
1.91525,-0.27290586420361,0.83891719490141,-3.3055204724358e-05,-0.00010868681453846
1.9155,-0.26481680560466,0.84131187380149,-3.4045235290323e-05,-0.00010868016629762
1.91575,-0.25670916087417,0.84360343389713,-3.502962426044e-05,-0.00010865723788051
1.916,-0.24858377891287,0.8457919704899,-3.6008197629227e-05,-0.00010861835823935
1.91625,-0.24044150248984,0.84787755356607,-3.6980789497437e-05,-0.00010856385046477
1.9165,-0.23228316937167,0.84986022790602,-3.7947241722491e-05,-0.00010849403191255
1.91675,-0.22410961343915,0.8517400131728,-3.8907403587581e-05,-0.00010840921432793
1.917,-0.21592166579514,0.85351690397972,-3.9861131488276e-05,-0.00010830970396702
1.91725,-0.20772015586711,0.85519086993745,-4.0808288635545e-05,-0.00010819580171542
1.9175,-0.19950591250787,0.85676185568057,-4.1748744774163e-05,-0.0001080678032037
1.91775,-0.19127976509787,0.85822978087402,-4.2682375915524e-05,-0.00010792599891968
1.918,-0.18304254465258,0.85959454019989,-4.3609064083978e-05,-0.00010777067431752
1.91825,-0.17479508493834,0.86085600332471,-4.4528697075797e-05,-0.00010760210992336
1.9185,-0.16653822360004,0.862014014848,-4.5441168230003e-05,-0.00010742058143765
1.91875,-0.15827280330419,0.86306839423239,-4.6346376210284e-05,-0.00010722635983405
1.919,-0.14999967290081,0.864018935716,-4.7244224797268e-05,-0.0001070197114549
1.91925,-0.14171968860765,0.86486540820783,-4.8134622690525e-05,-0.00010680089810325
1.9195,-0.13343371522023,0.86560755516672,-4.9017483319623e-05,-0.0001065701771315
1.91975,-0.12514262735171,0.86624509446475,-4.9892724663667e-05,-0.0001063278015266
1.92,-0.11684731070584,0.86677771823622,-5.0760269078751e-05,-0.00010607401999194
1.92025,-0.10854866338716,0.86720509271274,-5.16200431328e-05,-0.00010580907702586
1.9205,-0.10024759725246,0.8675268580461,-5.247197744728e-05,-0.00010553321299682
1.92075,-0.091945039307204,0.86774262811958,-5.3316006545335e-05,-0.00010524666421542
1.921,-0.083641933151694,0.86785199034966,-5.4152068705877e-05,-0.0001049496630031
1.92125,-0.075339240480786,0.8678545054791,-5.4980105823213e-05,-0.00010464243775771
1.9215,-0.067037942642178,0.86774970736342,-5.5800063271813e-05,-0.00010432521301598
1.92175,-0.058739042257805,0.86753710275254,-5.6611889775821e-05,-0.00010399820951285
1.922,-0.050443564913193,0.86721617106969,-5.7415537282965e-05,-0.00010366164423782
1.92225,-0.042152560920158,0.86678636418969,-5.8210960842491e-05,-0.00010331573048831
1.9225,-0.033867107158076,0.86624710621961,-5.8998118486821e-05,-0.00010296067792003
1.92275,-0.025588308999278,0.86559779328416,-5.9776971116582e-05,-0.00010259669259447
1.923,-0.017317302324757,0.86483779331924,-6.0547482388722e-05,-0.00010222397702352
1.92325,-0.0090552556359574,0.86396644587732,-6.130961860741e-05,-0.00010184273021126
1.9235,-0.00080337226935272,0.86298306194804,-6.2063348617426e-05,-0.00010145314769286
1.92375,0.0074371072795391,0.86188692379902,-6.2808643699768e-05,-0.00010105542157081
1.924,0.015664902915631,0.86067728484123,-6.3545477469195e-05,-0.00010064974054827
1.92425,0.023878692379986,0.85935336952448,-6.427382577345e-05,-0.00010023628995971
1.9245,0.03207710855379,0.85791437326899,-6.4993666593875e-05,-9.9815251798758e-05
1.92475,0.040258736622919,0.85635946243949,-6.570497994718e-05,-9.9386804743292e-05
1.925,0.048422111094342,0.85468777436937,-6.6407747788073e-05,-9.8951124177788e-05
1.92525,0.056565712655844,0.8528984174429,-6.7101953912513e-05,-9.8508382212826e-05
1.9255,0.064687964869926,0.85099047124437,-6.7787583861295e-05,-9.8058747701795e-05
1.92575,0.072787230692277,0.84896298678441,-6.8464624823703e-05,-9.760238625474e-05
1.926,0.080861808805318,0.84681498681422,-6.9133065540955e-05,-9.7139460249291e-05
1.92625,0.088909929756252,0.84454546623999,-6.9792896209127e-05,-9.6670128838627e-05
1.9265,0.096929751889576,0.84215339265105,-7.0444108381284e-05,-9.6194547956397e-05
1.92675,0.10491935706308,0.83963770697658,-7.1086694868484e-05,-9.5712870318516e-05
1.927,0.11287674613623,0.83699732428717,-7.1720649639321e-05,-9.5225245421737e-05
1.92725,0.12079983421988,0.83423113475971,-7.2345967717669e-05,-9.4731819538879e-05
1.9275,0.12868644567584,0.83133800482514,-7.2962645078246e-05,-9.4232735710589e-05
1.92775,0.13653430885466,0.82831677852159,-7.3570678539591e-05,-9.3728133733486e-05
1.928,0.1443410505602,0.82516627907675,-7.4170065654041e-05,-9.3218150144517e-05
1.92825,0.15210419022962,0.82188531074649,-7.4760804594225e-05,-9.2702918201333e-05
1.9285,0.15982113381724,0.81847266093889,-7.534289403559e-05,-9.2182567858486e-05
1.92875,0.16748916737174,0.81492710265602,-7.5916333034398e-05,-9.1657225739191e-05
1.929,0.17510545029609,0.81124739728903,-7.6481120900593e-05,-9.1127015102409e-05
1.92925,0.18266700828062,0.80743229780508,-7.70372570649e-05,-9.0592055804939e-05
1.9295,0.1901707259007,0.80348055236897,-7.7584740939415e-05,-9.0052464258203e-05
1.92975,0.19761333887148,0.7993909084458,-7.8123571770884e-05,-8.9508353379356e-05
1.93,0.2049914259542,0.79516211743585,-7.8653748485816e-05,-8.8959832536325e-05
1.93025,0.21230140050997,0.79079293989693,-7.9175269526413e-05,-8.8407007486326e-05
1.9305,0.21953950170014,0.78628215141504,-7.9688132676264e-05,-8.7849980307372e-05
1.93075,0.22670178533471,0.78162854918919,-8.0192334874559e-05,-8.7288849322218e-05
1.931,0.23378411437425,0.77683095940215,-8.0687872017473e-05,-8.6723709014162e-05
1.93125,0.24078214909498,0.77188824545467,-8.1174738745209e-05,-8.6154649934011e-05
1.9315,0.24769133693192,0.76679931714769,-8.1652928212974e-05,-8.5581758597496e-05
1.93175,0.2545069020207,0.76156314090328,-8.2122431843974e-05,-8.5005117372326e-05
1.932,0.26122383446638,0.75617875112221,-8.2583239062255e-05,-8.4424804353967e-05
1.93225,0.26783687937537,0.75064526278379,-8.3035337002948e-05,-8.3840893229177e-05
1.9325,0.27434052569633,0.74496188540044,-8.3478710197125e-05,-8.3253453126204e-05
1.93275,0.28072899492744,0.73912793844773,-8.3913340228135e-05,-8.2662548450414e-05
1.933,0.28699622975985,0.73314286839777,-8.4339205355828e-05,-8.2068238704067e-05
1.93325,0.29313588274246,0.72700626749171,-8.4756280104591e-05,-8.1470578288723e-05
1.9335,0.29914130506951,0.720717894394,-8.5164534810526e-05,-8.0869616288693e-05
1.93375,0.30500553561242,0.71427769687804,-8.5563935122446e-05,-8.0265396233737e-05
1.934,0.31072129033881,0.70768583669863,-8.5954441450556e-05,-7.9657955839045e-05
1.93425,0.31628095228634,0.70094271681134,-8.6336008355792e-05,-7.9047326720334e-05
1.9345,0.32167656228725,0.69404901110253,-8.6708583871699e-05,-7.8433534081692e-05
1.93475,0.32689981067016,0.68700569679479,-8.7072108749478e-05,-7.7816596373546e-05
1.935,0.33194203020055,0.67981408969167,-8.7426515615352e-05,-7.7196524917917e-05
1.93525,0.33679419055988,0.67247588242115,-8.7771728027645e-05,-7.6573323497826e-05
1.9355,0.34144689470543,0.66499318582894,-8.8107659418908e-05,-7.5946987907471e-05
1.93575,0.34589037749904,0.65736857365994,-8.8434211905976e-05,-7.5317505459501e-05
1.936,0.35011450704341,0.64960513064698,-8.8751274947897e-05,-7.4684854445451e-05
1.93625,0.35410878921834,0.6417065041003,-8.9058723828238e-05,-7.4049003545101e-05
1.9365,0.35786237596659,0.63367695905717,-8.9356417934055e-05,-7.3409911180365e-05
1.93675,0.36136407793993,0.62552143700702,-8.9644198798846e-05,-7.2767524809043e-05
1.937,0.36460238217803,0.61724561815275,-8.9921887870762e-05,-7.2121780153799e-05
1.93725,0.36756547555737,0.60885598710062,-9.0189283960058e-05,-7.1472600361719e-05
1.9375,0.37024127481052,0.60035990178861,-9.044616031095e-05,-7.0819895090151e-05
1.93775,0.37261746397795,0.59176566536392,-9.0692261232233e-05,-7.0163559515144e-05
1.938,0.37468154021171,0.58308260060274,-9.0927298207942e-05,-6.9503473259911e-05
1.93825,0.37642086889982,0.57432112632779,-9.1150945393114e-05,-6.883949924258e-05
1.9385,0.37782274911889,0.5654928351201,-9.1362834379951e-05,-6.8171482445242e-05
1.93875,0.37887449044574,0.5566105714393,-9.1562548095057e-05,-6.7499248610577e-05
1.939,0.3795635021611,0.54768850906194,-9.1749613658009e-05,-6.6822602878503e-05
1.93925,0.3798773958548,0.53874222651809,-9.1923493993555e-05,-6.6141328384371e-05
1.9395,0.37980410238421,0.52978877895616,-9.2083577942185e-05,-6.5455184853285e-05
1.93975,0.37933200403974,0.52084676459505,-9.2229168554189e-05,-6.4763907243975e-05
1.94,0.37845008262436,0.51193638363581,-9.2359469176904e-05,-6.4067204522574e-05
1.94025,0.37714808394926,0.50307948720874,-9.2473566849439e-05,-6.3364758685334e-05
1.9405,0.37541669897809,0.49429961363315,-9.257041239764e-05,-6.2656224204686e-05
1.94075,0.37324776150734,0.48562200897759,-9.26487964669e-05,-6.1941228152575e-05
1.941,0.37063446184569,0.47707362864203,-9.2707320531449e-05,-6.1219371369572e-05
1.94125,0.36757157544274,0.4686831164564,-9.2744361662845e-05,-6.0490231213752e-05
1.9415,0.3640557048173,0.46048075762357,-9.27580295104e-05,-5.9753366663796e-05
1.94175,0.36008553244614,0.45249840175031,-9.2746113519975e-05,-5.9008326901589e-05
1.942,0.35566208150373,0.44476935223509,-9.2706017866827e-05,-5.8254665014964e-05
1.94225,0.35078898050319,0.43732821844215,-9.2634680867835e-05,-5.7491959222899e-05
1.9425,0.34547272699791,0.43021072741566,-9.2528474726862e-05,-5.6719845159328e-05
1.94275,0.33972294459059,0.42345349240281,-9.238308030891e-05,-5.5938064452203e-05
1.943,0.33355262659786,0.41709373618388,-9.2193330194243e-05,-5.5146537404426e-05
1.94325,0.32697835888066,0.41116896816618,-9.1953011521493e-05,-5.4345471497739e-05
1.9435,0.32002051362754,0.4057166153981,-9.1654618157877e-05,-5.3535523448452e-05
1.94375,0.31270340533212,0.40077360909312,-9.1289039798287e-05,-5.2718041828851e-05
1.944,0.30505539990296,0.39637592990269,-9.0845174391768e-05,-5.1895431699983e-05
1.94425,0.29710896785244,0.39255811700471,-9.030945146477e-05,-5.1071705210026e-05
1.9445,0.28890067289371,0.38935274802234,-8.966526109117e-05,-5.0253317195683e-05
1.94475,0.28047108808574,0.38678989877879,-8.8892304247119e-05,-4.9450439089595e-05
1.945,0.27186463294365,0.38489659383034,-8.7965931440715e-05,-4.8678906666075e-05
1.94525,0.26312932668952,0.3836962604875,-8.6856651426269e-05,-4.7963196157648e-05
1.9455,0.25431645504383,0.38320820051051,-8.5530237604932e-05,-4.7340938294246e-05
1.94575,0.24548015060127,0.38344709472081,-8.3949363852272e-05,-4.686962917304e-05
1.946,0.23667688981285,0.38442255628673,-8.2078682421843e-05,-4.6636168976974e-05
1.94625,0.22796491278819,0.38613874831513,-7.9897000534502e-05,-4.6769130920019e-05
1.9465,0.21940357538569,0.38859408053937,-7.7422758290556e-05,-4.7450905253478e-05
1.94675,0.21105264619594,0.39178099830407,-7.4760832294602e-05,-4.8919427330091e-05
1.947,0.20297156385846,0.39568587472245,-7.2173135525798e-05,-5.1434284591995e-05
1.94725,0.19521867249155,0.40028901389193,-7.0146467000238e-05,-5.5165781639354e-05
1.9475,0.18785045469281,0.40556476951535,-6.9366243161369e-05,-5.9986850930901e-05
1.94775,0.1809207824435,0.41148177935754,-7.0465863490485e-05,-6.5275499410127e-05
1.948,0.17448020623342,0.4180033118732,-7.3592685823072e-05,-7.0004874298747e-05
1.94825,0.16857530178238,0.42508771729832,-7.8184538252078e-05,-7.3240775014264e-05
1.9485,0.16324809189825,0.43268897173441,-8.3278832131901e-05,-7.4635149693249e-05
1.94875,0.15853555837333,0.4407572994884,-8.8048167050686e-05,-7.4443181164935e-05
1.949,0.15446925552814,0.44923985634458,-9.2065089049473e-05,-7.3186124497379e-05
1.94925,0.15107503325601,0.4580814546745,-9.5242718368678e-05,-7.1352378761614e-05
1.9495,0.14837287342316,0.46722531041291,-9.7671898620066e-05,-6.9283869083394e-05
1.94975,0.14637683946313,0.47661379196097,-9.9498857730421e-05,-6.7182535251985e-05
1.95,0.14509513519336,0.48618915197251,-0.00010086509559608,-6.5152876024259e-05
