1.7,0.67944315329586,0.6894955784197,-2.6257501727834e-05,1.4864318115024e-05
1.70025,0.6836539771095,0.68519616042093,-2.6208241230345e-05,1.5030949104826e-05
1.7005,0.68783959756172,0.68086992206381,-2.615818048069e-05,1.5197704606906e-05
1.70075,0.69199982694435,0.67651699873616,-2.6107316229481e-05,1.5364581540529e-05
1.701,0.69613447824023,0.67213752720123,-2.6055645228764e-05,1.5531576797705e-05
1.70125,0.70024336513332,0.6677316455939,-2.6003164232156e-05,1.5698687243091e-05
1.7015,0.7043263020188,0.66329949341688,-2.5949869994988e-05,1.5865909713889e-05
1.70175,0.70838310401304,0.6588412115369,-2.5895759274445e-05,1.6033241019753e-05
1.702,0.71241358696357,0.65435694218084,-2.5840828829707e-05,1.6200677942688e-05
1.70225,0.71641756745901,0.64984682893159,-2.5785075422093e-05,1.6368217236955e-05
1.7025,0.7203948628392,0.64531101672394,-2.5728495815204e-05,1.6535855628971e-05
1.70275,0.72434529120479,0.64074965184065,-2.5671086775069e-05,1.6703589817221e-05
1.703,0.72826867142735,0.63616288190795,-2.5612845070287e-05,1.6871416472156e-05
1.70325,0.73216482315903,0.63155085589139,-2.5553767472178e-05,1.70393322361e-05
1.7035,0.73603356684246,0.62691372409135,-2.5493850754927e-05,1.7207333723157e-05
1.70375,0.73987472372042,0.62225163813872,-2.5433091695731e-05,1.7375417519118e-05
1.704,0.74368811584565,0.6175647509902,-2.5371487074952e-05,1.7543580181366e-05
1.70425,0.74747356609052,0.61285321692381,-2.5309033676263e-05,1.7711818238788e-05
1.7045,0.75123089815657,0.60811719153418,-2.5245728286798e-05,1.7880128191676e-05
1.70475,0.75495993658421,0.60335683172791,-2.5181567697307e-05,1.8048506511644e-05
1.705,0.75866050676229,0.59857229571847,-2.5116548702303e-05,1.8216949641531e-05
1.70525,0.76233243493762,0.5937637430216,-2.5050668100218e-05,1.8385453995319e-05
1.7055,0.76597554822451,0.58893133445019,-2.4983922693558e-05,1.8554015958034e-05
1.70575,0.76958967461409,0.58407523210938,-2.4916309289051e-05,1.8722631885664e-05
1.706,0.77317464298378,0.57919559939129,-2.484782469781e-05,1.8891298105071e-05
1.70625,0.77673028310684,0.57429260096987,-2.4778465735483e-05,1.9060010913902e-05
1.7065,0.78025642566135,0.56936640279607,-2.4708229222411e-05,1.9228766580502e-05
1.70675,0.78375290223981,0.5644171720917,-2.4637111983786e-05,1.9397561343828e-05
1.707,0.78721954535822,0.55944507734492,-2.456511084981e-05,1.9566391413368e-05
1.70725,0.79065618846529,0.55445028830436,-2.4492222655851e-05,1.973525296905e-05
1.7075,0.79406266595161,0.54943297597355,-2.4418444242603e-05,1.9904142161162e-05
1.70775,0.79743881315879,0.54439331260569,-2.4343772456248e-05,2.0073055110268e-05
1.708,0.80078446638857,0.53933147169755,-2.4268204148614e-05,2.0241987907126e-05
1.70825,0.80409946291153,0.53424762798426,-2.419173617734e-05,2.0410936612605e-05
1.7085,0.8073836409765,0.52914195743307,-2.4114365406032e-05,2.0579897257604e-05
1.70875,0.81063683981931,0.52401463723801,-2.4036088704433e-05,2.0748865842973e-05
1.709,0.81385889967139,0.51886584581356,-2.395690294858e-05,2.0917838339431e-05
1.70925,0.81704966176906,0.51369576278884,-2.3876805020973e-05,2.1086810687489e-05
1.7095,0.82020896836195,0.50850456900182,-2.3795791810733e-05,2.1255778797371e-05
1.70975,0.82333666272196,0.50329244649271,-2.3713860213775e-05,2.1424738548935e-05
1.71,0.82643258915173,0.49805957849841,-2.3631007132967e-05,2.15936857916e-05
1.71025,0.82949659299337,0.49280614944596,-2.35472294783e-05,2.1762616344264e-05
1.7105,0.83252852063723,0.48753234494611,-2.3462524167054e-05,2.1931525995235e-05
1.71075,0.83552821952991,0.48223835178776,-2.3376888123962e-05,2.210041050215e-05
1.711,0.8384955381834,0.47692435793052,-2.3290318281383e-05,2.2269265591906e-05
1.71125,0.84143032618292,0.47159055249898,-2.3202811579467e-05,2.2438086960584e-05
1.7115,0.84433243419559,0.46623712577622,-2.3114364966324e-05,2.260687027338e-05
1.71175,0.84720171397871,0.46086426919665,-2.3024975398195e-05,2.2775611164526e-05
1.712,0.850038018388,0.45547217534023,-2.2934639839619e-05,2.2944305237227e-05
1.71225,0.85284120138563,0.45006103792523,-2.2843355263605e-05,2.3112948063587e-05
1.7125,0.8556111180488,0.4446310518014,-2.2751118651802e-05,2.3281535184539e-05
1.71275,0.85834762457735,0.43918241294382,-2.265792699467e-05,2.3450062109777e-05
1.713,0.86105057830218,0.43371531844554,-2.2563777291653e-05,2.3618524317689e-05
1.71325,0.86371983769281,0.42822996651071,-2.2468666551346e-05,2.3786917255286e-05
1.7135,0.86635526236594,0.42272655644816,-2.2372591791672e-05,2.3955236338142e-05
1.71375,0.86895671309271,0.41720528866343,-2.2275550040053e-05,2.4123476950321e-05
1.714,0.87152405180669,0.41166636465295,-2.2177538333582e-05,2.4291634444317e-05
1.71425,0.8740571416119,0.40610998699588,-2.2078553719195e-05,2.4459704140986e-05
1.7145,0.87655584679024,0.40053635934753,-2.1978593253849e-05,2.4627681329487e-05
1.71475,0.87902003280906,0.394945686432,-2.1877654004691e-05,2.4795561267213e-05
1.715,0.88144956632897,0.38933817403521,-2.1775733049231e-05,2.4963339179735e-05
1.71525,0.8838443152113,0.38371402899704,-2.1672827475523e-05,2.5131010260736e-05
1.7155,0.88620414852543,0.37807345920456,-2.1568934382331e-05,2.5298569671954e-05
1.71575,0.8885289365563,0.37241667358414,-2.146405087931e-05,2.5466012543118e-05
1.716,0.89081855081166,0.36674388209473,-2.1358174087178e-05,2.5633333971893e-05
1.71625,0.89307286402956,0.36105529571952,-2.125130113789e-05,2.5800529023818e-05
1.7165,0.89529175018533,0.35535112645915,-2.1143429174815e-05,2.596759273225e-05
1.71675,0.89747508449873,0.34963158732346,-2.1034555352911e-05,2.6134520098307e-05
1.717,0.89962274344124,0.34389689232465,-2.09246768389e-05,2.6301306090812e-05
1.71725,0.90173460474295,0.33814725646909,-2.081379081144e-05,2.6467945646235e-05
1.7175,0.90381054739959,0.33238289574968,-2.0701894461308e-05,2.663443366864e-05
1.71775,0.90585045167928,0.3266040271383,-2.0588984991568e-05,2.680076502963e-05
1.718,0.90785419912962,0.32081086857791,-2.0475059617751e-05,2.6966934568296e-05
1.71825,0.90982167258433,0.31500363897467,-2.0360115568029e-05,2.7132937091158e-05
1.7185,0.91175275616982,0.30918255819044,-2.024415008339e-05,2.729876737212e-05
1.71875,0.91364733531224,0.3033478470343,-2.0127160417816e-05,2.7464420152412e-05
1.719,0.91550529674347,0.29749972725538,-2.0009143838454e-05,2.7629890140542e-05
1.71925,0.91732652850837,0.29163842153384,-1.9890097625795e-05,2.7795172012249e-05
1.7195,0.91911091997059,0.28576415347388,-1.9770019073848e-05,2.7960260410445e-05
1.71975,0.92085836181927,0.27987714759557,-1.9648905490316e-05,2.8125149945173e-05
1.72,0.92256874607535,0.27397762932585,-1.9526754196769e-05,2.8289835193556e-05
1.72025,0.9242419660977,0.26806582499153,-1.940356252882e-05,2.8454310699749e-05
1.7205,0.92587791658949,0.26214196181077,-1.92793278363e-05,2.8618570974892e-05
1.72075,0.92747649360423,0.25620626788441,-1.915404748343e-05,2.8782610497063e-05
1.721,0.92903759455174,0.25025897218871,-1.9027718849001e-05,2.8946423711232e-05
1.72125,0.93056111820422,0.24430030456615,-1.8900339326538e-05,2.9110005029215e-05
1.7215,0.93204696470229,0.2383304957178,-1.8771906324485e-05,2.9273348829629e-05
1.72175,0.93349503556068,0.23234977719509,-1.8642417266368e-05,2.9436449457848e-05
1.722,0.93490523367399,0.22635838139083,-1.8511869590976e-05,2.9599301225958e-05
1.72225,0.93627746332269,0.22035654153146,-1.8380260752526e-05,2.9761898412715e-05
1.7225,0.93761163017834,0.21434449166855,-1.8247588220842e-05,2.9924235263498e-05
1.72275,0.93890764130963,0.20832246667018,-1.8113849481523e-05,3.0086305990271e-05
1.723,0.94016540518764,0.20229070221264,-1.7979042036115e-05,3.0248104771537e-05
1.72325,0.94138483169123,0.19624943477221,-1.7843163402282e-05,3.0409625752299e-05
1.7235,0.94256583211263,0.19019890161633,-1.7706211113976e-05,3.0570863044017e-05
1.72375,0.94370831916267,0.18413934079513,-1.7568182721607e-05,3.0731810724565e-05
1.724,0.94481220697601,0.17807099113318,-1.7429075792211e-05,3.0892462838195e-05
1.72425,0.94587741111623,0.17199409222073,-1.7288887909623e-05,3.1052813395491e-05
1.7245,0.94690384858116,0.16590888440514,-1.7147616674639e-05,3.1212856373333e-05
1.72475,0.94789143780765,0.15981560878233,-1.7005259705187e-05,3.1372585714857e-05
1.725,0.9488400986767,0.15371450718858,-1.6861814636495e-05,3.153199532941e-05
1.72525,0.94974975251847,0.14760582219091,-1.6717279121253e-05,3.1691079092519e-05
1.7255,0.95062032211669,0.14148979707938,-1.6571650829783e-05,3.1849830845846e-05
1.72575,0.95145173171406,0.13536667585828,-1.64249274502e-05,3.2008244397148e-05
1.726,0.95224390701622,0.12923670323702,-1.6277106688578e-05,3.2166313520244e-05
1.72625,0.95299677519701,0.12310012462184,-1.6128186269113e-05,3.2324031954972e-05
1.7265,0.95371026490261,0.11695718610719,-1.5978163934283e-05,3.2481393407149e-05
1.72675,0.95438430625618,0.11080813446643,-1.5827037445015e-05,3.2638391548538e-05
1.727,0.95501883086221,0.10465321714372,-1.5674804580838e-05,3.2795020016804e-05
1.72725,0.95561377181099,0.09849268224505,-1.5521463140048e-05,3.2951272415479e-05
1.7275,0.9561690636827,0.09232677852984,-1.5367010939868e-05,3.310714231392e-05
1.72775,0.95668464255166,0.086155755401184,-1.5211445816599e-05,3.3262623247275e-05
1.728,0.95716044599067,0.079979862898531,-1.5054765625784e-05,3.3417708716439e-05
1.72825,0.95759641307482,0.073799351687554,-1.489696824236e-05,3.357239218802e-05
1.7285,0.95799248438553,0.067614473052251,-1.4738051560813e-05,3.3726667094296e-05
1.72875,0.95834860201448,0.061425478885921,-1.4578013495332e-05,3.3880526833181e-05
1.729,0.95866470956753,0.055232621682255,-1.4416851979964e-05,3.4033964768178e-05
1.72925,0.95894075216864,0.049036154526603,-1.425456496876e-05,3.4186974228345e-05
1.7295,0.95917667646302,0.042836331087277,-1.4091150435931e-05,3.4339548508255e-05
1.72975,0.95937243062146,0.036633405606911,-1.3926606375994e-05,3.4491680867951e-05
1.73,0.95952796434347,0.030427632892958,-1.3760930803918e-05,3.4643364532909e-05
1.73025,0.95964322886099,0.024219268309848,-1.3594121755275e-05,3.4794592693997e-05
1.7305,0.9597181769416,0.018008567769447,-1.3426177286384e-05,3.494535850743e-05
1.73075,0.95975276289212,0.011795787722597,-1.325709547445e-05,3.5095655094731e-05
1.731,0.95974694256183,0.005581185150309,-1.3086874417716e-05,3.5245475542685e-05
1.73125,0.95970067334555,-0.00063498244501845,-1.2915512235593e-05,3.5394812903297e-05
1.7315,0.95961391418699,-0.0068524570484991,-1.2743007068811e-05,3.554366019375e-05
1.73175,0.95948662558172,-0.013070980141636,-1.2569357079548e-05,3.5692010396354e-05
1.732,0.95931876958028,-0.019290292710624,-1.2394560451573e-05,3.5839856458506e-05
1.73225,0.95911030979093,-0.025510135255634,-1.2218615390376e-05,3.5987191292641e-05
1.7325,0.95886121138273,-0.031730247799395,-1.204152012331e-05,3.6134007776184e-05
1.73275,0.95857144108834,-0.037950369895773,-1.1863272899714e-05,3.6280298751501e-05
1.733,0.95824096720657,-0.044170240638821,-1.1683871991049e-05,3.6426057025852e-05
1.73325,0.95786975960521,-0.050389598671015,-1.1503315691025e-05,3.6571275371337e-05
1.7335,0.95745778972361,-0.056608182192778,-1.1321602315731e-05,3.6715946524848e-05
1.73375,0.95700503057525,-0.062825728970377,-1.1138730203758e-05,3.6860063188011e-05
1.734,0.95651145674995,-0.069041976344885,-1.0954697716323e-05,3.7003618027138e-05
1.73425,0.95597704441662,-0.075256661241173,-1.0769503237391e-05,3.7146603673164e-05
1.7345,0.95540177132544,-0.081469520176038,-1.0583145173798e-05,3.7289012721598e-05
1.73475,0.95478561680998,-0.087680289267373,-1.0395621955367e-05,3.7430837732458e-05
1.735,0.95412856178968,-0.093888704242275,-1.0206932035026e-05,3.7572071230213e-05
1.73525,0.95343058877168,-0.10009450044594,-1.001707388892e-05,3.7712705703724e-05
1.7355,0.9526916818531,-0.1062974128504,-9.8260460165267e-06,3.7852733606178e-05
1.73575,0.95191182672288,-0.11249717606261,-9.6338469407686e-06,3.7992147355023e-05
1.736,0.9510910106638,-0.11869352433357,-9.4404752081178e-06,3.8130939331901e-05
1.73625,0.95022922255432,-0.12488619156626,-9.2459293887061e-06,3.826910188258e-05
1.7365,0.94932645287038,-0.1310749113245,-9.0502080764279e-06,3.8406627316884e-05
1.73675,0.94838269368702,-0.13725941684154,-8.8533098890449e-06,3.854350790862e-05
1.737,0.94739793868017,-0.14343944102787,-8.6552334682852e-06,3.8679735895498e-05
1.73725,0.94637218312822,-0.1496147164805,-8.4559774799422e-06,3.8815303479062e-05
1.7375,0.94530542391351,-0.15578497549048,-8.2555406139713e-06,3.8950202824604e-05
1.73775,0.94419765952387,-0.16194995005198,-8.053921584584e-06,3.9084426061083e-05
1.738,0.94304889005384,-0.16810937187011,-7.8511191303392e-06,3.9217965281045e-05
1.73825,0.94185911720623,-0.17426297236946,-7.6471320142337e-06,3.9350812540529e-05
1.7385,0.9406283442933,-0.18041048270232,-7.4419590237883e-06,3.9482959858981e-05
1.73875,0.93935657623787,-0.18655163375685,-7.2355989711346e-06,3.9614399219161e-05
1.739,0.93804381957474,-0.19268615616523,-7.0280506930959e-06,3.9745122567047e-05
1.73925,0.93669008245137,-0.198813780312,-6.8193130512682e-06,3.9875121811736e-05
1.7395,0.93529537462933,-0.20493423634185,-6.6093849320981e-06,4.0004388825342e-05
1.73975,0.93385970748491,-0.21104725416815,-6.3982652469582e-06,4.0132915442893e-05
1.74,0.93238309401025,-0.21715256348037,-6.1859529322194e-06,4.0260693462221e-05
1.74025,0.93086554881406,-0.22324989375263,-5.9724469493222e-06,4.0387714643848e-05
1.7405,0.92930708812239,-0.22933897425142,-5.7577462848433e-06,4.0513970710875e-05
1.74075,0.92770772977948,-0.23541953404347,-5.5418499505623e-06,4.0639453348862e-05
1.741,0.92606749324821,-0.24149130200363,-5.3247569835236e-06,4.0764154205702e-05
1.74125,0.92438639961087,-0.24755400682268,-5.1064664460958e-06,4.0888064891498e-05
1.7415,0.92266447156964,-0.2536073770151,-4.8869774260304e-06,4.101117697843e-05
1.74175,0.92090173344697,-0.25965114092689,-4.6662890365158e-06,4.113348200062e-05
1.742,0.91909821118616,-0.26568502674303,-4.4444004162287e-06,4.1254971453995e-05
1.74225,0.91725393235172,-0.27170876249507,-4.2213107293848e-06,4.1375636796139e-05
1.7425,0.91536892612949,-0.27772207606908,-3.9970191657835e-06,4.1495469446149e-05
1.74275,0.91344322332709,-0.28372469521262,-3.7715249408531e-06,4.1614460784481e-05
1.743,0.91147685637397,-0.28971634754255,-3.5448272956909e-06,4.1732602152788e-05
1.74325,0.90946985932166,-0.29569676055231,-3.3169254971009e-06,4.1849884853765e-05
1.7435,0.90742226784388,-0.30166566161916,-3.0878188376297e-06,4.1966300150971e-05
1.74375,0.90533411923631,-0.30762277801163,-2.8575066355985e-06,4.2081839268664e-05
1.744,0.90320545241694,-0.3135678368965,-2.6259882351314e-06,4.2196493391618e-05
1.74425,0.90103630792571,-0.31950056534616,-2.3932630061837e-06,4.2310253664939e-05
1.7445,0.89882672792454,-0.32542069034559,-2.159330344563e-06,4.2423111193877e-05
1.74475,0.89657675619706,-0.33132793879926,-1.9241896719517e-06,4.2535057043624e-05
1.745,0.89428643814838,-0.33722203753833,-1.687840435923e-06,4.2646082239117e-05
1.74525,0.89195582080488,-0.34310271332731,-1.4502821099555e-06,4.2756177764829e-05
1.7455,0.88958495281384,-0.34896969287088,-1.2115141934448e-06,4.2865334564552e-05
1.74575,0.88717388444303,-0.35482270282077,-9.7153621171163e-07,4.2973543541172e-05
1.746,0.88472266758034,-0.36066146978228,-7.3034771600636e-07,4.3080795556448e-05
1.74625,0.88223135573324,-0.36648572032086,-4.8794828351201e-07,4.3187081430769e-05
1.7465,0.87970000402832,-0.37229518096871,-2.4433751734169e-07,4.3292391942917e-05
1.74675,0.8771286692107,-0.37808957823107,4.8495346421602e-10,4.3396717829809e-05
1.747,0.87451740964338,-0.38386863859272,2.4651947394632e-07,4.3500049786248e-05
1.74725,0.8718662853066,-0.38963208852412,4.9376636323753e-07,4.3602378464649e-05
1.7475,0.86917535779725,-0.39537965448761,7.4222591457555e-07,4.3703694474769e-05
1.74775,0.86644469032791,-0.4011110629435,9.9189839532077e-07,4.3803988383426e-05
1.748,0.86367434772628,-0.40682604035618,1.2427840469771e-06,4.3903250714204e-05
1.74825,0.86086439643424,-0.41252431319982,1.4948830852142e-06,4.4001471947157e-05
1.7485,0.85801490450693,-0.41820560796436,1.748195699896e-06,4.40986425185e-05
1.74875,0.85512594161208,-0.42386965116117,2.0027220551089e-06,4.4194752820287e-05
1.749,0.85219757902879,-0.42951616932876,2.2584622891965e-06,4.4289793200092e-05
1.74925,0.84922988964671,-0.43514488903817,2.5154165147963e-06,4.4383753960666e-05
1.7495,0.84622294796504,-0.44075553689855,2.7735848188785e-06,4.4476625359591e-05
1.74975,0.8431768300914,-0.44634783956235,3.03296726279e-06,4.4568397608925e-05
1.75,0.84009161374075,-0.45192152373078,3.2935638823014e-06,4.4659060874834e-05
1.75025,0.8369673782344,-0.45747631615864,3.5553746876553e-06,4.4748605277213e-05
1.7505,0.8338042044987,-0.46301194365957,3.8183996636212e-06,4.4837020889296e-05
1.75075,0.83060217506405,-0.46852813311083,4.0826387695505e-06,4.492429773726e-05
1.751,0.82736137406345,-0.47402461145822,4.3480919394365e-06,4.5010425799808e-05
1.75125,0.82408188723156,-0.47950110572059,4.6147590819784e-06,4.5095395007747e-05
1.7515,0.82076380190321,-0.48495734299454,4.8826400806459e-06,4.5179195243552e-05
1.75175,0.8174072070122,-0.49039305045881,5.1517347937499e-06,4.5261816340918e-05
1.752,0.81401219309003,-0.49580795537871,5.4220430545154e-06,4.5343248084298e-05
1.75225,0.81057885226457,-0.50120178511011,5.6935646711564e-06,4.5423480208427e-05
1.7525,0.80710727825864,-0.50657426710372,5.966299426957e-06,4.5502502397836e-05
1.75275,0.80359756638869,-0.51192512890893,6.2402470803521e-06,4.5580304286353e-05
1.753,0.80004981356345,-0.5172540981777,6.5154073650138e-06,4.5656875456577e-05
1.75325,0.79646411828249,-0.52256090266817,6.7917799899417e-06,4.5732205439361e-05
1.7535,0.79284058063475,-0.52784527024829,7.0693646395526e-06,4.5806283713255e-05
1.75375,0.78917930229724,-0.53310692889911,7.3481609737772e-06,4.5879099703953e-05
1.754,0.7854803865335,-0.53834560671817,7.6281686281589e-06,4.5950642783713e-05
1.75425,0.78174393819217,-0.5435610319226,7.9093872139535e-06,4.6020902270767e-05
1.7545,0.77797006370558,-0.54875293285205,8.191816318236e-06,4.6089867428708e-05
1.75475,0.77415887108821,-0.55392103797153,8.4754555040058e-06,4.6157527465872e-05
1.755,0.7703104699353,-0.55906507587412,8.7603043102985e-06,4.6223871534687e-05
1.75525,0.76642497142129,-0.5641847752835,9.0463622522996e-06,4.6288888731021e-05
1.7555,0.76250248829847,-0.56927986505621,9.3336288214599e-06,4.6352568093494e-05
1.75575,0.75854313489543,-0.57435007418398,9.6221034856149e-06,4.641489860279e-05
1.756,0.75454702711557,-0.5793951317957,9.9117856891076e-06,4.6475869180935e-05
1.75625,0.75051428243571,-0.58441476715927,1.0202674852912e-05,4.6535468690564e-05
1.7565,0.74644501990464,-0.58940870968331,1.0494770374761e-05,4.6593685934165e-05
1.75675,0.74233936014164,-0.59437668891873,1.0788071629277e-05,4.6650509653302e-05
1.757,0.73819742533503,-0.59931843455999,1.1082577968104e-05,4.6705928527818e-05
1.75725,0.73401933924087,-0.6042336764463,1.137828872004e-05,4.6759931175021e-05
1.7575,0.72980522718142,-0.60912214456262,1.1675203191181e-05,4.6812506148836e-05
1.75775,0.72555521604391,-0.61398356904039,1.1973320665053e-05,4.6863641938947e-05
1.758,0.72126943427905,-0.61881768015817,1.2272640402759e-05,4.691332696991e-05
1.75825,0.71694801189987,-0.623624208342,1.2573161643122e-05,4.6961549600244e-05
1.7585,0.7125910804802,-0.62840288416566,1.287488360283e-05,4.7008298121492e-05
1.75875,0.70819877315366,-0.63315343835057,1.3177805476586e-05,4.705356075727e-05
1.759,0.70377122461223,-0.63787560176562,1.3481926437254e-05,4.7097325662274e-05
1.75925,0.69930857110515,-0.64256910542678,1.3787245636019e-05,4.7139580921278e-05
1.7595,0.69481095043773,-0.6472336804964,1.4093762202528e-05,4.7180314548088e-05
1.75975,0.6902785019703,-0.65186905828232,1.4401475245057e-05,4.7219514484484e-05
1.76,0.68571136661706,-0.65647497023689,1.4710383850658e-05,4.7257168599124e-05
1.76025,0.6811096868451,-0.66105114795551,1.5020487085322e-05,4.7293264686422e-05
1.7605,0.67647360667349,-0.6655973231752,1.5331783994135e-05,4.73277904654e-05
1.76075,0.6718032716723,-0.67011322777269,1.5644273601435e-05,4.7360733578501e-05
1.761,0.66709882896182,-0.67459859376247,1.5957954910978e-05,4.7392081590382e-05
1.76125,0.66236042721176,-0.67905315329446,1.6272826906092e-05,4.7421821986669e-05
1.7615,0.65758821664053,-0.68347663865146,1.6588888549845e-05,4.7449942172677e-05
1.76175,0.65278234901463,-0.68786878224639,1.6906138785197e-05,4.7476429472103e-05
1.762,0.64794297764808,-0.69222931661916,1.7224576535172e-05,4.7501271125682e-05
1.76225,0.64307025740197,-0.6965579744334,1.7544200703008e-05,4.7524454289805e-05
1.7625,0.63816434468399,-0.70085448847282,1.7865010172329e-05,4.7545966035107e-05
1.76275,0.63322539744828,-0.70511859163732,1.8187003807293e-05,4.7565793345015e-05
1.763,0.6282535751951,-0.70935001693877,1.8510180452761e-05,4.7583923114256e-05
1.76325,0.62324903897073,-0.71354849749665,1.883453893445e-05,4.7600342147331e-05
1.7635,0.61821195136758,-0.71771376653316,1.9160078059091e-05,4.7615037156946e-05
1.76375,0.61314247652422,-0.72184555736822,1.9486796614582e-05,4.7627994762405e-05
1.764,0.6080407801256,-0.72594360341406,1.9814693370145e-05,4.7639201487959e-05
1.76425,0.6029070294035,-0.73000763816951,2.0143767076472e-05,4.7648643761113e-05
1.7645,0.59774139313687,-0.73403739521402,2.0474016465876e-05,4.7656307910892e-05
1.76475,0.59254404165258,-0.73803260820124,2.0805440252435e-05,4.7662180166058e-05
1.765,0.58731514682611,-0.74199301085235,2.1138037132136e-05,4.7666246653281e-05
1.76525,0.58205488208245,-0.74591833694907,2.147180578301e-05,4.7668493395269e-05
1.7655,0.57676342239718,-0.74980832032617,2.180674486527e-05,4.7668906308843e-05
1.76575,0.57144094429765,-0.75366269486384,2.2142853021437e-05,4.7667471202966e-05
1.766,0.56608762586442,-0.75748119447947,2.2480128876471e-05,4.7664173776718e-05
1.76625,0.56070364673276,-0.7612635531192,2.2818571037883e-05,4.7658999617226e-05
1.7665,0.55528918809442,-0.76500950474906,2.3158178095859e-05,4.7651934197529e-05
1.76675,0.54984443269955,-0.7687187833457,2.349894862336e-05,4.7642962874402e-05
1.767,0.54436956485883,-0.77239112288671,2.3840881176226e-05,4.7632070886113e-05
1.76725,0.5388647704458,-0.77602625734054,2.4183974293273e-05,4.7619243350126e-05
1.7675,0.5333302368994,-0.77962392065607,2.4528226496377e-05,4.7604465260747e-05
1.76775,0.52776615322677,-0.78318384675163,2.4873636290554e-05,4.7587721486709e-05
1.768,0.52217271000621,-0.7867057695037,2.5220202164026e-05,4.7568996768691e-05
1.76825,0.51655009939048,-0.79018942273508,2.5567922588287e-05,4.7548275716776e-05
1.7685,0.51089851511025,-0.7936345402027,2.5916796018149e-05,4.7525542807846e-05
1.76875,0.50521815247789,-0.79704085558486,2.6266820891781e-05,4.7500782382908e-05
1.769,0.49950920839153,-0.80040810246808,2.6617995630737e-05,4.7473978644345e-05
1.76925,0.49377188133931,-0.80373601433344,2.6970318639974e-05,4.7445115653113e-05
1.7695,0.48800637140407,-0.80702432454239,2.7323788307852e-05,4.7414177325843e-05
1.76975,0.48221288026822,-0.81027276632213,2.7678403006124e-05,4.738114743189e-05
1.77,0.47639161121903,-0.81348107275042,2.8034161089906e-05,4.7346009590292e-05
1.77025,0.47054276915419,-0.81664897673983,2.839106089764e-05,4.7308747266657e-05
1.7705,0.46466656058771,-0.81977621102157,2.8749100751037e-05,4.7269343769969e-05
1.77075,0.45876319365621,-0.82286250812865,2.9108278954995e-05,4.7227782249307e-05
1.771,0.45283287812562,-0.8259076003785,2.9468593797511e-05,4.7184045690488e-05
1.77125,0.44687582539815,-0.82891121985511,2.9830043549567e-05,4.7138116912617e-05
1.7715,0.44089224851979,-0.83187309839044,3.0192626464993e-05,4.708997856455e-05
1.77175,0.43488236218817,-0.83479296754532,3.0556340780312e-05,4.7039613121264e-05
1.772,0.42884638276082,-0.83767055858971,3.0921184714566e-05,4.6987002880136e-05
1.77225,0.42278452826395,-0.84050560248234,3.1287156469107e-05,4.6932129957126e-05
1.7725,0.41669701840169,-0.84329782984971,3.1654254227373e-05,4.6874976282855e-05
1.77275,0.41058407456573,-0.84604697096438,3.202247615463e-05,4.6815523598591e-05
1.773,0.40444591984563,-0.84875275572269,3.2391820397693e-05,4.6753753452124e-05
1.77325,0.39828277903946,-0.85141491362168,3.2762285084608e-05,4.6689647193536e-05
1.7735,0.39209487866514,-0.8540331737354,3.313386832431e-05,4.6623185970864e-05
1.77375,0.38588244697228,-0.85660726469045,3.3506568206245e-05,4.6554350725641e-05
1.774,0.37964571395462,-0.85913691464079,3.3880382799959e-05,4.6483122188337e-05
1.77425,0.37338491136308,-0.86162185124184,3.4255310154648e-05,4.6409480873666e-05
1.7745,0.36710027271941,-0.86406180162373,3.4631348298672e-05,4.6333407075777e-05
1.77475,0.3607920333306,-0.86645649236386,3.5008495239026e-05,4.6254880863325e-05
1.775,0.35446043030384,-0.86880564945857,3.5386748960774e-05,4.6173882074401e-05
1.77525,0.34810570256229,-0.87110899829406,3.5766107426433e-05,4.609039031134e-05
1.7755,0.34172809086155,-0.87336626361641,3.614656857531e-05,4.6004384935391e-05
1.77575,0.33532783780688,-0.87557716950081,3.6528130322797e-05,4.5915845061243e-05
1.776,0.32890518787125,-0.87774143931981,3.6910790559606e-05,4.5824749551414e-05
1.77625,0.3224603874142,-0.87985879571076,3.7294547150956e-05,4.5731077010486e-05
1.7765,0.31599368470154,-0.8819289605423,3.7679397935701e-05,4.5634805779196e-05
1.77675,0.30950532992597,-0.8839516548799,3.8065340725398e-05,4.5535913928362e-05
1.777,0.30299557522858,-0.88592659895044,3.8452373303312e-05,4.5434379252663e-05
1.77725,0.29646467472138,-0.8878535121058,3.8840493423359e-05,4.5330179264238e-05
1.7775,0.28991288451074,-0.88973211278549,3.922969880898e-05,4.5223291186131e-05
1.77775,0.28334046272192,-0.89156211847815,3.9619987151934e-05,4.5113691945554e-05
1.778,0.2767476695247,-0.89334324568211,4.0011356111031e-05,4.5001358166975e-05
1.77825,0.27013476716004,-0.8950752098648,4.0403803310772e-05,4.4886266165023e-05
1.7785,0.26350201996794,-0.89675772542105,4.0797326339914e-05,4.4768391937202e-05
1.77875,0.25684969441656,-0.89839050563034,4.1191922749946e-05,4.4647711156415e-05
1.779,0.25017805913253,-0.8999732626128,4.1587590053469e-05,4.4524199163289e-05
1.77925,0.2434873849325,-0.90150570728409,4.1984325722493e-05,4.4397830958294e-05
1.7795,0.23677794485622,-0.90298754930905,4.2382127186617e-05,4.4268581193649e-05
1.77975,0.23005001420082,-0.90441849705415,4.2780991831118e-05,4.4136424165021e-05
1.78,0.22330387055668,-0.9057982575386,4.3180916994924e-05,4.4001333802992e-05
1.78025,0.21653979384479,-0.90712653638427,4.3581899968468e-05,4.3863283664306e-05
1.7805,0.20975806635558,-0.9084030377642,4.3983937991434e-05,4.3722246922872e-05
1.78075,0.20295897278958,-0.90962746434984,4.438702825036e-05,4.357819636054e-05
1.781,0.19614280029959,-0.91079951725684,4.479116787612e-05,4.3431104357612e-05
1.78125,0.18930983853469,-0.91191889598944,4.5196353941262e-05,4.328094288311e-05
1.7815,0.18246037968615,-0.9129852983835,4.5602583457203e-05,4.3127683484781e-05
1.78175,0.17559471853509,-0.91399842054792,4.600985337127e-05,4.2971297278823e-05
1.782,0.1687131525023,-0.91495795680467,4.6418160563579e-05,4.281175493935e-05
1.78225,0.1618159817,-0.91586359962723,4.6827501843753e-05,4.2649026687551e-05
1.7825,0.15490350898575,-0.91671503957741,4.7237873947456e-05,4.248308228058e-05
1.78275,0.14797604001869,-0.91751196524067,4.7649273532749e-05,4.2313891000122e-05
1.783,0.14103388331795,-0.91825406315972,4.8061697176252e-05,4.2141421640665e-05
1.78325,0.13407735032357,-0.91894101776644,4.8475141369105e-05,4.1965642497447e-05
1.7835,0.12710675545995,-0.91957251131208,4.8889602512715e-05,4.1786521354077e-05
1.78375,0.12012241620176,-0.9201482237958,4.930507691428e-05,4.1604025469816e-05
1.784,0.11312465314275,-0.92066783289129,4.972156078209e-05,4.1418121566517e-05
1.78425,0.10611379006726,-0.92113101387162,5.0139050220572e-05,4.1228775815205e-05
1.7845,0.099090154024658,-0.92153743953228,5.0557541225091e-05,4.1035953822292e-05
1.78475,0.092054075406939,-0.92188678011223,5.0977029676474e-05,4.0839620615417e-05
1.785,0.0850058880294,-0.92217870321305,5.1397511335264e-05,4.0639740628893e-05
1.78525,0.077945929214641,-0.92241287371609,5.1818981835674e-05,4.0436277688768e-05
1.7855,0.070874539880079,-0.92258895369767,5.2241436679233e-05,4.0229194997462e-05
1.78575,0.063792064628937,-0.92270660234211,5.2664871228113e-05,4.0018455117994e-05
1.786,0.056698851845076,-0.92276547585274,5.308928069812e-05,3.9804019957776e-05
1.78625,0.049595253791629,-0.92276522736076,5.3514660151323e-05,3.9585850751952e-05
1.7865,0.042481626713705,-0.9227055068319,5.3941004488321e-05,3.9363908046297e-05
1.78675,0.035358330945342,-0.92258596097087,5.4368308440113e-05,3.9138151679631e-05
1.787,0.028225731020807,-0.92240623312357,5.4796566559568e-05,3.8908540765757e-05
1.78725,0.021084195790448,-0.922165963177,5.522577321246e-05,3.8675033674906e-05
1.7875,0.01393409854139,-0.92186478745677,5.5655922568059e-05,3.8437588014665e-05
1.78775,0.006775817123088,-0.92150233862235,5.6087008589255e-05,3.8196160610387e-05
1.788,-0.00039026592186565,-0.92107824555983,5.6519025022178e-05,3.7950707485058e-05
1.78825,-0.0075637632215989,-0.92059213327222,5.6951965385316e-05,3.7701183838619e-05
1.7885,-0.014744282433214,-0.92004362276731,5.7385822958079e-05,3.744754402671e-05
1.78875,-0.021931426095122,-0.91943233094299,5.7820590768803e-05,3.7189741538838e-05
1.789,-0.02912479147339,-0.91875787046999,5.825626158215e-05,3.6927728975943e-05
1.78925,-0.036323970401621,-0.91801984967208,5.8692827885893e-05,3.6661458027355e-05
1.7895,-0.043528549114279,-0.9172178724036,5.9130281877034e-05,3.6390879447107e-05
1.78975,-0.050738108073109,-0.91635153792435,5.9568615447248e-05,3.6115943029614e-05
1.79,-0.057952221786291,-0.91542044077184,6.0007820167585e-05,3.583659758468e-05
1.79025,-0.065170458620136,-0.91442417063079,6.044788727244e-05,3.5552790911823e-05
1.7905,-0.072392380602948,-0.91336231219993,6.0888807642708e-05,3.5264469773905e-05
1.79075,-0.079617543220659,-0.91223444505606,6.1330571788115e-05,3.4971579870039e-05
1.791,-0.086845495203983,-0.91104014351532,6.1773169828675e-05,3.4674065807762e-05
1.79125,-0.094075778306682,-0.90977897649174,6.2216591475223e-05,3.4371871074457e-05
1.7915,-0.10130792707448,-0.90845050735297,6.2660826008994e-05,3.4064938008005e-05
1.79175,-0.10854146860439,-0.90705429377321,6.3105862260181e-05,3.3753207766631e-05
1.792,-0.11577592229381,-0.90558988758345,6.3551688585438e-05,3.3436620297964e-05
1.79225,-0.12301079957919,-0.90405683461882,6.3998292844269e-05,3.3115114307245e-05
1.7925,-0.1302456036636,-0.90245467456327,6.4445662374243e-05,3.2788627224703e-05
1.79275,-0.13747982923279,-0.90078294079149,6.4893783964985e-05,3.2457095172053e-05
1.793,-0.14471296215932,-0.89904116020808,6.5342643830877e-05,3.2120452928117e-05
1.79325,-0.15194447919409,-0.89722885308413,6.5792227582405e-05,3.1778633893529e-05
1.7935,-0.15917384764475,-0.89534553289109,6.6242520196084e-05,3.1431570054525e-05
1.79375,-0.16640052504055,-0.89339070613216,6.669350598289e-05,3.1079191945781e-05
1.794,-0.17362395878276,-0.8913638721711,6.7145168555125e-05,3.0721428612294e-05
1.79425,-0.18084358578031,-0.88926452305868,6.7597490791634e-05,3.0358207570279e-05
1.7945,-0.18805883206973,-0.88709214335678,6.8050454801296e-05,2.998945476707e-05
1.79475,-0.19526911241891,-0.88484620996029,6.8504041884688e-05,2.9615094539999e-05
1.795,-0.20247382991375,-0.8825261919169,6.8958232493853e-05,2.9235049574248e-05
1.79525,-0.20967237552713,-0.88013155024496,6.9413006190054e-05,2.8849240859645e-05
1.7955,-0.21686412766922,-0.8776617377495,6.9868341599424e-05,2.8457587646402e-05
1.79575,-0.22404845171848,-0.87511619883675,7.0324216366398e-05,2.8060007399766e-05
1.796,-0.23122469953222,-0.87249436932714,7.0780607104827e-05,2.7656415753582e-05
1.79625,-0.23839220893614,-0.86979567626717,7.1237489346637e-05,2.7246726462749e-05
1.7965,-0.24555030319157,-0.8670195377404,7.1694837487928e-05,2.6830851354563e-05
1.79675,-0.25269829043957,-0.86416536267771,7.215262473237e-05,2.6408700278932e-05
1.797,-0.25983546312089,-0.86123255066735,7.2610823031756e-05,2.5980181057465e-05
1.79725,-0.26696109737047,-0.85822049176492,7.3069403023585e-05,2.5545199431422e-05
1.7975,-0.27407445238558,-0.85512856630382,7.3528333965495e-05,2.5103659008532e-05
1.79775,-0.28117476976628,-0.85195614470651,7.3987583666419e-05,2.4655461208665e-05
1.798,-0.28826127282685,-0.84870258729715,7.4447118414262e-05,2.4200505208381e-05
1.79825,-0.29533316587706,-0.84536724411598,7.4906902899948e-05,2.3738687884352e-05
1.7985,-0.3023896334718,-0.84194945473613,7.5366900137636e-05,2.3269903755664e-05
1.79875,-0.30942983962755,-0.83844854808354,7.5827071380915e-05,2.2794044925026e-05
1.799,-0.31645292700434,-0.83486384226048,7.6287376034773e-05,2.2311001018904e-05
1.79925,-0.32345801605155,-0.83119464437358,7.674777156312e-05,2.1820659126595e-05
1.7995,-0.33044420411581,-0.82744025036722,7.7208213391637e-05,2.1322903738287e-05
1.79975,-0.33741056450952,-0.82359994486297,7.7668654805715e-05,2.0817616682137e-05
1.8,-0.34435614553786,-0.81967300100638,7.812904684324e-05,2.0304677060409e-05
1.80025,-0.35127996948267,-0.81565868032189,7.8589338181934e-05,1.9783961184735e-05
1.8005,-0.35818103154125,-0.81155623257723,7.9049475021015e-05,1.9255342510548e-05
1.80075,-0.36505829871767,-0.80736489565852,7.9509400956848e-05,1.8718691570777e-05
1.801,-0.37191070866503,-0.80308389545746,7.9969056852299e-05,1.8173875908866e-05
1.80125,-0.37873716847584,-0.79871244577221,8.0428380699474e-05,1.7620760011228e-05
1.8015,-0.3855365534187,-0.79424974822345,8.0887307475498e-05,1.7059205239235e-05
1.80175,-0.39230770561848,-0.78969499218757,8.1345768990984e-05,1.648906976086e-05
1.802,-0.39904943267775,-0.78504735474896,8.180369373083e-05,1.5910208482124e-05
1.80225,-0.40576050623658,-0.78030600067338,8.226100668694e-05,1.5322472978475e-05
1.8025,-0.41243966046831,-0.7754700824048,8.2717629182482e-05,1.4725711426301e-05
1.80275,-0.41908559050805,-0.77053874008841,8.3173478687239e-05,1.4119768534749e-05
1.803,-0.42569695081129,-0.76551110162211,8.362846862363e-05,1.350448547807e-05
1.80325,-0.43227235343947,-0.76038628273991,8.4082508162917e-05,1.2879699828728e-05
1.8035,-0.43881036626914,-0.75516338713008,8.4535502011115e-05,1.224524549155e-05
1.80375,-0.44530951112184,-0.74984150659181,8.4987350184112e-05,1.1600952639181e-05
1.804,-0.4517682618108,-0.74441972123394,8.5437947771449e-05,1.0946647649209e-05
1.80425,-0.45818504210138,-0.73889709972006,8.5887184688221e-05,1.0282153043285e-05
1.8045,-0.46455822358143,-0.73327269956424,8.6334945414521e-05,9.6072874286471e-06
1.80475,-0.47088612343778,-0.72754556748235,8.6781108721822e-05,8.9218654425033e-06
1.805,-0.4771670021352,-0.72171473980406,8.7225547385681e-05,8.2256976997162e-06
1.80525,-0.48339906099378,-0.71577924295127,8.7668127884117e-05,7.5185907443583e-06
1.8055,-0.4895804396607,-0.70973809398898,8.8108710080987e-05,6.800347005692e-06
1.80575,-0.49570921347233,-0.70359030125526,8.8547146893677e-05,6.0707647592232e-06
1.806,-0.50178339070241,-0.69733486507746,8.8983283944374e-05,5.3296380935317e-06
1.80625,-0.50780090969209,-0.6909707785824,8.9416959194194e-05,4.5767568836343e-06
1.8065,-0.51375963585751,-0.68449702860877,8.9848002559395e-05,3.8119067717233e-06
1.80675,-0.51965735857053,-0.67791259673102,9.0276235508888e-05,3.0348691562056e-06
1.807,-0.52549178790836,-0.67121646040417,9.0701470642255e-05,2.2454211900245e-06
1.80725,-0.53126055126758,-0.66440759424039,9.1123511247433e-05,1.4433357893802e-06
1.8075,-0.53696118983839,-0.65748497142838,9.1542150837249e-05,6.2838165402206e-07
1.80775,-0.54259115493482,-0.65044756530812,9.1957172663937e-05,-1.9967669958096e-07
1.808,-0.54814780417666,-0.64329435111402,9.2368349210795e-05,-1.04107889077e-06
1.80825,-0.55362839751926,-0.63602430790082,9.2775441660099e-05,-1.8960686114005e-06
1.8085,-0.55903009312739,-0.62863642066746,9.317819933643e-05,-2.764893545042e-06
1.80875,-0.56434994308958,-0.62112968269576,9.3576359124531e-05,-3.6478052668468e-06
1.809,-0.5695848889699,-0.61350309812138,9.3969644860874e-05,-4.5450591221353e-06
1.80925,-0.57473175719416,-0.6057556847565,9.4357766698072e-05,-5.456914081536e-06
1.8095,-0.57978725426851,-0.59788647718469,9.4740420441376e-05,-6.3836325703814e-06
1.80975,-0.58474796182855,-0.58989453015017,9.5117286856468e-05,-7.3254802698436e-06
1.81,-0.58961033151791,-0.58177892226522,9.5488030947839e-05,-8.2827258870904e-06
1.81025,-0.59437067969632,-0.57353876006138,9.5852301207131e-05,-9.2556408915451e-06
1.8105,-0.59902518197773,-0.56517318241161,9.6209728830848e-05,-1.024449921408e-05
1.81075,-0.60356986760042,-0.55668136535296,9.6559926906975e-05,-1.1249576905723e-05
1.811,-0.60800061363249,-0.54806252734095,9.6902489570176e-05,-1.2271151752235e-05
1.81125,-0.61231313901719,-0.53931593496946,9.7236991125321e-05,-1.330950284057e-05
1.8115,-0.61650299846461,-0.53044090919167,9.7562985139336e-05,-1.4364910073012e-05
1.81175,-0.62056557619832,-0.52143683208053,9.7880003501507e-05,-1.543765362442e-05
1.812,-0.62449607956741,-0.51230315416951,9.8187555452619e-05,-1.6528013337708e-05
1.81225,-0.62828953253734,-0.50303940241681,9.8485126583593e-05,-1.763626805236e-05
1.8125,-0.63194076907577,-0.49364518883916,9.8772177804543e-05,-1.8762694860422e-05
1.81275,-0.63544442645294,-0.48412021986412,9.9048144285586e-05,-1.990756828402e-05
1.813,-0.63879493847978,-0.47446430645232,9.9312434371093e-05,-2.1071159368146e-05
1.81325,-0.64198652871133,-0.46467737504444,9.9564428469546e-05,-2.2253734681989e-05
1.8135,-0.64501320364763,-0.45475947939016,9.9803477921699e-05,-2.3455555221772e-05
1.81375,-0.64786874596983,-0.44471081331959,0.00010002890385031,-2.4676875207619e-05
1.814,-0.65054670785483,-0.43453172452038,0.0001002399959954,-2.5917940766595e-05
1.81425,-0.65304040441877,-0.42422272938657,0.00010043601153972,-2.7178988493702e-05
1.8145,-0.65534290734702,-0.41378452900773,0.00010061617392997,-2.8460243882223e-05
1.81475,-0.6574470387764,-0.40321802636964,0.00010077967170025,-2.9761919614461e-05
1.815,-0.65934536550465,-0.39252434483958,0.00010092565730527,-3.1084213703629e-05
1.81525,-0.66103019361227,-0.38170484801156,0.00010105324597207,-3.2427307477338e-05
1.8155,-0.6624935635928,-0.37076116098751,0.00010116151458005,-3.3791363392941e-05
1.81575,-0.66372724610008,-0.35969519317171,0.00010124950058099,-3.5176522674841e-05
1.816,-0.66472273843433,-0.34850916265556,0.00010131620097186,-3.6582902763761e-05
1.81625,-0.66547126190335,-0.33720562226857,0.00010136057133521,-3.8010594568106e-05
1.8165,-0.66596376021164,-0.32578748736991,0.00010138152496364,-3.9459659507638e-05
1.81675,-0.66619089904682,-0.3142580654512,0.00010137793208714,-4.0930126340051e-05
1.817,-0.66614306705208,-0.30262108761632,0.00010134861922407,-4.242198776156e-05
1.81725,-0.6658103783931,-0.29088074199771,0.00010129236867908,-4.3935196773313e-05
1.8175,-0.66518267714955,-0.27904170915912,0.00010120791821372,-4.5469662806472e-05
1.81775,-0.66424954378418,-0.26710919952406,0.00010109396091857,-4.7025247600053e-05
1.818,-0.66300030396662,-0.25508899285481,0.00010094914531809,-4.8601760827254e-05
1.81825,-0.66142404005449,-0.24298747978903,0.00010077207574314,-5.019895546806e-05
1.8185,-0.65950960556081,-0.2308117054203,0.00010056131300867,-5.1816522928334e-05
1.81875,-0.6572456429639,-0.21856941488328,0.00010031537543804,-5.3454087908607e-05
1.819,-0.65462060524354,-0.20626910087351,0.00010003274027849,-5.5111203029377e-05
1.81925,-0.65162278155517,-0.19392005299718,9.9711845555902e-05,-5.6787343223832e-05
1.8195,-0.64824032748077,-0.18153240880364,9.9351092420579e-05,-5.8481899913937e-05
1.81975,-0.64446130032171,-0.16911720630642,9.8948848039185e-05,-6.0194174991451e-05
1.82,-0.64027369992277,-0.15668643774276,9.8503449091341e-05,-6.1923374632031e-05
1.82025,-0.63566551553828,-0.14425310425907,9.8013205932576e-05,-6.3668602978131e-05
1.8205,-0.6306247792686,-0.13183127113894,9.7476407488196e-05,-6.5428855734888e-05
1.82075,-0.62513962660752,-0.11943612311047,9.6891326945109e-05,-6.7203013732899e-05
1.821,-0.61919836464648,-0.10708401918102,9.6256228310614e-05,-6.8989836522552e-05
1.82125,-0.61278954847824,-0.094792546350081,9.5569373908493e-05,-7.0787956076646e-05
1.8215,-0.60590206632866,-0.082580571443344,9.4829032883242e-05,-7.259587069142e-05
1.82175,-0.59852523391879,-0.070468290195583,9.4033490782933e-05,-7.4411939190778e-05
1.822,-0.5906488985171,-0.058477272585831,9.3181060289692e-05,-7.6234375554596e-05
1.82225,-0.58226355308174,-0.046630503296471,9.2270093164134e-05,-7.8061244109571e-05
1.8225,-0.57336046081187,-0.034952416031075,9.1298993466129e-05,-7.9890455440003e-05
1.82275,-0.56393179032207,-0.023468920284996,9.026623210895e-05,-8.1719763196364e-05
1.823,-0.55397076152257,-0.012207419020711,8.9170362797074e-05,-8.3546762001581e-05
1.82325,-0.54347180212641,-0.0011968155615509,8.8010039389984e-05,-8.5368886678407e-05
1.8235,-0.53243071451103,0.0095324921148891,8.678403472513e-05,-8.7183413046693e-05
1.82375,-0.52084485243286,0.019948631621358,8.549126092345e-05,-8.8987460566488e-05
1.824,-0.50871330682883,0.030018292981825,8.4130791190966e-05,-9.0777997132413e-05
1.82425,-0.49603709963513,0.039706784141661,8.2701883120933e-05,-9.2551846357197e-05
1.8245,-0.48281938421432,0.048978107319831,8.1204003494314e-05,-9.4305697718318e-05
1.82475,-0.46906565060555,0.057795058352921,7.9636854573793e-05,-9.603611998324e-05
1.825,-0.4547839334047,0.066119351123991,7.8000401891102e-05,-9.7739578377537e-05
1.82525,-0.43998501964603,0.073911769049068,7.6294903542856e-05,-9.9412456019756e-05
1.8255,-0.42468265360241,0.081132345400291,7.4520941041794e-05,-0.00010105108022203
1.82575,-0.40889373495824,0.087740573966558,7.2679451826001e-05,-0.0001026517543531
1.826,-0.39263850635101,0.093695651181692,7.0771763618755e-05,-0.00010421079609091
1.82625,-0.37594072583964,0.098956750379149,6.8799630971315e-05,-0.0001057245830708
1.8265,-0.3588278194613,0.1034833282558,6.6765274531909e-05,-0.00010718960718348
1.82675,-0.34133100870394,0.10723546294417,6.4671423898085e-05,-0.00010860253912837
1.827,-0.32348540747417,0.11017422230548,6.2521365373555e-05,-0.00010996030532941
1.82725,-0.30533008300557,0.11226206017206,6.0318996636275e-05,-0.00011126018004452
1.8275,-0.28690807515698,0.11346323730208,5.8068891342072e-05,-0.00011249989655641
1.82775,-0.26826636871966,0.11374426278114,5.5776378212445e-05,-0.00011367778288943
1.828,-0.24945581371042,0.11307435054293,5.3447641468329e-05,-0.00011479292981877
1.82825,-0.23053098919213,0.11142588461783,5.1089853040431e-05,-0.00011584540244679
1.8285,-0.21155000694934,0.10877488569609,4.8711352604449e-05,-0.00011683651200349
1.82875,-0.19257425235687,0.10510147065665,4.6321900539001e-05,-0.00011776917292993
1.829,-0.17366806101058,0.10039029591412,4.3933043873602e-05,-0.00011864838368202
1.82925,-0.15489833112394,0.094630974827792,4.1558660807292e-05,-0.00011948189148062
1.8295,-0.13633407330209,0.087818459046932,3.9215794353357e-05,-0.00012028113762735
1.82975,-0.11804590104583,0.079953373584548,3.6925968030059e-05,-0.0001210626425378
1.83,-0.10010546715487,0.071042295654781,3.4717334051618e-05,-0.0001218501004991
1.83025,-0.082584853027116,0.061097967905064,3.2628321212842e-05,-0.00012267765749361
1.8305,-0.065555919614629,0.050139437636389,3.071412459329e-05,-0.00012359523211449
1.83075,-0.04908963041701,0.038192114929067,2.9058919371098e-05,-0.0001246775017106
1.831,-0.03325535828702,0.02528774425364,2.7800496000569e-05,-0.00012603972061384
1.83125,-0.018120188917779,0.011464286105609,2.7184456307393e-05,-0.00012786665522379
1.8315,-0.003748234604089,-0.0032342926050865,2.7697462051768e-05,-0.00013046633783957
1.83175,0.0098000278275405,-0.018758318329818,3.0446130240467e-05,-0.00013435957451072
1.832,0.022468381182036,-0.035052797328585,3.8460625751022e-05,-0.00014027574811393
1.83225,0.034205441041646,-0.052057882916887,6.2181410503147e-05,-0.00014663212169828
1.8325,0.044965165871123,-0.069709415397062,0.00012487353677282,-0.00010690834302742
1.83275,0.054707293572631,-0.08793952455201,5.1661529916707e-05,-1.1925239184466e-05
1.833,0.063397695861743,-0.10667728289369,1.4863905619959e-06,-4.3950578188285e-05
1.83325,0.07100864400864,-0.12584939656889,-8.1334442400342e-06,-6.3179959008723e-05
1.8335,0.077518981860796,-0.14538091998285,-1.1330230503775e-05,-7.2400780181491e-05
1.83375,0.082914204533355,-0.1651959798357,-1.3197967089348e-05,-7.7153191405459e-05
1.834,0.08718644361768,-0.18521849438206,-1.4718264957687e-05,-7.9642230047254e-05
1.83425,0.090334362116043,-0.20537287430271,-1.6125179476424e-05,-8.0837950404369e-05
1.8345,0.092362964469167,-0.22558469257365,-1.7476439552546e-05,-8.1223832962624e-05
1.83475,0.093283328926503,-0.24578131207479,-1.8781687330997e-05,-8.1066685499365e-05
1.835,0.093112271056889,-0.26589246132219,-2.0037082117387e-05,-8.0526244735308e-05
1.83525,0.091871948370216,-0.28585075054969,-2.1235709933952e-05,-7.9704725854627e-05
1.8355,0.08958941680073,-0.30559212232391,-2.2370836121817e-05,-7.8671280112999e-05
1.83575,0.086296150190891,-0.32505623286332,-2.3436852180955e-05,-7.7474959968343e-05
1.836,0.082027533931345,-0.344186762171,-2.4429450440181e-05,-7.6152006061955e-05
1.83625,0.076822343591972,-0.36293165291326,-2.5345546118366e-05,-7.4730146837832e-05
1.8365,0.070722218767957,-0.3812432796252,-2.618312914058e-05,-7.3231241630579e-05
1.83675,0.06377114151679,-0.39907855126099,-2.6941109261133e-05,-7.1672963495766e-05
1.837,0.056014927735357,-0.41639895130122,-2.7619174825079e-05,-7.0069903973237e-05
1.83725,0.047500738678645,-0.43317052057046,-2.8217669781412e-05,-6.8434318419105e-05
1.8375,0.038276618608168,-0.44936378860526,-2.8737488146064e-05,-6.6776641537253e-05
1.83775,0.028391063329881,-0.46495365985434,-2.9179983573627e-05,-6.5105852401932e-05
1.838,0.0178926231811,-0.47991926120941,-2.954689156465e-05,-6.3429738808223e-05
1.83825,0.0068295428893124,-0.49424375738159,-2.9840262154855e-05,-6.1755093025603e-05
1.8385,-0.0047505603190339,-0.50791414048236,-3.0062401341912e-05,-6.0087860028996e-05
1.83875,-0.016800979915746,-0.5209209998721,-3.0215819878284e-05,-5.8433252303756e-05
1.839,-0.029276164941782,-0.53325827793445,-3.0303188361054e-05,-5.6795840800134e-05
1.83925,-0.042131927602136,-0.544923016949,-3.0327297781676e-05,-5.5179628628407e-05
1.8395,-0.05532561519102,-0.55591510169904,-3.029102487147e-05,-5.3588112082859e-05
1.83975,-0.068816248385855,-0.56623700188638,-3.0197301705434e-05,-5.2024332219343e-05
1.84,-0.082564628266594,-0.5758935178549,-3.0049089119067e-05,-5.049091927144e-05
1.84025,-0.096533414631609,-0.58489153256497,-2.9849353559973e-05,-4.8990131535908e-05
1.8405,-0.11068717830345,-0.59323977222547,-2.9601047045153e-05,-4.7523889898916e-05
1.84075,-0.1249924301626,-0.60094857748985,-2.930708993152e-05,-4.6093808849894e-05
1.841,-0.13941762962546,-0.60802968666393,-2.897035623522e-05,-4.4701224599566e-05
1.84125,-0.15393317520824,-0.61449603196037,-2.8593661257616e-05,-4.3347220754719e-05
1.8415,-0.16851137970271,-0.6203615494709,-2.8179751294164e-05,-4.2032651885349e-05
1.84175,-0.18312643234257,-0.62564100321089,-2.773129521837e-05,-4.0758165236589e-05
1.842,-0.19775435017081,-0.63034982332211,-2.7250877747291e-05,-3.9524220778551e-05
1.84225,-0.21237292063719,-0.63450395829531,-2.674099420836e-05,-3.8331109745197e-05
1.8425,-0.22696163726594,-0.63811974089111,-2.6204046639881e-05,-3.7178971783627e-05
1.84275,-0.24150163004472,-0.6412137672926,-2.5642341069698e-05,-3.60678108143e-05
1.843,-0.25597559200022,-0.6438027889117,-2.5058085828231e-05,-3.4997509687942e-05
1.84325,-0.2703677032461,-0.64590361618933,-2.4453390763475e-05,-3.3967843714662e-05
1.8435,-0.28466355361974,-0.64753303367362,-2.383026723654e-05,-3.2978493133462e-05
1.84375,-0.29885006486556,-0.64870772562629,-2.319062878691e-05,-3.2029054585185e-05
1.844,-0.31291541317614,-0.64944421139138,-2.2536292366765e-05,-3.1119051648113e-05
1.84425,-0.32684895276924,-0.6497587897603,-2.1868980053386e-05,-3.0247944492502e-05
1.8445,-0.34064114105784,-0.64966749157827,-2.1190321157833e-05,-2.9415138708041e-05
1.84475,-0.35428346586278,-0.64918603985887,-2.0501854656692e-05,-2.8619993356098e-05
1.845,-0.36776837502209,-0.64832981670162,-1.9805031881787e-05,-2.7861828296818e-05
1.84525,-0.38108920866675,-0.64711383634144,-1.9101219410223e-05,-2.7139930839259e-05
1.8455,-0.39424013436066,-0.64555272369663,-1.8391702104053e-05,-2.6453561760966e-05
1.84575,-0.40721608523877,-0.64366069782158,-1.7677686255258e-05,-2.5801960741507e-05
1.846,-0.42001270122435,-0.64145155971204,-1.6960302797508e-05,-2.518435125263e-05
1.84625,-0.432626273361,-0.63893868395146,-1.6240610551494e-05,-2.4599944945702e-05
1.8465,-0.44505369125687,-0.63613501372857,-1.5519599475392e-05,-2.4047945575184e-05
1.84675,-0.45729239360813,-0.63305305879559,-1.4798193896305e-05,-2.3527552494812e-05
1.847,-0.46934032174264,-0.62970489597507,-1.4077255702442e-05,-2.3037963761201e-05
1.84725,-0.48119587610525,-0.62610217186001,-1.3357587479149e-05,-2.2578378877558e-05
1.8475,-0.4928578755903,-0.62225610738624,-1.2639935575025e-05,-2.214800120818e-05
1.84775,-0.50432551961491,-0.61817750398863,-1.1924993087001e-05,-2.1746040092519e-05
1.848,-0.51559835281841,-0.6138767510827,-1.1213402755628e-05,-2.1371712685622e-05
1.84825,-0.52667623226725,-0.6093638346414,-1.0505759763886e-05,-2.1024245549971e-05
1.8485,-0.53755929704139,-0.60464834666241,-9.8026144346264e-06,-2.0702876021925e-05
1.84875,-0.54824794007678,-0.59973949534506,-9.1044748232628e-06,-2.040685337428e-05
1.849,-0.55874278213869,-0.5946461158174,-8.4118092037038e-06,-2.0135439794836e-05
1.84925,-0.56904464780174,-0.58937668127374,-7.7250484466162e-06,-1.9887911199305e-05
1.8495,-0.5791545433157,-0.58393931440061,-7.0445882900642e-06,-1.9663557895424e-05
1.84975,-0.58907363623854,-0.57834179898514,-6.3707915033809e-06,-1.9461685113794e-05
1.85,-0.59880323672278,-0.57259159161432,-5.7039899457886e-06,-1.928161341962e-05
1.85025,-0.60834478034549,-0.56669583338641,-5.0444865218103e-06,-1.9122679018353e-05
1.8505,-0.61769981237659,-0.56066136156751,-4.3925570359825e-06,-1.8984233967093e-05
1.85075,-0.6268699733856,-0.5544947211362,-3.7484519496942e-06,-1.8865646302555e-05
1.851,-0.63585698609174,-0.5482021761688,-3.1123980432616e-06,-1.8766300095417e-05
1.85125,-0.64466264336719,-0.54178972102532,-2.4845999865512e-06,-1.8685595439993e-05
1.8515,-0.65328879730891,-0.53526309130371,-1.8652418215774e-06,-1.8622948387288e-05
1.85175,-0.66173734929884,-0.52862777453604,-1.2544883606263e-06,-1.8577790828782e-05
1.852,-0.67001024097753,-0.52188902060582,-6.524865034709e-07,-1.8549570337519e-05
1.85225,-0.67810944606091,-0.51505185187033,-5.9366477273859e-08,-1.8537749972477e-05
1.8525,-0.68603696293429,-0.50812107297624,5.2475699724389e-07,-1.8541808051562e-05
1.85275,-0.69379480796235,-0.50110128036005,1.09978360985e-06,-1.856123789805e-05
1.853,-0.70138500945778,-0.49399687142828,1.6656264315913e-06,-1.8595547564771e-05
1.85325,-0.70880960225541,-0.48681205341486,2.2222109489371e-06,-1.8644259539908e-05
1.8535,-0.71607062284218,-0.4795508519155,2.7694741579909e-06,-1.8706910437845e-05
1.85375,-0.7231701049973,-0.47221711910053,3.3073637155724e-06,-1.8783050678122e-05
1.854,-0.73011007589962,-0.4648145416098,3.8358371440834e-06,-1.8872244155233e-05
1.85425,-0.73689255266325,-0.45734664813396,4.3548610872011e-06,-1.8974067901669e-05
1.8545,-0.74351953926451,-0.44981681668807,4.8644106135356e-06,-1.908811174633e-05
1.85475,-0.74999302382683,-0.44222828158401,5.3644685655319e-06,-1.9213977970199e-05
1.855,-0.75631497623232,-0.43458414010923,5.8550249510057e-06,-1.9351280960913e-05
1.85525,-0.7624873460313,-0.42688735891965,6.3360763748156e-06,-1.9499646867663e-05
1.8555,-0.76851206062345,-0.41914078015502,6.8076255083166e-06,-1.9658713257702e-05
1.85575,-0.77439102368604,-0.41134712728564,7.2696805943262e-06,-1.9828128775512e-05
1.856,-0.78012611382692,-0.40350901069898,7.7222549854752e-06,-2.0007552805595e-05
1.85625,-0.78571918344168,-0.39562893303556,8.1653667139104e-06,-2.0196655139668e-05
1.8565,-0.7911720577558,-0.38770929428285,8.5990380904271e-06,-2.0395115648958e-05
1.85675,-0.79648653403472,-0.37975239663648,9.0232953312176e-06,-2.0602623962152e-05
1.857,-0.80166438094555,-0.37176044913748,9.4381682105212e-06,-2.081887914949e-05
1.85725,-0.80670733805583,-0.36373557209472,9.8436897375466e-06,-2.1043589413388e-05
1.8575,-0.81161711545613,-0.355679801301,1.0239895856148e-05,-2.1276471785905e-05
1.85775,-0.8163953934938,-0.34759509205154,1.062682516581e-05,-2.1517251833296e-05
1.858,-0.82104382260692,-0.33948332297312,1.100451866258e-05,-2.1765663367849e-05
1.85825,-0.82556402324801,-0.33134629967203,1.1373019498681e-05,-2.2021448167132e-05
1.8585,-0.82995758588804,-0.3231857582088,1.1732372759592e-05,-2.2284355700741e-05
1.85875,-0.83422607109226,-0.31500336840726,1.2082625257479e-05,-2.2554142864597e-05
1.859,-0.83837100965981,-0.30680073700544,1.2423825339903e-05,-2.283057372281e-05
1.85925,-0.8423939028201,-0.29857941065548,1.275602271282e-05,-2.3113419257079e-05
1.8595,-0.84629622247935,-0.29034087877932,1.307926827693e-05,-2.3402457123603e-05
1.85975,-0.85007941151124,-0.28208657628699,1.3393613976499e-05,-2.3697471417414e-05
1.86,-0.85374488408646,-0.27381788616381,1.3699112659832e-05,-2.3998252444062e-05
1.86025,-0.85729402603601,-0.26553614193258,1.3995817950631e-05,-2.4304596498542e-05
1.8605,-0.86072819524386,-0.25724262999679,1.4283784129499e-05,-2.4616305651335e-05
1.86075,-0.8640487220649,-0.2489385918703,1.4563066024931e-05,-2.4933187541456e-05
1.861,-0.86725690976447,-0.2406252262991,1.4833718913143e-05,-2.5255055176347e-05
1.86125,-0.87035403497614,-0.23230369128019,1.509579842615e-05,-2.5581726738479e-05
1.8615,-0.87334134817462,-0.2239751059825,1.5349360467537e-05,-2.5913025398512e-05
1.86175,-0.87622007416122,-0.21564055257463,1.5594461135407e-05,-2.6248779134841e-05
1.862,-0.87899141255919,-0.20730107796399,1.5831156652001e-05,-2.6588820559386e-05
1.86225,-0.88165653831697,-0.19895769545137,1.6059503299556e-05,-2.6932986749449e-05
1.8625,-0.88421660221698,-0.19061138630545,1.6279557361962e-05,-2.7281119085466e-05
1.86275,-0.88667273138851,-0.18226310126071,1.6491375071815e-05,-2.7633063094513e-05
1.863,-0.88902602982285,-0.17391376194284,1.6695012562508e-05,-2.7988668299369e-05
1.86325,-0.89127757888933,-0.16556426222498,1.6890525824996e-05,-2.8347788072998e-05
1.8635,-0.89342843785087,-0.15721546951827,1.7077970668921e-05,-2.8710279498267e-05
1.86375,-0.89547964437802,-0.14886822599982,1.7257402687778e-05,-2.9076003232751e-05
1.864,-0.89743221506032,-0.14052334978136,1.7428877227857e-05,-2.9444823378452e-05
1.86425,-0.89928714591424,-0.1321816360212,1.7592449360676e-05,-2.9816607356298e-05
1.8645,-0.90104541288666,-0.12384385798257,1.7748173858665e-05,-3.0191225785238e-05
1.86475,-0.90270797235347,-0.11551076804076,1.7896105173872e-05,-3.0568552365806e-05
1.865,-0.90427576161246,-0.10718309864163,1.8036297419468e-05,-3.0948463767994e-05
1.86525,-0.90574969937002,-0.098861563213937,1.816880435385e-05,-3.1330839523299e-05
1.8655,-0.90713068622122,-0.090546857037625,1.8293679367156e-05,-3.171556192079e-05
1.86575,-0.90841960512289,-0.082239658070342,1.8410975470013e-05,-3.210251590707e-05
1.866,-0.90961732185927,-0.073940627734175,1.8520745284348e-05,-3.2491588989999e-05
1.86625,-0.91072468550002,-0.065650411664521,1.8623041036122e-05,-3.2882671146039e-05
1.8665,-0.91174252885035,-0.057369640423016,1.8717914549831e-05,-3.3275654731103e-05
1.86675,-0.91267166889306,-0.04909893017622,1.8805417244641e-05,-3.367043439479e-05
1.867,-0.91351290722236,-0.040838883341722,1.888560013204e-05,-3.4066906997874e-05
1.86725,-0.91426703046929,-0.032590089203341,1.8958513814879e-05,-3.4464971532944e-05
1.8675,-0.91493481071879,-0.024353124496726,1.902420848771e-05,-3.4864529048088e-05
1.86775,-0.91551700591823,-0.016128553967089,1.9082733938293e-05,-3.5265482573494e-05
1.868,-0.91601436027746,-0.0079169309001153,1.9134139550209e-05,-3.5667737050885e-05
1.86825,-0.91642760466031,0.00028120237246348,1.9178474306463e-05,-3.6071199265683e-05
1.8685,-0.9167574569676,0.0084653139914032,1.9215786794013e-05,-3.6475777781794e-05
1.86875,-0.91700462251175,0.016634882111573,1.9246125209137e-05,-3.6881382878936e-05
1.869,-0.91716979438287,0.024789394465431,1.9269537363576e-05,-3.728792649241e-05
1.86925,-0.9172536538066,0.032928347947279,1.9286070691377e-05,-3.7695322155234e-05
1.8695,-0.9172568704936,0.041051248217423,1.9295772256378e-05,-3.8103484942545e-05
1.86975,-0.91718010298094,0.049157609325241,1.9298688760278e-05,-3.8512331418207e-05
1.87,-0.91702399896531,0.057246953350106,1.9294866551242e-05,-3.8921779583525e-05
1.87025,-0.91678919562836,0.06531881005959,1.9284351632973e-05,-3.9331748828014e-05
1.8705,-0.91647631995412,0.073372716583875,1.9267189674231e-05,-3.9742159882124e-05
1.87075,-0.91608598903867,0.081408217105697,1.9243426018731e-05,-4.0152934771879e-05
1.871,-0.91561881039223,0.089424862565195,1.9213105695396e-05,-4.0563996775347e-05
1.87125,-0.91507538223376,0.097422210378681,1.9176273428913e-05,-4.097527038087e-05
1.8715,-0.91445629377821,0.10539982417101,1.9132973650573e-05,-4.1386681247018e-05
1.87175,-0.91376212551649,0.11335727352063,1.908325050935e-05,-4.1798156164184e-05
1.872,-0.9129934494885,0.12129413371689,1.9027147883186e-05,-4.2209623017765e-05
1.87225,-0.91215082954909,0.12920998552893,1.8964709390473e-05,-4.2621010752891e-05
1.8725,-0.91123482162729,0.13710441498569,1.8895978401677e-05,-4.3032249340632e-05
1.87275,-0.91024597397891,0.14497701316642,1.8820998051107e-05,-4.3443269745634e-05
1.873,-0.90918482743253,0.15282737600134,1.8739811248787e-05,-4.3854003895147e-05
1.87325,-0.90805191562925,0.16065510408181,1.8652460692418e-05,-4.4264384649383e-05
1.8735,-0.90684776525607,0.1684598024797,1.855898887941e-05,-4.4674345773173e-05
1.87375,-0.90557289627334,0.17624108057548,1.8459438118964e-05,-4.5083821908863e-05
1.874,-0.90422782213612,0.18399855189464,1.8353850544186e-05,-4.5492748550426e-05
1.87425,-0.90281305000979,0.19173183395204,1.8242268124223e-05,-4.5901062018735e-05
1.8745,-0.90132908098,0.19944054810379,1.8124732676394e-05,-4.6308699437965e-05
1.87475,-0.89977641025707,0.20712431940648,1.8001285878321e-05,-4.6715598713087e-05
1.875,-0.89815552737492,0.21478277648315,1.7871969280025e-05,-4.7121698508422e-05
1.87525,-0.89646691638483,0.22241555139592,1.7736824316e-05,-4.7526938227204e-05
1.8755,-0.89471105604399,0.23002227952494,1.7595892317226e-05,-4.7931257992146e-05
1.87575,-0.89288841999903,0.2376025994532,1.7449214523141e-05,-4.8334598626953e-05
1.876,-0.89099947696468,0.24515615285715,1.7296832093537e-05,-4.8736901638769e-05
1.87625,-0.88904469089763,0.25268258440282,1.7138786120387e-05,-4.9138109201515e-05
1.8765,-0.8870245211658,0.26018154164702,1.6975117639589e-05,-4.9538164140102e-05
1.87675,-0.88493942271295,0.26765267494358,1.680586764262e-05,-4.9937009915486e-05
1.877,-0.88278984621904,0.27509563735442,1.6631077088092e-05,-5.0334590610538e-05
1.87725,-0.88057623825612,0.28251008456495,1.6450786913212e-05,-5.0730850916711e-05
1.8775,-0.87829904144017,0.28989567480408,1.6265038045124e-05,-5.1125736121468e-05
1.87775,-0.87595869457873,0.29725206876806,1.6073871412147e-05,-5.1519192096469e-05
1.878,-0.87355563281463,0.30457892954851,1.5877327954884e-05,-5.1911165286467e-05
1.87825,-0.87109028776584,0.31187592256411,1.5675448637217e-05,-5.2301602698918e-05
1.8785,-0.86856308766146,0.31914271549591,1.5468274457168e-05,-5.2690451894271e-05
1.87875,-0.86597445747415,0.32637897822608,1.5255846457631e-05,-5.3077660976921e-05
1.879,-0.86332481904892,0.33358438277999,1.5038205736965e-05,-5.3463178586806e-05
1.87925,-0.86061459122838,0.34075860327132,1.4815393459458e-05,-5.3846953891633e-05
1.8795,-0.85784418997473,0.34790131585036,1.4587450865637e-05,-5.4228936579717e-05
1.87975,-0.85501402848828,0.35501219865494,1.4354419282441e-05,-5.4609076853403e-05
1.88,-0.8521245173229,0.36209093176434,1.4116340133249e-05,-5.4987325423084e-05
1.88025,-0.84917606449825,0.36913719715562,1.387325494775e-05,-5.5363633501764e-05
1.8805,-0.84616907560894,0.37615067866256,1.3625205371672e-05,-5.5737952800178e-05
1.88075,-0.84310395393082,0.38313106193701,1.3372233176349e-05,-5.6110235522453e-05
1.881,-0.83998110052426,0.39007803441241,1.3114380268142e-05,-5.6480434362274e-05
1.88125,-0.8368009143347,0.39699128526961,1.2851688697692e-05,-5.6848502499577e-05
1.8815,-0.8335637922904,0.40387050540473,1.2584200669026e-05,-5.7214393597727e-05
1.88175,-0.83027012939757,0.41071538739901,1.2311958548496e-05,-5.7578061801185e-05
1.882,-0.82692031883289,0.41752562549054,1.2035004873563e-05,-5.793946173365e-05
1.88225,-0.82351475203343,0.42430091554793,1.1753382361417e-05,-5.8298548496665e-05
1.8825,-0.82005381878424,0.43104095504552,1.1467133917431e-05,-5.8655277668675e-05
1.88275,-0.81653790730341,0.43774544304048,1.1176302643459e-05,-5.9009605304529e-05
1.883,-0.8129674043249,0.44441408015131,1.0880931845967e-05,-5.9361487935422e-05
1.88325,-0.809342695179,0.45104656853796,1.0581065043998e-05,-5.9710882569255e-05
1.8835,-0.80566416387068,0.45764261188341,1.0276745976972e-05,-6.0057746691422e-05
1.88375,-0.80193219315571,0.46420191537656,9.968018612326e-06,-6.0402038266004e-05
1.884,-0.79814716461469,0.47072418569652,9.6549271529801e-06,-6.0743715737364e-05
1.88425,-0.79430945872509,0.47720913099815,9.3375160446445e-06,-6.1082738032144e-05
1.8845,-0.79041945493125,0.48365646089876,9.0158299829581e-06,-6.1419064561649e-05
1.88475,-0.78647753171243,0.49006588646602,8.6899139204601e-06,-6.1752655224614e-05
1.885,-0.78248406664906,0.496437120207,8.3598130733955e-06,-6.2083470410353e-05
1.88525,-0.77843943648705,0.50276987605817,8.0255729283569e-06,-6.2411471002281e-05
1.8855,-0.7743440172004,0.50906386937647,7.6872392487564e-06,-6.2736618381803e-05
1.88575,-0.77019818405197,0.51531881693135,7.3448580811348e-06,-6.3058874432567e-05
1.886,-0.76600231165269,0.52153443689769,6.9984757613034e-06,-6.3378201545081e-05
1.88625,-0.761756774019,0.52771044884965,6.6481389203195e-06,-6.3694562621688e-05
1.8865,-0.75746194462871,0.53384657375526,6.2938944902994e-06,-6.4007921081887e-05
1.88675,-0.75311819647533,0.53994253397195,5.9357897100628e-06,-6.4318240868013e-05
1.887,-0.74872590212089,0.54599805324267,5.5738721306159e-06,-6.4625486451269e-05
1.88725,-0.74428543374718,0.5520128566929,5.2081896204683e-06,-6.4929622838093e-05
1.8875,-0.73979716320561,0.55798667082826,4.8387903707852e-06,-6.5230615576887e-05
1.88775,-0.7352614620657,0.56391922353278,4.46572290038e-06,-6.5528430765077e-05
1.888,-0.73067870166212,0.56981024406783,4.0890360605397e-06,-6.5823035056529e-05
1.88825,-0.7260492531404,0.57565946307164,3.7087790396894e-06,-6.6114395669305e-05
1.8885,-0.72137348750144,0.58146661255939,3.3250013678966e-06,-6.6402480393761e-05
1.88875,-0.71665177564458,0.58723142592383,2.9377529212112e-06,-6.6687257601002e-05
1.889,-0.71188448840962,0.59295363793647,2.5470839258455e-06,-6.6968696251673e-05
1.88925,-0.70707199661748,0.59863298474914,2.1530449621957e-06,-6.7246765905111e-05
1.8895,-0.7022146711098,0.60426920389619,1.7556869686993e-06,-6.7521436728841e-05
1.88975,-0.69731288278734,0.60986203429699,1.3550612455373e-06,-6.7792679508435e-05
1.89,-0.69236700264727,0.6154112162589,9.5121945817513e-07,-6.8060465657725e-05
1.89025,-0.68737740181942,0.62091649148071,5.4421364074335e-07,-6.8324767229387e-05
1.8905,-0.68234445160144,0.62637760305632,1.3409619926472e-07,-6.8585556925886e-05
1.89075,-0.67726852349291,0.63179429547892,-2.7908008528256e-07,-6.8842808110802e-05
1.891,-0.67214998922851,0.63716631464542,-6.952620540538e-07,-6.9096494820538e-05
1.89125,-0.66698922081021,0.64249340786123,-1.1143961675879e-06,-6.9346591776408e-05
1.8915,-0.66178659053841,0.6477753238454,-1.5364285032151e-06,-6.9593074397134e-05
1.89175,-0.65654247104231,0.65301181273594,-1.9613047526186e-06,-6.9835918811734e-05
1.892,-0.65125723530925,0.65820262609553,-2.3889702195571e-06,-7.0075101872836e-05
1.89225,-0.64593125671327,0.66334751691739,-2.8193698177456e-06,-7.0310601170409e-05
1.8925,-0.64056490904274,0.66844623963148,-3.2524480688908e-06,-7.0542395045933e-05
1.89275,-0.63515856652722,0.67349855011086,-3.6881491008884e-06,-7.0770462607014e-05
1.893,-0.62971260386346,0.6785042056783,-4.1264166461812e-06,-7.0994783742465e-05
1.89325,-0.62422739624066,0.68346296511308,-4.5671940402728e-06,-7.1215339137858e-05
1.8935,-0.61870331936491,0.68837458865802,-5.01042422041e-06,-7.1432110291564e-05
1.89375,-0.61314074948297,0.69323883802659,-5.4560497244225e-06,-7.1645079531309e-05
1.894,-0.60754006340523,0.69805547641031,-5.9040126897323e-06,-7.1854230031245e-05
1.89425,-0.60190163852799,0.70282426848621,-6.3542548525303e-06,-7.2059545829569e-05
1.8945,-0.59622585285512,0.70754498042448,-6.8067175471199e-06,-7.2261011846704e-05
1.89475,-0.59051308501892,0.71221737989625,-7.2613417054396e-06,-7.245861390407e-05
1.895,-0.58476371430052,0.71684123608147,-7.7180678567569e-06,-7.2652338743455e-05
1.89525,-0.57897812064942,0.7214163196769,-8.176836127547e-06,-7.2842174047028e-05
1.8955,-0.57315668470259,0.72594240290431,-8.637586241558e-06,-7.3028108458009e-05
1.89575,-0.56729978780291,0.73041925951856,-9.1002575200626e-06,-7.3210131602023e-05
1.896,-0.56140781201705,0.73484666481602,-9.5647888823123e-06,-7.3388234109181e-05
1.89625,-0.55548114015269,0.7392243956429,-1.0031118846195e-05,-7.3562407636905e-05
1.8965,-0.54952015577537,0.74355223040367,-1.0499185529101e-05,-7.3732644893538e-05
1.89675,-0.54352524322465,0.74782994906961,-1.0968926649013e-05,-7.3898939662779e-05
1.897,-0.53749678762979,0.7520573331874,-1.1440279525832e-05,-7.4061286828975e-05
1.89725,-0.53143517492502,0.75623416588769,-1.191318108293e-05,-7.4219682403314e-05
1.8975,-0.52534079186417,0.7603602318938,-1.2387567848979e-05,-7.4374123550965e-05
1.89775,-0.51921402603497,0.76443531753043,-1.2863375960026e-05,-7.4524608619208e-05
1.898,-0.51305526587279,0.76845921073235,-1.3340541161866e-05,-7.4671137166605e-05
1.89825,-0.50686490067399,0.77243170105322,-1.3818998812718e-05,-7.4813709993267e-05
1.8985,-0.50064332060885,0.7763525796743,-1.4298683886205e-05,-7.4952329172267e-05
1.89875,-0.49439091673399,0.78022163941333,-1.4779530974696e-05,-7.5086998082264e-05
1.899,-0.48810808100453,0.78403867473323,-1.5261474292996e-05,-7.5217721441401e-05
1.89925,-0.48179520628574,0.78780348175098,-1.574444768244e-05,-7.534450534254e-05
1.8995,-0.4754526863644,0.79151585824641,-1.6228384615398e-05,-7.5467357289902e-05
1.89975,-0.46908091595968,0.79517560367102,-1.671321820024e-05,-7.5586286237204e-05
1.9,-0.46268029073384,0.79878251915671,-1.7198881186779e-05,-7.5701302627352e-05
1.90025,-0.4562512073024,0.80233640752462,-1.7685305972257e-05,-7.5812418433785e-05
1.9005,-0.44979406324414,0.80583707329389,-1.817242460788e-05,-7.5919647203562e-05
1.90075,-0.44330925711069,0.80928432269036,-1.8660168805989e-05,-7.6023004102285e-05
1.901,-0.43679718843584,0.81267796365536,-1.9148469947894e-05,-7.6122505960956e-05
1.90125,-0.43025825774461,0.81601780585432,-1.9637259092436e-05,-7.6218171324879e-05
1.9015,-0.42369286656193,0.81930366068551,-2.0126466985341e-05,-7.631002050472e-05
1.90175,-0.41710141742115,0.8225353412886,-2.0616024069439e-05,-7.6398075629847e-05
1.902,-0.41048431387227,0.8257126625533,-2.1105860495826e-05,-7.6482360704071e-05
1.90225,-0.40384196048988,0.82883544112793,-2.159590613604e-05,-7.6562901663939e-05
1.9025,-0.39717476288094,0.83190349542785,-2.2086090595374e-05,-7.6639726439695e-05
1.90275,-0.39048312769222,0.83491664564404,-2.2576343227394e-05,-7.6712865019096e-05
1.903,-0.38376746261769,0.83787471375144,-2.3066593149806e-05,-7.6782349514213e-05
1.90325,-0.37702817640552,0.84077752351737,-2.355676926178e-05,-7.6848214231403e-05
1.9035,-0.37026567886506,0.84362490050988,-2.4046800262873e-05,-7.6910495744633e-05
1.90375,-0.36348038087352,0.84641667210596,-2.4536614673702e-05,-7.6969232972332e-05
1.904,-0.35667269438251,0.84915266749985,-2.5026140858537e-05,-7.7024467257993e-05
1.90425,-0.34984303242445,0.85183271771117,-2.5515307049993e-05,-7.7076242454725e-05
1.9045,-0.3429918091188,0.85445665559305,-2.6004041376016e-05,-7.7124605013973e-05
1.90475,-0.33611943967815,0.85702431584017,-2.6492271889402e-05,-7.7169604078669e-05
1.905,-0.32922634041417,0.85953553499685,-2.6979926600077e-05,-7.7211291581035e-05
1.90525,-0.32231292874348,0.86199015146491,-2.7466933510409e-05,-7.7249722345322e-05
1.9055,-0.31537962319335,0.86438800551162,-2.7953220653848e-05,-7.7284954195754e-05
1.90575,-0.30842684340733,0.86672893927756,-2.8438716137221e-05,-7.7317048069983e-05
1.906,-0.30145501015084,0.86901279678433,-2.8923348187026e-05,-7.734606813834e-05
1.90625,-0.29446454531656,0.87123942394232,-2.9407045200136e-05,-7.7372081929234e-05
1.9065,-0.28745587192983,0.8734086685584,-2.9889735799323e-05,-7.7395160461024e-05
1.90675,-0.28042941415398,0.87552038034349,-3.0371348894092e-05,-7.7415378380716e-05
1.907,-0.27338559729563,0.8775744109201,-3.0851813747333e-05,-7.743281410988e-05
1.90725,-0.26632484780985,0.87957061382988,-3.133106004838e-05,-7.7447549998152e-05
1.9075,-0.2592475933054,0.88150884454101,-3.1809017993096e-05,-7.7459672484755e-05
1.90775,-0.25215426254986,0.88338896045561,-3.228561837168e-05,-7.7469272268434e-05
1.908,-0.24504528547485,0.88521082091706,-3.2760792664973e-05,-7.7476444486279e-05
1.90825,-0.23792109318108,0.88697428721729,-3.323447315009e-05,-7.748128890186e-05
1.9085,-0.2307821179436,0.88867922260398,-3.3706593016313e-05,-7.7483910103167e-05
1.90875,-0.22362879321688,0.89032549228776,-3.4177086492268e-05,-7.7484417710833e-05
1.909,-0.21646155364008,0.89191296344935,-3.4645888985505e-05,-7.7482926597128e-05
1.90925,-0.20928083504223,0.89344150524658,-3.5112937235723e-05,-7.7479557116239e-05
1.9095,-0.20208707444748,0.89491098882151,-3.5578169483007e-05,-7.7474435346337e-05
1.90975,-0.19488071008045,0.89632128730735,-3.6041525652563e-05,-7.7467693343944e-05
1.91,-0.18766218137158,0.89767227583545,-3.6502947557631e-05,-7.7459469411113e-05
1.91025,-0.18043192896264,0.89896383154221,-3.6962379122377e-05,-7.7449908375912e-05
1.9105,-0.17319039471217,0.90019583357595,-3.7419766626779e-05,-7.7439161886697e-05
1.91075,-0.16593802170116,0.90136816310377,-3.7875058975717e-05,-7.7427388720631e-05
1.911,-0.15867525423876,0.90248070331834,-3.8328207994701e-05,-7.7414755106859e-05
1.91125,-0.15140253786811,0.90353333944473,-3.8779168754913e-05,-7.7401435064723e-05
1.9115,-0.14412031937224,0.90452595874715,-3.9227899930519e-05,-7.7387610757299e-05
1.91175,-0.13682904678021,0.90545845053571,-3.9674364191492e-05,-7.7373472860491e-05
1.912,-0.12952916937331,0.90633070617313,-4.0118528635517e-05,-7.7359220947782e-05
1.91225,-0.12222113769136,0.9071426190815,-4.0560365262916e-05,-7.7345063890616e-05
1.9125,-0.1149054035393,0.90789408474895,-4.0999851498891e-05,-7.7331220274234e-05
1.91275,-0.10758241999381,0.90858500073639,-4.1436970767861e-05,-7.7317918828548e-05
1.913,-0.10025264141024,0.9092152666842,-4.187171312506e-05,-7.7305398873432e-05
1.91325,-0.092916523429571,0.90978478431897,-4.2304075951154e-05,-7.729391077748e-05
1.9135,-0.085574522985715,0.91029345746018,-4.273406471611e-05,-7.7283716428926e-05
1.91375,-0.078227098312946,0.91074119202702,-4.3161693819191e-05,-7.7275089716999e-05
1.914,-0.070874708953538,0.91112789604507,-4.3586987512576e-05,-7.7268317021458e-05
1.91425,-0.063517815765686,0.91145347965315,-4.4009980916792e-05,-7.726369770744e-05
1.9145,-0.056156880931614,0.91171785511011,-4.4430721136899e-05,-7.726154462203e-05
1.91475,-0.048792367965922,0.91192093680172,-4.4849268489137e-05,-7.7262184588097e-05
1.915,-0.041424741724243,0.91206264124757,-4.5265697848585e-05,-7.7265958889912e-05
1.91525,-0.034054468412112,0.91214288710802,-4.5680100129261e-05,-7.72732237439e-05
1.9155,-0.026682015594115,0.91216159519124,-4.6092583908989e-05,-7.7284350746415e-05
1.91575,-0.019307852203375,0.91211868846028,-4.6503277212283e-05,-7.7299727288857e-05
1.916,-0.011932448551272,0.91201409204024,-4.6912329465462e-05,-7.7319756928463e-05
1.91625,-0.004556276337485,0.91184773322552,-4.7319913639106e-05,-7.73448597009e-05
1.9165,0.0028201913396042,0.91161954148713,-4.772622859387e-05,-7.7375472358191e-05
1.91675,0.010196479972261,0.91132944848014,-4.8131501646472e-05,-7.7412048512466e-05
1.917,0.017572113632321,0.91097738805122,-4.8535991373384e-05,-7.7455058662583e-05
1.91725,0.024946614959833,0.91056329624629,-4.8939990670244e-05,-7.7504990076609e-05
1.9175,0.032319505151332,0.91008711131826,-4.9343830085274e-05,-7.7562346498601e-05
1.91775,0.039690303947691,0.90954877373501,-4.9747881444895e-05,-7.7627647642801e-05
1.918,0.047058529621681,0.9089482261874,-5.0152561789162e-05,-7.7701428432407e-05
1.91825,0.05442369896505,0.90828541359749,-5.0558337633471e-05,-7.7784237933272e-05
1.9185,0.061785327275255,0.90756028312692,-5.0965729571013e-05,-7.7876637925196e-05
1.91875,0.069142928341798,0.90677278418549,-5.1375317227463e-05,-7.7979201044939e-05
1.919,0.07649601443206,0.90592286843984,-5.1787744575121e-05,-7.8092508425516e-05
1.91925,0.083844096276782,0.90501048982246,-5.2203725607897e-05,-7.8217146745827e-05
1.9195,0.091186683055079,0.90403560454081,-5.2624050370651e-05,-7.8353704593246e-05
1.91975,0.098523282378952,0.90299817108669,-5.3049591326211e-05,-7.8502768029463e-05
1.92,0.1058534002774,0.90189815024588,-5.3481310030207e-05,-7.8664915236864e-05
1.92025,0.11317654118001,0.90073550510801,-5.3920264067204e-05,-7.8840710109254e-05
1.9205,0.12049220790007,0.89951020107666,-5.4367614180797e-05,-7.9030694637213e-05
1.92075,0.1277999016172,0.89822220587981,-5.4824631504637e-05,-7.9235379925338e-05
1.921,0.13509912185941,0.89687148958053,-5.5292704770012e-05,-7.9455235666889e-05
1.92125,0.14238936648472,0.89545802458802,-5.5773347327861e-05,-7.9690677891946e-05
1.9215,0.14967013166217,0.89398178566889,-5.6268203778126e-05,-7.9942054799511e-05
1.92175,0.15694091185232,0.89244274995894,-5.6779055946596e-05,-8.0209630483822e-05
1.922,0.16420119978723,0.89084089697512,-5.7307827888273e-05,-8.0493566372711e-05
1.92225,0.17145048644975,0.88917620862802,-5.7856589526779e-05,-8.0793900213948e-05
1.9225,0.17868826105237,0.88744866923461,-5.8427558461698e-05,-8.1110522477447e-05
1.92275,0.1859140110154,0.88565826553154,-5.9023099391219e-05,-8.1443150090816e-05
1.923,0.19312722194452,0.88380498668878,-5.9645720507968e-05,-8.1791297497527e-05
1.92325,0.20032737760782,0.8818888243237,-6.0298066135221e-05,-8.2154245125583e-05
1.9235,0.20751395991213,0.8799097725157,-6.0982904783671e-05,-8.2531005485027e-05
1.92375,0.21468644887869,0.87786782782127,-6.1703111733082e-05,-8.2920287279489e-05
1.924,0.22184432261823,0.87576298928959,-6.2461645188226e-05,-8.3320458124153e-05
1.92425,0.22898705730542,0.87359525847864,-6.326151503687e-05,-8.3729506711898e-05
1.9245,0.23611412715251,0.87136463947194,-6.4105743264651e-05,-8.4145005560469e-05
1.92475,0.24322500438246,0.86907113889578,-6.4997315175267e-05,-8.4564075801255e-05
1.925,0.25031915920119,0.86671476593713,-6.5939120744102e-05,-8.4983355824231e-05
1.92525,0.25739605976929,0.86429553236218,-6.693388571933e-05,-8.5398975955901e-05
1.9255,0.26445517217294,0.86181345253546,-6.7984092494848e-05,-8.5806541691058e-05
1.92575,0.27149596039403,0.85926854343981,-6.9091891327347e-05,-8.62011282886e-05
1.926,0.27851788627969,0.85666082469685,-7.0259003159643e-05,-8.6577289730541e-05
1.92625,0.28552040951095,0.85399031858839,-7.1486616134305e-05,-8.6929085077538e-05
1.9265,0.29250298757065,0.85125705007852,-7.2775278807316e-05,-8.7250125075333e-05
1.92675,0.29946507571063,0.84846104683648,-7.4124794049113e-05,-8.7533641417339e-05
1.927,0.30640612691811,0.84560233926043,-7.5534118572703e-05,-8.7772580302906e-05
1.92725,0.31332559188125,0.84268096050206,-7.7001273853277e-05,-8.7959720823402e-05
1.9275,0.32022291895392,0.8396969464921,-7.8523274778901e-05,-8.8087817267767e-05
1.92775,0.32709755411966,0.83665033596673,-8.0096082567367e-05,-8.8149762718675e-05
1.928,0.33394894095481,0.83354117049504,-8.1714588178428e-05,-8.8138769415125e-05
1.92825,0.34077652059085,0.8303694945074,-8.3372631552273e-05,-8.8048559444698e-05
1.9285,0.34757973167571,0.82713535532499,-8.5063060476628e-05,-8.7873557600108e-05
1.92875,0.35435801033456,0.82383880319028,-8.6777830763528e-05,-8.760907691451e-05
1.929,0.36111079012934,0.82047989129873,-8.850814682608e-05,-8.7251486696216e-05
1.92925,0.36783750201776,0.81705867583162,-9.0244638895574e-05,-8.679835299068e-05
1.9295,0.37453757431121,0.81357521599009,-9.1977570287969e-05,-8.6248542401114e-05
1.92975,0.38121043263183,0.81002957403041,-9.369706562919e-05,-8.560228208661e-05
1.93,0.38785549986871,0.80642181530055,-9.5393349082488e-05,-8.4861171396215e-05
1.93025,0.39447219613319,0.80275200827814,-9.7056980629558e-05,-8.4028143746609e-05
1.9305,0.40105993871318,0.79902022460973,-9.8679078478731e-05,-8.3107380687176e-05
1.93075,0.40761814202666,0.79522653915155,-0.00010025151671724,-8.2104183264157e-05
1.931,0.41414621757413,0.79137103001174,-0.00010176708926744,-8.1024808461895e-05
1.93125,0.42064357389026,0.78745377859409,-0.00010321963381421,-7.9876280403191e-05
1.9315,0.42710961649455,0.7834748696434,-0.0001046041123366,-7.8666186981079e-05
1.93175,0.43354374784096,0.77943439129251,-0.00010591664787346,-7.7402472642929e-05
1.932,0.43994536726679,0.77533243511095,-0.00010715451988124,-7.6093237243622e-05
1.93225,0.44631387094043,0.77116909615544,-0.00010831612276986,-7.4746549406641e-05
1.9325,0.45264865180824,0.76694447302214,-0.00010940089378812,-7.3370280912269e-05
1.93275,0.45894909954055,0.76265866790082,-0.00011040921732607,-7.1971966515561e-05
1.933,0.4652146004765,0.75831178663098,-0.00011134231294456,-7.0558691507111e-05
1.93325,0.47144453756816,0.75390393875995,-0.00011220211413237,-6.9137007444068e-05
1.9335,0.47763829032359,0.74943523760306,-0.00011299114406381,-6.7712874917193e-05
1.93375,0.48379523474891,0.74490580030601,-0.00011371239363288,-6.6291631042068e-05
1.934,0.48991474328955,0.74031574790939,-0.00011436920591389,-6.4877978577681e-05
1.93425,0.4959961847704,0.73566520541554,-0.00011496517005927,-6.3475993152926e-05
1.9345,0.50203892433522,0.73095430185772,-0.00011550402658266,-6.2089144965033e-05
1.93475,0.50804232338491,0.72618317037179,-0.00011598958504628,-6.0720331435544e-05
1.935,0.51400573951502,0.72135194827033,-0.00011642565440742,-5.937191759922e-05
1.93525,0.51992852645227,0.71646077711945,-0.00011681598568785,-5.8045781395156e-05
1.9355,0.52581003399022,0.71150980281818,-0.00011716422620355,-5.6743361473483e-05
1.93575,0.531649607924,0.7064991756807,-0.00011747388431316,-5.5465705583454e-05
1.936,0.53744658998417,0.70142905052146,-0.00011774830348655,-5.4213518039336e-05
1.93625,0.54320031776984,0.69629958674311,-0.00011799064443628,-5.2987205150244e-05
1.9365,0.5489101246807,0.69111094842768,-0.00011820387406803,-5.1786917838154e-05
1.93675,0.55457533984855,0.68586330443065,-0.00011839076007146,-5.061259095111e-05
1.937,0.56019528806777,0.68055682847851,-0.00011855387007057,-4.9463979007147e-05
1.93725,0.56576928972514,0.67519169926945,-0.00011869557436886,-4.8340688282633e-05
1.9375,0.5712966607289,0.66976810057759,-0.00011881805144776,-4.7242205292625e-05
1.93775,0.57677671243704,0.66428622136081,-0.00011892329549938,-4.6167921806876e-05
1.938,0.58220875158504,0.65874625587206,-0.00011901312539067,-4.5117156610026e-05
1.93825,0.58759208021275,0.6531484037746,-0.0001190891945626,-4.4089174254563e-05
1.9385,0.59292599559084,0.6474928702611,-0.00011915300146311,-4.3083201075776e-05
1.93875,0.59820979014657,0.64177986617664,-0.0001192059001957,-4.2098438744085e-05
1.939,0.60344275138909,0.63600960814596,-0.00011924911113671,-4.1134075625746e-05
1.93925,0.60862416183418,0.63018231870486,-0.00011928373133418,-4.01892962112e-05
1.9395,0.61375329892867,0.62429822643601,-0.00011931074455115,-3.9263288853917e-05
1.93975,0.61882943497431,0.61835756610928,-0.00011933103085678,-3.835525204339e-05
1.94,0.62385183705151,0.6123605788267,-0.00011934537570151,-3.7464399415369e-05
1.94025,0.62881976694264,0.60630751217211,-0.00011935447843831,-3.6589963681756e-05
1.9405,0.63373248105529,0.60019862036587,-0.00011935896027252,-3.5731199642349e-05
1.94075,0.63858923034526,0.59403416442451,-0.00011935937163811,-3.4887386421416e-05
1.941,0.6433892602396,0.58781441232563,-0.00011935619900978,-3.4057829054307e-05
1.94125,0.64813181055964,0.58153963917813,-0.00011934987116893,-3.3241859532903e-05
1.9415,0.65281611544412,0.57521012739798,-0.0001193407649472,-3.2438837403971e-05
1.94175,0.65744140327258,0.5688261668896,-0.00011932921047527,-3.1648150001255e-05
1.942,0.66200689658898,0.5623880552331,-0.00011931549596688,-3.0869212380423e-05
1.94225,0.66651181202575,0.55589609787753,-0.00011929987206915,-3.0101467015656e-05
1.9425,0.67095536022839,0.54935060834022,-0.00011928255581056,-2.9344383307652e-05
1.94275,0.67533674578064,0.54275190841247,-0.00011926373417715,-2.8597456944963e-05
1.943,0.67965516713042,0.53610032837175,-0.00011924356734702,-2.7860209153814e-05
1.94325,0.68390981651665,0.52939620720061,-0.00011922219161139,-2.7132185865696e-05
1.9435,0.68809987989712,0.52263989281231,-0.00011919972200937,-2.641295682701e-05
1.94375,0.69222453687742,0.51583174228371,-0.0001191762547017,-2.5702114670806e-05
1.944,0.69628296064131,0.50897212209514,-0.00011915186910703,-2.4999273966959e-05
1.94425,0.70027431788244,0.50206140837792,-0.00011912662982273,-2.4304070264112e-05
1.9445,0.7041977687378,0.49509998716933,-0.00011910058835031,-2.3616159134063e-05
1.94475,0.70805246672299,0.48808825467546,-0.00011907378464421,-2.2935215227114e-05
1.945,0.71183755866941,0.48102661754208,-0.00011904624850067,-2.2260931345056e-05
1.94525,0.71555218466384,0.4739154931337,-0.00011901800080252,-2.1593017536941e-05
1.9455,0.71919547799022,0.46675530982107,-0.00011898905463383,-2.0931200221505e-05
1.94575,0.72276656507428,0.45954650727731,-0.00011895941627735,-2.0275221339087e-05
1.946,0.72626456543093,0.45228953678284,-0.00011892908610646,-1.9624837534974e-05
1.94625,0.72968859161481,0.44498486153951,-0.00011889805938203,-1.8979819375446e-05
1.9465,0.73303774917425,0.4376329569938,-0.00011886632696399,-1.8339950597187e-05
1.94675,0.73631113660886,0.43023431116969,-0.00011883387594609,-1.770502739026e-05
1.947,0.73950784533103,0.42278942501114,-0.0001188006902216,-1.707485771451e-05
1.94725,0.74262695963178,0.41529881273461,-0.00011876675098723,-1.644926064892e-05
1.9475,0.74566755665106,0.40776300219159,-0.00011873203719128,-1.5828065773247e-05
1.94775,0.74862870635297,0.4001825352417,-0.00011869652593202,-1.5211112581085e-05
1.948,0.7515094715063,0.39255796813626,-0.00011866019281123,-1.4598249923369e-05
1.94825,0.75430890767053,0.38488987191276,-0.00011862301224764,-1.398933548124e-05
1.9485,0.75702606318793,0.37717883280039,-0.00011858495775438,-1.3384235267137e-05
1.94875,0.75965997918201,0.36942545263688,-0.00011854600218415,-1.2782823152937e-05
1.949,0.76220968956276,0.36163034929678,-0.00011850611794555,-1.2184980423942e-05
1.94925,0.76467422103913,0.35379415713158,-0.00011846527719351,-1.1590595357521e-05
1.9495,0.76705259313927,0.34591752742172,-0.00011842345199652,-1.0999562825221e-05
1.94975,0.76934381823888,0.33800112884079,-0.00011838061448317,-1.0411783917161e-05
1.95,0.77154690159829,0.33004564793214,-0.00011833673697013,-9.827165587595e-06
