1.7,0.79745049788673,0.49178448348486,-0.00014731892905968,0.00010344354435288
1.70025,0.800673543452,0.48615356124683,-0.00014681461576046,0.00010479666491161
1.7005,0.80385767406024,0.48049687316749,-0.00014630488240668,0.0001061506790241
1.70075,0.80700266021231,0.47481466351758,-0.00014578969849808,0.00010750556347875
1.701,0.81010827354385,0.46910717828348,-0.00014526903329092,0.00010886129461627
1.70125,0.81317428682867,0.46337466516432,-0.00014474285579325,0.00011021784832215
1.7015,0.81620047398201,0.4576173735694,-0.00014421113475998,0.00011157520001898
1.70175,0.81918661006367,0.45183555461565,-0.00014367383868792,0.00011293332465874
1.702,0.8221324712812,0.44602946112539,-0.00014313093581052,0.00011429219671489
1.70225,0.8250378349929,0.44019934762417,-0.00014258239409258,0.0001156517901745
1.7025,0.82790247971082,0.43434547033885,-0.00014202818122475,0.00011701207853014
1.70275,0.83072618510365,0.4284680871958,-0.00014146826461786,0.00011837303477178
1.703,0.83350873199959,0.4225674578194,-0.00014090261139709,0.00011973463137854
1.70325,0.83624990238916,0.41664384353056,-0.00014033118839597,0.0001210968403104
1.7035,0.83894947942789,0.41069750734561,-0.00013975396215025,0.00012245963299974
1.70375,0.84160724743902,0.40472871397526,-0.00013917089889148,0.00012382298034284
1.704,0.84422299191617,0.3987377298238,-0.00013858196454054,0.00012518685269131
1.70425,0.84679649952585,0.39272482298851,-0.00013798712470084,0.00012655121984341
1.7045,0.84932755811006,0.38669026325929,-0.0001373863446515,0.00012791605103526
1.70475,0.85181595668874,0.38063432211841,-0.00013677958934013,0.00012928131493201
1.705,0.85426148546227,0.3745572727406,-0.00013616682337559,0.00013064697961891
1.70525,0.85666393581385,0.36845938999324,-0.00013554801102044,0.00013201301259233
1.7055,0.85902310031187,0.36234095043687,-0.00013492311618319,0.00013337938075065
1.70575,0.86133877271233,0.35620223232581,-0.00013429210241038,0.00013474605038515
1.706,0.86361074796111,0.35004351560908,-0.00013365493287841,0.00013611298717079
1.70625,0.86583882219629,0.34386508193155,-0.00013301157038512,0.00013748015615692
1.7065,0.86802279275044,0.33766721463526,-0.00013236197734119,0.00013884752175797
1.70675,0.87016245815286,0.33145019876103,-0.00013170611576131,0.00014021504774407
1.707,0.87225761813185,0.3252143210503,-0.00013104394725505,0.00014158269723157
1.70725,0.87430807361697,0.31895986994716,-0.00013037543301757,0.00014295043267361
1.7075,0.87631362674121,0.31268713560072,-0.00012970053382002,0.00014431821585057
1.70775,0.87827408084326,0.30639640986761,-0.00012901920999973,0.00014568600786049
1.708,0.88018924046974,0.30008798631482,-0.00012833142145016,0.00014705376910955
1.70825,0.88205891137741,0.29376216022278,-0.00012763712761052,0.00014842145930237
1.7085,0.88388290053539,0.28741922858865,-0.00012693628745523,0.00014978903743245
1.70875,0.88566101612744,0.28105949012992,-0.00012622885948307,0.00015115646177248
1.709,0.88739306755422,0.27468324528827,-0.00012551480170602,0.00015252368986471
1.70925,0.88907886543551,0.26829079623367,-0.00012479407163793,0.00015389067851134
1.7095,0.89071822161258,0.26188244686879,-0.00012406662628282,0.0001552573837648
1.70975,0.89231094915046,0.25545850283366,-0.00012333242212298,0.00015662376091821
1.71,0.8938568623403,0.24901927151061,-0.00012259141510677,0.00015798976449575
1.71025,0.89535577670179,0.24256506202953,-0.00012184356063611,0.0001593553482431
1.7105,0.89680750898553,0.23609618527337,-0.00012108881355374,0.00016072046511794
1.71075,0.89821187717553,0.22961295388395,-0.00012032712813016,0.00016208506728045
1.711,0.89956870049171,0.22311568226811,-0.00011955845805033,0.00016344910608393
1.71125,0.90087779939246,0.21660468660407,-0.00011878275640005,0.00016481253206546
1.7115,0.90213899557722,0.21008028484817,-0.00011799997565207,0.00016617529493663
1.71175,0.90335211198923,0.20354279674194,-0.00011721006765191,0.00016753734357436
1.712,0.90451697281818,0.19699254381935,-0.00011641298360344,0.00016889862601188
1.71225,0.90563340350305,0.19042984941455,-0.00011560867405412,0.00017025908942973
1.7125,0.90670123073502,0.1838550386698,-0.00011479708888,0.00017161868014694
1.71275,0.90772028246035,0.1772684385438,-0.00011397817727045,0.00017297734361232
1.713,0.9086903878835,0.17067037782033,-0.00011315188771258,0.00017433502439595
1.71325,0.90961137747018,0.16406118711722,-0.00011231816797542,0.00017569166618073
1.7135,0.91048308295061,0.15744119889567,-0.00011147696509386,0.00017704721175419
1.71375,0.91130533732282,0.15081074746991,-0.00011062822535226,0.00017840160300043
1.714,0.9120779748561,0.14417016901721,-0.00010977189426787,0.0001797547808923
1.71425,0.91280083109447,0.13751980158827,-0.00010890791657397,0.00018110668548371
1.7145,0.91347374286036,0.13085998511792,-0.00010803623620279,0.00018245725590228
1.71475,0.91409654825838,0.12419106143625,-0.00010715679626819,0.00018380643034211
1.715,0.91466908667918,0.11751337428007,-0.00010626953904812,0.00018515414605688
1.71525,0.91519119880349,0.11082726930474,-0.00010537440596685,0.00018650033935314
1.7155,0.91566272660629,0.10413309409641,-0.000104471337577,0.00018784494558396
1.71575,0.91608351336107,0.097431198184676,-0.00010356027354145,0.0001891878991428
1.716,0.91645340364434,0.09072193305551,-0.00010264115261495,0.0001905291334577
1.71625,0.91677224334018,0.084005652164756,-0.0001017139126257,0.00019186858098581
1.7165,0.91703987964509,0.077282710951908,-0.00010077849045665,0.00019320617320823
1.71675,0.91725616107288,0.070553466854326,-9.9834822026786e-05,0.00019454184062519
1.717,0.91742093745981,0.063818279321931,-9.8882842272247e-05,0.00019587551275161
1.71725,0.91753405996991,0.057077509832224,-9.7922485127332e-05,0.000197207118113
1.7175,0.9175953811005,0.050331521905834,-9.6953683505473e-05,0.00019853658424174
1.71775,0.91760475468785,0.043580681122442,-9.5976369280131e-05,0.00019986383767381
1.718,0.91756203591315,0.036825355137144,-9.4990473265667e-05,0.00020118880394587
1.71825,0.91746708130858,0.030065913697328,-9.3995925198205e-05,0.00020251140759274
1.7185,0.91731974876374,0.023302728659942,-9.2992653716516e-05,0.00020383157214541
1.71875,0.91711989753217,0.01653617400924,-9.198058634294e-05,0.00020514922012937
1.719,0.91686738823821,0.00976662587505,-9.0959649464396e-05,0.00020646427306345
1.71925,0.91656208288412,0.0029944625514368,-8.9929768313477e-05,0.00020777665145915
1.7195,0.91620384485733,-0.0037799354840624,-8.889086694969e-05,0.00020908627482032
1.71975,0.91579253893818,-0.010556185550766,-8.7842868240862e-05,0.00021039306164347
1.72,0.91532803130769,-0.017333902744674,-8.6785693844737e-05,0.00021169692941841
1.72025,0.91481018955583,-0.024112699917731,-8.571926419082e-05,0.00021299779462949
1.7205,0.91423888268996,-0.030892187656625,-8.4643498462486e-05,0.00021429557275723
1.72075,0.91361398114364,-0.037671974261064,-8.3558314579396e-05,0.00021559017828051
1.721,0.91293535678575,-0.044451665721446,-8.2463629180276e-05,0.00021688152467924
1.72125,0.91220288292993,-0.051230865696094,-8.1359357606069e-05,0.00021816952443746
1.7215,0.91141643434437,-0.058009175487836,-8.0245413883538e-05,0.00021945408904703
1.72175,0.91057588726197,-0.064786194020087,-7.9121710709332e-05,0.0002207351290117
1.722,0.90968111939086,-0.071561517812368,-7.7988159434582e-05,0.00022201255385171
1.72225,0.90873200992528,-0.078334740955185,-7.6844670050066e-05,0.00022328627210888
1.7225,0.90772843955691,-0.08510545508438,-7.5691151171987e-05,0.0002245561913521
1.72275,0.90667029048654,-0.091873249354878,-7.4527510028417e-05,0.00022582221818333
1.723,0.90555744643623,-0.098637710413777,-7.3353652446459e-05,0.00022708425824399
1.72325,0.90438979266182,-0.1053984223729,-7.2169482840171e-05,0.00022834221622177
1.7235,0.90316721596599,-0.11215496678064,-7.0974904199314e-05,0.00022959599585787
1.72375,0.90188960471172,-0.11890692259323,-6.9769818078967e-05,0.00023084549995459
1.724,0.90055684883625,-0.12565386614533,-6.8554124590064e-05,0.0002320906303833
1.72425,0.89916883986553,-0.13239537111997,-6.7327722390921e-05,0.00023333128809266
1.7245,0.89772547092922,-0.13913100851784,-6.6090508679782e-05,0.00023456737311726
1.72475,0.89622663677615,-0.14586034662586,-6.4842379188465e-05,0.00023579878458639
1.725,0.89467223379043,-0.15258295098507,-6.3583228177155e-05,0.00023702542073314
1.72525,0.89306216000801,-0.15929838435788,-6.2312948430379e-05,0.00023824717890364
1.7255,0.89139631513395,-0.16600620669453,-6.1031431254267e-05,0.00023946395556645
1.72575,0.88967460056018,-0.17270597509881,-5.9738566475098e-05,0.00024067564632201
1.726,0.88789691938399,-0.1793972437932,-5.8434242439224e-05,0.00024188214591228
1.72625,0.88606317642709,-0.18607956408301,-5.7118346014424e-05,0.00024308334823016
1.7265,0.88417327825537,-0.19275248431999,-5.5790762592723e-05,0.00024427914632909
1.72675,0.88222713319936,-0.19941554986506,-5.445137609474e-05,0.00024546943243233
1.727,0.88022465137539,-0.20606830305025,-5.3100068975638e-05,0.00024665409794221
1.72725,0.87816574470747,-0.21271028313986,-5.1736722232678e-05,0.00024783303344905
1.7275,0.87605032695001,-0.21934102629082,-5.0361215414486e-05,0.0002490061287398
1.72775,0.8738783137112,-0.22596006551222,-4.8973426632033e-05,0.00025017327280629
1.728,0.8716496224773,-0.23256693062399,-4.7573232571396e-05,0.00025133435385304
1.72825,0.86936417263779,-0.23916114821474,-4.6160508508355e-05,0.00025248925930446
1.7285,0.86702188551126,-0.24574224159872,-4.4735128324839e-05,0.00025363787581152
1.72875,0.86462268437234,-0.25230973077194,-4.3296964527284e-05,0.00025478008925767
1.729,0.86216649447948,-0.25886313236735,-4.1845888266941e-05,0.00025591578476392
1.72925,0.85965324310369,-0.26540195960917,-4.0381769362142e-05,0.00025704484669311
1.7295,0.85708285955831,-0.27192572226624,-3.8904476322596e-05,0.00025816715865314
1.72975,0.85445527522976,-0.27843392660445,-3.741387637571e-05,0.00025928260349916
1.73,0.85177042360936,-0.28492607533829,-3.5909835494964e-05,0.00026039106333454
1.73025,0.84902824032624,-0.29140166758134,-3.4392218430387e-05,0.00026149241951059
1.7305,0.84622866318139,-0.29786019879585,-3.2860888741117e-05,0.0002625865526249
1.73075,0.84337163218287,-0.30430116074128,-3.1315708830081e-05,0.00026367334251816
1.731,0.84045708958221,-0.31072404142186,-2.9756539980798e-05,0.00026475266826941
1.73125,0.83748497991207,-0.31712832503319,-2.8183242396305e-05,0.00026582440818961
1.7315,0.83445525002517,-0.32351349190762,-2.6595675240217e-05,0.0002668884398133
1.73175,0.83136784913457,-0.32987901845881,-2.4993696679912e-05,0.00026794463988848
1.732,0.82822272885531,-0.33622437712508,-2.3377163931824e-05,0.0002689928843643
1.73225,0.82501984324745,-0.34254903631165,-2.174593330886e-05,0.00027003304837676
1.7325,0.82175914886062,-0.34885246033195,-2.009986026988e-05,0.00027106500623201
1.73275,0.81844060478006,-0.35513410934763,-1.843879947126e-05,0.00027208863138743
1.733,0.8150641726742,-0.36139343930757,-1.676260482049e-05,0.00027310379643007
1.73325,0.8116298168439,-0.36762990188572,-1.5071129531771e-05,0.0002741103730527
1.7335,0.80813750427336,-0.37384294441772,-1.3364226183601e-05,0.00027510823202699
1.73375,0.80458720468272,-0.38003200983647,-1.1641746778276e-05,0.00027609724317404
1.734,0.80097889058248,-0.3861965366064,-9.9035428032838e-06,0.00027707727533193
1.73425,0.79731253732978,-0.39233595865662,-8.1494652945456e-06,0.00027804819632035
1.7345,0.79358812318652,-0.39844970531284,-6.3793649014264e-06,0.00027900987290205
1.73475,0.78980562937955,-0.40453720122802,-4.5930919534932e-06,0.00027996217074123
1.735,0.7859650401628,-0.41059786631185,-2.7904965289287e-06,0.00028090495435856
1.73525,0.78206634288159,-0.41663111565894,-9.7142852454958e-07,0.00028183808708294
1.7355,0.7781095280391,-0.42263635947572,8.6426227262214e-07,0.00028276143099971
1.73575,0.77409458936508,-0.42861300300614,2.7167261123337e-06,0.00028367484689554
1.736,0.77002152388687,-0.43456044645601,4.5861132066788e-06,0.00028457819419958
1.73625,0.76589033200287,-0.44047808491606,6.4725736543361e-06,0.00028547133092104
1.7365,0.76170101755849,-0.44636530828373,8.3762573635852e-06,0.00028635411358314
1.73675,0.7574535879246,-0.45222150118356,1.0297313974127e-05,0.0002872263971532
1.737,0.75314805407878,-0.45804604288633,1.2235892777829e-05,0.00028808803496908
1.73725,0.74878443068916,-0.46383830722681,1.4192142638458e-05,0.00028893887866168
1.7375,0.74436273620118,-0.46959766252021,1.6166211910455e-05,0.00028977877807367
1.73775,0.73988299292733,-0.4753234714772,1.8158248356876e-05,0.00029060758117429
1.738,0.73534522713983,-0.4810150911177,2.0168399066541e-05,0.00029142513397035
1.73825,0.73074946916649,-0.48667187268316,2.2196810370461e-05,0.00029223128041319
1.7385,0.72609575348983,-0.49229316154757,2.4243627757656e-05,0.0002930258623019
1.73875,0.72138411884954,-0.4978782971271,2.6308995790374e-05,0.00029380871918253
1.739,0.71661460834842,-0.50342661278832,2.8393058018826e-05,0.00029457968824348
1.73925,0.71178726956183,-0.5089374357551,3.0495956895492e-05,0.00029533860420706
1.7395,0.70690215465098,-0.51441008701411,3.2617833689006e-05,0.00029608529921713
1.73975,0.70195932047993,-0.51984388121898,3.4758828397746e-05,0.00029681960272309
1.74,0.69695882873658,-0.52523812659313,3.6919079663128e-05,0.00029754134136003
1.74025,0.69190074605781,-0.53059212483116,3.9098724682633e-05,0.0002982503388252
1.7405,0.68678514415878,-0.53590517099904,4.1297899122658e-05,0.00029894641575096
1.74075,0.68161209996661,-0.54117655343283,4.3516737031143e-05,0.00029962938957402
1.741,0.67638169575863,-0.54640555363622,4.5755370750048e-05,0.00030029907440131
1.74125,0.67109401930527,-0.55159144617668,4.8013930827667e-05,0.00030095528087238
1.7415,0.66574916401775,-0.55673349858041,5.0292545930764e-05,0.00030159781601855
1.74175,0.66034722910083,-0.56183097122598,5.2591342756554e-05,0.00030222648311877
1.742,0.65488831971066,-0.5668831172368,5.4910445944488e-05,0.0003028410815524
1.74225,0.64937254711799,-0.57188918237237,5.7249977987802e-05,0.00030344140664896
1.7425,0.64380002887688,-0.57684840491838,5.9610059144824e-05,0.00030402724953497
1.74275,0.63817088899914,-0.5817600155757,6.1990807349945e-05,0.00030459839697798
1.743,0.6324852581346,-0.58662323734827,6.4392338124224e-05,0.00030515463122799
1.74325,0.62674327375748,-0.59143728542999,6.6814764485538e-05,0.00030569572985622
1.7435,0.62094508035911,-0.5962013670906,6.9258196858176e-05,0.00030622146559156
1.74375,0.61509082964705,-0.60091468156063,7.1722742981807e-05,0.00030673160615463
1.744,0.60918068075095,-0.60557641991556,7.4208507819691e-05,0.00030722591408976
1.74425,0.60321480043539,-0.61018576495907,7.671559346599e-05,0.0003077041465949
1.7445,0.59719336331982,-0.61474189110569,7.9244099052097e-05,0.00030816605534969
1.74475,0.59111655210595,-0.61924396426268,8.1794120651758e-05,0.00030861138634169
1.745,0.58498455781274,-0.62369114171148,8.4365751184885e-05,0.00030903987969116
1.74525,0.57879758001929,-0.62808257198863,8.6959080319863e-05,0.00030945126947424
1.7455,0.57255582711594,-0.63241739476631,8.957419437413e-05,0.00030984528354491
1.74575,0.56625951656367,-0.63669474073269,9.2211176212877e-05,0.00031022164335574
1.746,0.55990887516233,-0.64091373147213,9.4870105145636e-05,0.00031058006377765
1.74625,0.55350413932776,-0.64507347934532,9.7551056820481e-05,0.00031092025291877
1.7465,0.54704555537819,-0.64917308736964,0.00010025410311569,0.00031124191194262
1.74675,0.54053337983022,-0.65321164909976,0.00010297931202853,0.00031154473488571
1.747,0.53396787970466,-0.65718824850862,0.00010572674756093,0.00031182840847466
1.74725,0.52734933284258,-0.66110195986916,0.00010849646960179,0.00031209261194316
1.7475,0.52067802823184,-0.66495184763668,0.00011128853380557,0.00031233701684868
1.74775,0.51395426634452,-0.66873696633231,0.00011410299146696,0.00031256128688936
1.748,0.50717835948546,-0.6724563604276,0.00011693988939117,0.00031276507772094
1.74825,0.50035063215244,-0.67610906423058,0.00011979926975968,0.00031294803677415
1.7485,0.49347142140817,-0.6796941017734,0.00012268116999095,0.00031310980307252
1.74875,0.48654107726465,-0.68321048670197,0.00012558562259589,0.00031325000705086
1.749,0.4795599630801,-0.68665722216773,0.00012851265502763,0.0003133682703746
1.74925,0.47252845596896,-0.69003330072185,0.00013146228952528,0.00031346420576003
1.7495,0.46544694722536,-0.69333770421232,0.00013443454295127,0.00031353741679575
1.74975,0.45831584276041,-0.69656940368402,0.00013742942662185,0.00031358749776537
1.75,0.45113556355375,-0.69972735928233,0.00014044694613051,0.00031361403347179
1.75025,0.44390654611982,-0.7028105201605,0.00014348710116368,0.00031361659906302
1.7505,0.43662924298921,-0.70581782439131,0.0001465498853085,0.00031359475985995
1.75075,0.42930412320563,-0.70874819888328,0.00014963528585214,0.00031354807118614
1.751,0.42193167283888,-0.71160055930203,0.00015274328357222,0.00031347607819984
1.75125,0.41451239551429,-0.71437380999717,0.00015587385251801,0.00031337831572846
1.7515,0.40704681295914,-0.71706684393521,0.00015902695978183,0.00031325430810573
1.75175,0.39953546556649,-0.7196785426391,0.0001622025652603,0.0003131035690118
1.752,0.3919789129769,-0.72220777613488,0.0001654006214049,0.00031292560131638
1.75225,0.38437773467867,-0.72465340290609,0.00016862107296151,0.00031271989692539
1.7525,0.3767325306268,-0.72701426985651,0.00017186385669826,0.00031248593663122
1.75275,0.36904392188153,-0.729289212282,0.00017512890112145,0.00031222318996698
1.753,0.36131255126671,-0.73147705385201,0.00017841612617892,0.000311931115065
1.75325,0.35353908404859,-0.73357660660162,0.00018172544295035,0.00031160915851986
1.7535,0.34572420863564,-0.73558667093481,0.00018505675332422,0.00031125675525648
1.75375,0.33786863729974,-0.7375060356399,0.00018840994966067,0.00031087332840336
1.754,0.32997310691946,-0.73933347791792,0.00019178491443998,0.00031045828917156
1.75425,0.32203837974577,-0.74106776342489,0.00019518151989614,0.00031001103673981
1.7545,0.31406524419081,-0.742707646329,0.00019859962763489,0.00030953095814606
1.75475,0.30605451564031,-0.74425186938374,0.00020203908823594,0.00030901742818616
1.755,0.29800703728989,-0.74569916401798,0.00020549974083876,0.00030846980931991
1.75525,0.28992368100611,-0.74704825044426,0.00020898141271141,0.00030788745158527
1.7555,0.28180534821256,-0.74829783778638,0.00021248391880213,0.00030726969252107
1.75575,0.27365297080147,-0.74944662422769,0.00021600706127292,0.00030661585709904
1.756,0.26546751207143,-0.75049329718128,0.00021955062901495,0.00030592525766558
1.75625,0.25724996769165,-0.75143653348356,0.00022311439714501,0.00030519719389419
1.7565,0.2490013666931,-0.75227499961273,0.0002266981264829,0.00030443095274904
1.75675,0.24072277248719,-0.75300735193363,0.00023030156300892,0.00030362580846071
1.757,0.23241528391216,-0.75363223697054,0.00023392443730136,0.00030278102251467
1.75725,0.22408003630763,-0.75414829170989,0.00023756646395338,0.00030189584365358
1.7575,0.21571820261781,-0.75455414393434,0.00024122734096891,0.0003009695078942
1.75775,0.20733099452347,-0.75484841259038,0.00024490674913717,0.00030000123855993
1.758,0.19891966360298,-0.75502970819129,0.00024860435138552,0.00029899024633003
1.75825,0.19048550252285,-0.75509663325758,0.00025231979211012,0.00029793572930654
1.7585,0.18202984625766,-0.755047782797,0.00025605269648427,0.00029683687310016
1.75875,0.17355407333976,-0.7548817448265,0.00025980266974403,0.00029569285093626
1.759,0.16505960713862,-0.75459710093837,0.0002635692964508,0.00029450282378221
1.75925,0.15654791716988,-0.75419242691316,0.00026735213973083,0.00029326594049752
1.7595,0.14802052043416,-0.75366629338187,0.00027115074049122,0.00029198133800813
1.75975,0.13947898278525,-0.7530172665401,0.0002749646166125,0.00029064814150641
1.76,0.13092492032758,-0.75224390891706,0.00027879326211752,0.00028926546467826
1.76025,0.12236000084259,-0.75134478020223,0.00028263614631671,0.0002878324099592
1.7605,0.1137859452435,-0.75031843813284,0.00028649271292969,0.00028634806882097
1.76075,0.10520452905805,-0.74916343944521,0.00029036237918329,0.00028481152209053
1.761,0.096617583938316,-0.74787834089337,0.00029424453488621,0.0002832218403033
1.76125,0.088026999196888,-0.74646170033824,0.00029813854148045,0.00028157808409265
1.7615,0.079434723368506,-0.74491207791104,0.00030204373106982,0.00027987930461758
1.76175,0.070842765795768,-0.74322803725445,0.00030595940542613,0.00027812454403083
1.762,0.06225319823787,-0.74140814684543,0.00030988483497318,0.00027631283598957
1.76225,0.053668156500653,-0.73945098140367,0.00031381925774961,0.00027444320621095
1.7625,0.045089842086338,-0.73735512338943,0.00031776187835088,0.00027251467307493
1.76275,0.036520523861075,-0.73511916459539,0.00032171186685165,0.00027052624827676
1.763,0.027962539738014,-0.73274170783637,0.00032566835770915,0.00026847693753182
1.76325,0.019418298373547,-0.73022136874164,0.00032963044864897,0.00026636574133518
1.7635,0.010890280874108,-0.72755677765424,0.00033359719953433,0.00026419165577884
1.76375,0.0023810425104112,-0.7247465816419,0.00033756763122043,0.00026195367342925
1.764,-0.0061067855640655,-0.72178944662442,0.00034154072439535,0.00025965078426795
1.76425,-0.014570494593911,-0.71868405962234,0.00034551541840945,0.00025728197669839
1.7645,-0.023007296506054,-0.71542913113174,0.0003494906100951,0.00025484623862159
1.76475,-0.03141432220159,-0.71202339763029,0.00035346515257916,0.00025234255858407
1.765,-0.039788619860074,-0.70846562421961,0.0003574378540905,0.00024976992700064
1.76525,-0.04812715326135,-0.70475460740904,0.00036140747676525,0.00024712733745555
1.7655,-0.056426800130419,-0.70088917804601,0.00036537273545285,0.00024441378808488
1.76575,-0.064684350511597,-0.69686820439822,0.00036933229652596,0.00024162828304338
1.766,-0.072896505178274,-0.69269059539284,0.00037328477669769,0.0002387698340589
1.76625,-0.081059874085525,-0.68835530401779,0.00037722874185018,0.00023583746207754
1.7665,-0.089170974873113,-0.68386133089035,0.00038116270587826,0.00023283019900259
1.76675,-0.097226231426996,-0.67920772799809,0.00038508512955288,0.0002297470895304
1.767,-0.10522197250824,-0.67439360261706,0.00038899441940893,0.00022658719308598
1.76725,-0.11315443045869,-0.66941812141193,0.00039288892666264,0.00022334958586151
1.7675,-0.12101973999339,-0.66428051472293,0.00039676694616383,0.00022003336296033
1.76775,-0.12881393709053,-0.65898008104369,0.0004006267153892,0.00021663764064915
1.768,-0.1365329579905,-0.65351619169436,0.00040446641348244,0.00021316155872102
1.76825,-0.14417263831585,-0.6478882956936,0.00040828416034824,0.00020960428297137
1.7685,-0.15172871232546,-0.64209592483301,0.00041207801580691,0.00020596500778906
1.76875,-0.15919681231626,-0.63613869895697,0.00041584597881717,0.0002022429588646
1.769,-0.16657246818727,-0.63001633145035,0.00041958598677508,0.00019843739601669
1.76925,-0.17385110718089,-0.62372863493605,0.00042329591489727,0.00019454761613859
1.7695,-0.18102805381781,-0.61727552718383,0.00042697357569723,0.00019057295626505
1.76975,-0.18809853004226,-0.61065703723075,0.00043061671856396,0.00018651279676018
1.77,-0.19505765559537,-0.60387331171327,0.00043422302945234,0.00018236656462627
1.77025,-0.20190044863527,-0.59692462140994,0.00043779013069541,0.00017813373693305
1.7705,-0.20862182662325,-0.58981136799232,0.00044131558094886,0.00017381384436611
1.77075,-0.2152166074961,-0.5825340909815,0.0004447968752786,0.000169406474893
1.771,-0.22167951114582,-0.57509347490547,0.00044823144540255,0.00016491127754429
1.77125,-0.22800516122831,-0.56749035665196,0.0004516166600982,0.00016032796630677
1.7715,-0.2341880873235,-0.55972573300983,0.00045494982578776,0.00015565632412469
1.77175,-0.24022272747023,-0.5518007683903,0.00045822818731303,0.00015089620700428
1.772,-0.24610343109959,-0.54371680271797,0.0004614489289125,0.00014604754821601
1.77225,-0.25182446239113,-0.53547535947987,0.00046460917541303,0.00014111036258789
1.7725,-0.25738000407684,-0.52707815391838,0.00046770599364905,0.00013608475088207
1.77275,-0.26276416171804,-0.51852710135262,0.00047073639412196,0.00013097090424625
1.773,-0.26797096848085,-0.50982432560998,0.00047369733291267,0.00012576910872984
1.77325,-0.27299439043597,-0.50097216754769,0.00047658571385986,0.00012047974985382
1.7735,-0.27782833240834,-0.4919731936418,0.00047939839101675,0.00011510331722222
1.77375,-0.2824666444025,-0.48283020461818,0.00048213217139874,0.00010964040916128
1.774,-0.28690312862879,-0.47354624409795,0.00048478381803374,0.00010409173737172
1.77425,-0.29113154715531,-0.46412460722627,0.00048735005332705,9.8458131577558e-05
1.7745,-0.29514563020973,-0.45456884925139,0.00048982756275163,9.274054415395e-05
1.77475,-0.29893908515396,-0.44488279401709,0.00049221299887402,8.6940054714861e-05
1.775,-0.30250560615391,-0.43507054232912,0.00049450298572552,8.1057874640012e-05
1.77525,-0.30583888456457,-0.42513648015272,0.00049669412352695,7.5095351519122e-05
1.7755,-0.30893262004918,-0.41508528659543,0.00049878299377447,6.9053973490079e-05
1.77575,-0.3117805324493,-0.4049219416258,0.0005007661646924,6.2935373446106e-05
1.776,-0.31437637441964,-0.39465173347589,0.00050264019705779,5.6741333085869e-05
1.77625,-0.31671394483941,-0.38428026567149,0.00050440165039953,5.0473786778918e-05
1.7765,-0.31878710300816,-0.37381346363161,0.00050604708957341,4.4134825217752e-05
1.77675,-0.32058978363103,-0.36325758077507,0.00050757309171219,3.7726698826663e-05
1.777,-0.32211601259399,-0.35261920406935,0.00050897625354785,3.1251820896333e-05
1.77725,-0.32335992352558,-0.34190525895405,0.00051025319910083,2.4712770412344e-05
1.7775,-0.32431577513665,-0.33112301356846,0.00051140058772856,1.8112294545048e-05
1.77775,-0.32497796932447,-0.32028008221059,0.00051241512252286,1.1453310767416e-05
1.778,-0.32534107002188,-0.30938442795305,0.00051329355904326,4.7389085674017e-06
1.77825,-0.32539982276613,-0.29844436433894,0.00051403271437014,-2.0276492791465e-06
1.7785,-0.32514917495545,-0.28746855608026,0.00051462947645852,-8.842925908744e-06
1.77875,-0.3245842967546,-0.27646601868015,0.00051508081377032,-1.570331007712e-05
1.779,-0.32370060260327,-0.26544611689996,0.00051538378515961,-2.2605016405647e-05
1.77925,-0.32249377327363,-0.25441856199258,0.00051553554998187,-2.954408619929e-05
1.7795,-0.32095977841542,-0.24339340762445,0.00051553337839519,-3.6516388866806e-05
1.77975,-0.3190948995187,-0.23238104440991,0.00051537466181772,-4.3517623972592e-05
1.78,-0.31689575321597,-0.22139219298472,0.00051505692350255,-5.0543323947357e-05
1.78025,-0.31435931483694,-0.21043789554801,0.00051457782918756,-5.7588857482888e-05
1.7805,-0.31148294212046,-0.19952950580656,0.0005139351977751,-6.4649433633318e-05
1.78075,-0.30826439897958,-0.18867867726033,0.00051312701199268,-7.1720106642383e-05
1.781,-0.30470187920725,-0.17789734977392,0.00051215142898337,-7.8795781512886e-05
1.78125,-0.30079403000174,-0.16719773438575,0.00051100679077181,-8.5871220330782e-05
1.7815,-0.29653997518298,-0.15659229631513,0.00050969163454925,-9.294104935213e-05
1.78175,-0.29193933796344,-0.14609373613567,0.00050820470271899,-9.9999766857031e-05
1.782,-0.28699226313014,-0.13571496909448,0.00050654495264177,-0.00010704175176955
1.78225,-0.28169943848792,-0.12546910256696,0.00050471156601934,-0.00011406127303797
1.7825,-0.27606211540885,-0.11536941164942,0.00050270395785355,-0.00012105249976415
1.78275,-0.27008212832784,-0.10542931290483,0.00050052178491762,-0.0001280095120654
1.783,-0.26376191302103,-0.095662336290605,0.00049816495367663,-0.00013492631264667
1.78325,-0.2571045235013,-0.086082095312227,0.00049563362759457,-0.00014179683905479
1.7835,-0.25011364736431,-0.076702255461956,0.00049292823376663,-0.00014861497658089
1.78375,-0.24279361941875,-0.067536501017401,0.00049004946881707,-0.00015537457177119
1.784,-0.23514943343684,-0.05859850029165,0.00048699830400549,-0.00016206944650028
1.78425,-0.22718675186449,-0.049901869442806,0.00048377598948702,-0.00016869341255565
1.7845,-0.21891191333627,-0.041460134967817,0.00048038405767596,-0.00017524028667635
1.78475,-0.21033193784746,-0.033286695022123,0.0004768243256661,-0.00018170390598367
1.785,-0.2014545294445,-0.025394779722822,0.00047309889666615,-0.00018807814373653
1.78525,-0.1922880763063,-0.01779741060913,0.00046921016041377,-0.00019435692533997
1.7855,-0.18284164810165,-0.010507359449044,0.00046516079253759,-0.00020053424453064
1.78575,-0.17312499052247,-0.0035371065950596,0.00046095375284309,-0.00020660417966022
1.786,-0.16314851690939,0.0031012008947935,0.00045659228250483,-0.00021256090999407
1.78625,-0.15292329690407,0.0093957911431689,0.00045207990015465,-0.00021839873194056
1.7865,-0.14246104208215,0.015335309109192,0.00044742039686306,-0.00022411207512471
1.78675,-0.13177408854233,0.02090885776809,0.00044261783001852,-0.00022969551821871
1.787,-0.12087537644857,0.02610603856299,0.00043767651611729,-0.00023514380444212
1.78725,-0.10977842654625,0.030916990873202,0.00043260102248423,-0.00024045185664478
1.7875,-0.098497313697015,0.035332430241831,0.00042739615795295,-0.00024561479188716
1.78775,-0.087046637500975,0.039343685106724,0.00042206696254144,-0.00025062793543496
1.788,-0.075441490100575,0.042942731782089,0.0004166186961667,-0.00025548683408798
1.78825,-0.063697421284053,0.046122227444602,0.0004110568264493,-0.0002601872687667
1.7885,-0.0518304010312,0.048875540886533,0.00040538701566567,-0.00026472526628505
1.78875,-0.039856779667494,0.051196780809987,0.00039961510691221,-0.00026909711024251
1.789,-0.027793245814732,0.053080821450512,0.00039374710955131,-0.00027329935097493
1.78925,-0.015656782347926,0.05452332533478,0.00038778918401461,-0.00027732881450975
1.7895,-0.0034646205870586,0.055520762996039,0.00038174762604348,-0.0002811826104781
1.78975,0.0087658070298638,0.056070429491992,0.00037562885045035,-0.00028485813894393
1.79,0.021016915530756,0.05617045759271,0.00036943937448815,-0.00028835309611765
1.79025,0.033271016976112,0.055819827530826,0.00036318580091683,-0.00029166547893007
1.7905,0.045510370723568,0.055018373232186,0.00035687480085792,-0.00029479358845035
1.79075,0.057717234098086,0.053766784972201,0.00035051309652851,-0.00029773603213988
1.791,0.069873913171216,0.052066608430897,0.00034410744394603,-0.00030049172494241
1.79125,0.081962813350993,0.049920240147815,0.0003376646156941,-0.00030305988921847
1.7915,0.093966489485419,0.047330919406118,0.00033119138383821,-0.0003054400535404
1.79175,0.10586769518726,0.044302716603076,0.00032469450307718,-0.00030763205037156
1.792,0.11764943109458,0.040840518191376,0.00031818069421337,-0.00030963601266077
1.79225,0.12929499179218,0.036950008301788,0.00031165662802072,-0.00031145236938973
1.7925,0.14078801113152,0.032637647182641,0.00030512890958496,-0.0003130818401175
1.79275,0.15211250570191,0.027910646614826,0.00029860406318583,-0.00031452542857191
1.793,0.16325291622375,0.022776942482258,0.000292088517785,-0.00031578441534283
1.79325,0.17419414665348,0.017245164697141,0.00028558859317812,-0.00031686034973701
1.7935,0.18492160081168,0.01132460469608,0.00027911048686295,-0.00031775504085775
1.79375,0.19542121636821,0.0050251807376394,0.00027266026166898,-0.00031847054797606
1.794,0.2056794960418,-0.0016425987562283,0.00026624383418779,-0.00031900917026255
1.79425,0.21568353589673,-0.0086676735634362,0.00025986696403628,-0.00031937343595076
1.7945,0.22542105064348,-0.016038471471682,0.00025353524397855,-0.0003195660910043
1.79475,0.23488039587603,-0.023742949273239,0.00024725409092546,-0.00031959008736018
1.795,0.2440505872031,-0.031768634681891,0.00024102873782447,-0.00031944857082093
1.79525,0.25292131625552,-0.040102668910592,0.0002348642264461,-0.00031914486866714
1.7955,0.26148296357532,-0.048731849652298,0.00022876540106726,-0.00031868247706096
1.79575,0.26972660841563,-0.057642674212881,0.00022273690304597,-0.00031806504830913
1.796,0.27764403550115,-0.066821382552951,0.00021678316627668,-0.00031729637805191
1.79625,0.28522773882041,-0.076254000006073,0.0002109084135101,-0.00031638039244166
1.7965,0.29247092253848,-0.085926379452544,0.00020511665351722,-0.00031532113537156
1.79675,0.29936749913656,-0.095824242741327,0.00019941167907261,-0.0003141227558118
1.797,0.30591208489984,-0.10593322116774,0.00019379706572852,-0.00031278949530686
1.79725,0.31209999288782,-0.11623889482966,0.00018827617134793,-0.00031132567568358
1.7975,0.31792722353337,-0.12672683070214,0.00018285213636182,-0.00030973568701586
1.79775,0.3233904530254,-0.13738261928666,0.00017752788471345,-0.00030802397588755
1.798,0.32848701963808,-0.14819190970912,0.00017230612545061,-0.0003061950339912
1.79825,0.33321490817474,-0.15914044315785,0.00016718935492501,-0.00030425338709574
1.7985,0.33757273269851,-0.17021408457032,0.00016217985955698,-0.00030220358441251
1.79875,0.3415597177236,-0.18139885249416,0.00015727971912298,-0.00030005018838446
1.799,0.3451756780418,-0.19268094706516,0.00015249081052268,-0.00029779776491968
1.79925,0.34842099735716,-0.20404677606028,0.00014781481198275,-0.00029545087408648
1.7995,0.35129660589973,-0.21548297899964,0.00014325320765456,-0.00029301406128334
1.79975,0.35380395718499,-0.22697644928561,0.00013880729256344,-0.00029049184889369
1.8,0.35594500408095,-0.23851435438062,0.00013447817786825,-0.00028788872843204
1.80025,0.35772217433882,-0.2500841540383,0.00013026679639093,-0.00028520915318485
1.8005,0.3591383457362,-0.26167361661363,0.0001261739083768,-0.00028245753134639
1.80075,0.36019682097449,-0.27327083348847,0.00012220010744823,-0.00027963821964758
1.801,0.36090130246403,-0.28486423165842,0.00011834582671543,-0.0002767555174727
1.80125,0.36125586712174,-0.29644258453479,0.00011461134501014,-0.0002738136614571
1.8015,0.3612649412974,-0.30799502102319,0.00011099679320974,-0.00027081682055669
1.80175,0.36093327593565,-0.31951103294611,0.00010750216062094,-0.00026776909157843
1.802,0.36026592207133,-0.33098048088196,0.00010412730139466,-0.00026467449515913
1.80225,0.35926820674695,-0.34239359849754,0.00010087194094507,-0.00026153697217884
1.8025,0.35794570943168,-0.35374099545381,9.7735682348147e-05,-0.00025836038059364
1.80275,0.35630423901257,-0.36501365896719,9.471801269694e-05,-0.0002551484926719
1.803,0.35434981141975,-0.37620295411054,9.1818309392711e-05,-0.00025190499261711
1.80325,0.35208862793923,-0.38730062293833,8.903584635292e-05,-0.00024863347455985
1.8035,0.34952705425857,-0.3982987825207,8.6369800119098e-05,-0.00024533744090101
1.80375,0.34667160028308,-0.40918992197089,8.3819255849232e-05,-0.00024202030098805
1.804,0.34352890075315,-0.41996689854902,8.1383213181254e-05,-0.00023868537010594
1.80425,0.34010569668598,-0.43062293292391,7.9060591955706e-05,-0.0002353358687643
1.8045,0.33640881765911,-0.44115160367254,7.6850237787387e-05,-0.00023197492226248
1.80475,0.33244516494687,-0.4515468410943,7.4750927477263e-05,-0.00022860556051442
1.805,0.32822169551539,-0.46180292041467,7.2761374257307e-05,-0.00022523071811531
1.80525,0.32374540687716,-0.47191445444981,7.0880232862369e-05,-0.00022185323463256
1.8055,0.31902332280108,-0.48187638580063,6.9106104424361e-05,-0.00021847585510399
1.80575,0.31406247987029,-0.49168397864132,6.7437541185238e-05,-0.00021510123072647
1.806,0.3088699148762,-0.50133281016416,6.5873051026365e-05,-0.00021173191971901
1.80625,0.30345265303384,-0.51081876173879,6.4411101812803e-05,-0.00020837038834464
1.8065,0.29781769700107,-0.52013800984053,6.3050125552006e-05,-0.0002050190120762
1.80675,0.29197201668151,-0.52928701679897,6.178852236724e-05,-0.00020168007689163
1.807,0.28592253978905,-0.53826252141433,6.0624664286766e-05,-0.00019835578068519
1.80725,0.2796761431501,-0.54706152948569,5.9556898850549e-05,-0.00019504823478144
1.8075,0.27323964471821,-0.55568130429191,5.8583552536808e-05,-0.00019175946553972
1.80775,0.26661979627463,-0.5641193570624,5.7702934011301e-05,-0.00018849141603749
1.808,0.25982327678756,-0.57237343747206,5.6913337202687e-05,-0.00018524594782131
1.80825,0.25285668640199,-0.58044152419131,5.6213044207715e-05,-0.00018202484271534
1.8085,0.24572654103197,-0.58832181551932,5.5600328030355e-05,-0.0001788298046774
1.80875,0.23843926752668,-0.59601272012561,5.5073455159271e-05,-0.00017566246169376
1.809,0.23100119938182,-0.60351284792247,5.463068798828e-05,-0.00017252436770395
1.80925,0.22341857296789,-0.61082100108823,5.4270287084668e-05,-0.00016941700454793
1.8095,0.21569752424734,-0.61793616525869,5.3990513310357e-05,-0.00016634178392822
1.80975,0.20784408595287,-0.6248575009022,5.3789629801057e-05,-0.00016330004938035
1.81,0.19986418519981,-0.63158433489107,5.366590380863e-05,-0.00016029307824541
1.81025,0.19176364150601,-0.63811615228089,5.361760841192e-05,-0.00015732208363905
1.8105,0.18354816519351,-0.64445258830658,5.3643024101339e-05,-0.00015438821641183
1.81075,0.17522335614695,-0.65059342060298,5.3740440242507e-05,-0.00015149256709612
1.811,0.16679470290438,-0.65653856165581,5.3908156424188e-05,-0.00014863616783536
1.81125,0.15826758205738,-0.66228805148759,5.4144483695738e-05,-0.00014581999429192
1.8115,0.14964725793785,-0.6678420505816,5.4447745699219e-05,-0.00014304496752997
1.81175,0.14093888256989,-0.67320083304609,5.4816279701219e-05,-0.00014031195587047
1.812,0.13214749586645,-0.6783647800193,5.5248437529364e-05,-0.0001376217767155
1.81225,0.12327802605082,-0.68333437331549,5.5742586418361e-05,-0.00013497519833957
1.8125,0.11433529028431,-0.68811018931091,5.6297109770326e-05,-0.00013237294164582
1.81275,0.10532399548254,-0.69269289306782,5.6910407833991e-05,-0.00012981568188546
1.813,0.096248739303163,-0.6970832326943,5.7580898307283e-05,-0.00012730405033868
1.81325,0.087114011289367,-0.70128203393656,5.8307016867603e-05,-0.00012483863595615
1.8135,0.07792419415396,-0.70529019500032,5.9087217634004e-05,-0.00012241998695966
1.81375,0.068683565189878,-0.70910868159694,5.9919973565323e-05,-0.00012004861240136
1.814,0.059396297793896,-0.71273852221001,6.0803776798151e-05,-0.00011772498368095
1.81425,0.050066463090911,-0.71618080357746,6.1737138928412e-05,-0.00011544953602017
1.8145,0.040698031647138,-0.71943666638408,6.2718591240147e-05,-0.0001132226698945
1.81475,0.031294875261393,-0.72250730115907,6.3746684884941e-05,-0.00011104475242192
1.815,0.021860768824046,-0.72539394437322,6.4819991015332e-05,-0.0001089161187085
1.81525,0.012399392234412,-0.72809787472986,6.5937100875324e-05,-0.00010683707315122
1.8155,0.0029143323675501,-0.73062040964399,6.7096625851044e-05,-0.00010480789069806
1.81575,-0.0065909149176026,-0.73296290190358,6.8297197484425e-05,-0.0001028288180657
1.816,-0.016112942736237,-0.73512673650732,6.9537467452617e-05,-0.00010090007491528
1.81625,-0.025648431108942,-0.73711332767293,7.0816107515769e-05,-9.9021854986652e-05
1.8165,-0.035194144872564,-0.73892411601,7.2131809435638e-05,-9.7194327191706e-05
1.81675,-0.044746931576458,-0.74056056585185,7.3483284867346e-05,-9.5417636667357e-05
1.817,-0.054303719369735,-0.74202416274045,7.486926522656e-05,-9.369190578883e-05
1.81725,-0.063861514884164,-0.7433164110588,7.6288501534139e-05,-9.2017235143999e-05
1.8175,-0.073417401117416,-0.7444388318053,7.773976424027e-05,-9.0393704469458e-05
1.81775,-0.082968535320635,-0.7453929605045,7.9221843029973e-05,-8.882137354912e-05
1.818,-0.092512146893932,-0.74618034524916,8.0733546611707e-05,-8.7300283076142e-05
1.81825,-0.10204553529326,-0.74680254486813,8.227370249079e-05,-8.5830455478972e-05
1.8185,-0.11156606795156,-0.74726112721531,8.3841156729182e-05,-8.441189571234e-05
1.81875,-0.12107117821674,-0.74755766757463,8.5434773693083e-05,-8.3044592014062e-05
1.819,-0.13055836330909,-0.74769374717632,8.7053435789795e-05,-8.1728516628449e-05
1.81925,-0.14002518229985,-0.74767095182002,8.8696043195064e-05,-8.0463626497218e-05
1.8195,-0.14946925411312,-0.74749087060019,9.0361513572201e-05,-7.9249863918709e-05
1.81975,-0.15888825555249,-0.74715509472968,9.2048781784074e-05,-7.8087157176258e-05
1.82,-0.16827991935367,-0.74666521645732,9.3756799599041e-05,-7.6975421136587e-05
1.82025,-0.17764203226458,-0.74602282807575,9.5484535391859e-05,-7.5914557818978e-05
1.8205,-0.18697243315359,-0.74522952101563,9.7230973840443e-05,-7.4904456936106e-05
1.82075,-0.19626901114682,-0.74428688502274,9.8995115619395e-05,-7.3944996407279e-05
1.821,-0.20552970379526,-0.74319650741468,0.00010077597709109,-7.3036042844898e-05
1.82125,-0.21475249527195,-0.74195997241374,0.00010257258999504,-7.2177452014888e-05
1.8215,-0.22393541459993,-0.74057886055323,0.00010438400113635,-7.136906927186e-05
1.82175,-0.23307653391096,-0.73905474815403,0.00010620927207371,-7.0610729969716e-05
1.822,-0.24217396673528,-0.73738920686896,0.00010804747880779,-6.9902259848422e-05
1.82225,-0.25122586632248,-0.73558380329234,0.00010989771147034,-6.9243475397617e-05
1.8225,-0.26023042399348,-0.73364009863222,0.00011175907401473,-6.8634184197732e-05
1.82275,-0.2691858675234,-0.73155964844341,0.00011363068390826,-6.8074185239256e-05
1.823,-0.27809045955542,-0.72934400241887,0.00011551167182675,-6.7563269220757e-05
1.82325,-0.28694249604512,-0.72699470423786,0.00011740118135184,-6.7101218826251e-05
1.8235,-0.29574030473538,-0.72451329146904,0.00011929836867133,-6.6687808982484e-05
1.82375,-0.30448224366129,-0.72190129552682,0.00012120240228294,-6.6322807096665e-05
1.824,-0.31316669968485,-0.71916024167977,0.00012311246270185,-6.6005973275153e-05
1.82425,-0.32179208705932,-0.71629164910955,0.00012502774217225,-6.5737060523589e-05
1.8245,-0.33035684602254,-0.71329703101949,0.00012694744438326,-6.5515814928929e-05
1.82475,-0.33885944141918,-0.71017789479165,0.00012887078418942,-6.5341975823804e-05
1.825,-0.34729836135149,-0.70693574219161,0.00013079698733606,-6.5215275933595e-05
1.82525,-0.35567211585818,-0.70357206962031,0.00013272529018968,-6.5135441506621e-05
1.8255,-0.3639792356212,-0.70008836841239,0.00013465493947371,-6.5102192427753e-05
1.82575,-0.37221827070024,-0.6964861251806,0.00013658519200967,-6.5115242315778e-05
1.826,-0.38038778929445,-0.69276682220607,0.0001385153144641,-6.5174298604799e-05
1.82625,-0.3884863765316,-0.68893193787425,0.00014044458310131,-6.5279062609911e-05
1.8265,-0.39651263328419,-0.68498294715664,0.00014237228354227,-6.5429229577379e-05
1.82675,-0.40446517501263,-0.68092132213837,0.00014429771052961,-6.5624488719505e-05
1.827,-0.41234263063556,-0.67674853259196,0.00014622016769917,-6.5864523234333e-05
1.82725,-0.4201436414272,-0.67246604659773,0.00014813896735807,-6.6149010310325e-05
1.8275,-0.42786685994209,-0.66807533121138,0.00015005343026956,-6.6477621116083e-05
1.82775,-0.4355109489675,-0.66357785317941,0.00015196288544484,-6.6850020775185e-05
1.828,-0.44307458050374,-0.65897507970335,0.00015386666994201,-6.7265868326128e-05
1.82825,-0.45055643477318,-0.65426847925357,0.00015576412867236,-6.7724816667396e-05
1.8285,-0.45795519925829,-0.64945952243395,0.00015765461421422,-6.8226512487547e-05
1.82875,-0.46526956776987,-0.64454968289853,0.00015953748663458,-6.8770596180273e-05
1.829,-0.47249823954621,-0.63954043832154,0.00016141211331872,-6.9356701744253e-05
1.82925,-0.4796399183844,-0.63443327142223,0.0001632778688081,-6.998445666765e-05
1.8295,-0.48669331180515,-0.62922967104622,0.0001651341346468,-7.0653481797008e-05
1.82975,-0.49365713025273,-0.62393113330496,0.00016698029923685,-7.1363391190294e-05
1.83,-0.50053008633173,-0.6185391627752,0.00016881575770271,-7.2113791953768e-05
1.83025,-0.50731089408273,-0.61305527376044,0.00017063991176527,-7.2904284062304e-05
1.8305,-0.51399826829928,-0.60748099161632,0.00017245216962593,-7.3734460162764e-05
1.83075,-0.52059092388858,-0.60181785414218,0.00017425194586094,-7.4603905359941e-05
1.831,-0.52708757527909,-0.59606741304095,0.00017603866132674,-7.5512196984548e-05
1.83125,-0.53348693587804,-0.59023123544975,0.0001778117430767,-7.6458904342661e-05
1.8315,-0.53978771758265,-0.58431090554348,0.00017957062428987,-7.7443588445985e-05
1.83175,-0.54598863034914,-0.57830802621385,0.0001813147442125,-7.8465801722204e-05
1.832,-0.55208838182376,-0.57222422082641,0.00018304354811296,-7.9525087704644e-05
1.83225,-0.55808567704104,-0.56606113505775,0.00018475648725092,-8.0620980700399e-05
1.8325,-0.56397921819447,-0.55982043881572,0.00018645301886171,-8.1753005435965e-05
1.83275,-0.56976770448561,-0.55350382824477,0.00018813260615685,-8.2920676679393e-05
1.833,-0.57544983205829,-0.54711302781884,0.00018979471834185,-8.4123498837847e-05
1.83325,-0.58102429402467,-0.54064979252415,0.00019143883065258,-8.5360965529375e-05
1.8335,-0.58648978059129,-0.5341159101339,0.00019306442441141,-8.6632559127613e-05
1.83375,-0.59184497929331,-0.52751320357678,0.00019467098710497,-8.7937750278056e-05
1.834,-0.59708857534617,-0.52084353340108,0.00019625801248478,-8.9275997384361e-05
1.83425,-0.60221925212468,-0.51410880033562,0.00019782500069305,-9.0646746063136e-05
1.8345,-0.60723569178014,-0.50731094794875,0.00019937145841543,-9.2049428565465e-05
1.83475,-0.61213657600728,-0.50045196540577,0.00020089689906318,-9.3483463163335e-05
1.835,-0.61692058697337,-0.49353389032496,0.0002024008429873,-9.4948253499022e-05
1.83525,-0.62158640842308,-0.48655881173176,0.00020388281772741,-9.6443187895303e-05
1.8355,-0.62613272697345,-0.47952887310958,0.00020534235829866,-9.7967638624301e-05
1.83575,-0.63055823361442,-0.47244627554542,0.00020677900752014,-9.9520961132545e-05
1.836,-0.63486162543146,-0.46531328096707,0.00020819231638869,-0.00010110249321975
1.83625,-0.63904160756791,-0.45813221546774,0.00020958184450258,-0.0001027115541686
1.8365,-0.6430968954456,-0.4509054727128,0.00021094716053979,-0.00010434744382278
1.83675,-0.64702621726361,-0.4436355174216,0.00021228784279643,-0.00010600944161016
1.837,-0.65082831679604,-0.43632488891598,0.00021360347979131,-0.0001076968055081
1.83725,-0.65450195651081,-0.42897620472515,0.00021489367094327,-0.00010940877094748
1.8375,-0.65804592103241,-0.42159216423447,0.00021615802732894,-0.0001111445496521
1.83775,-0.66145902097275,-0.41417555236343,0.00021739617252922,-0.00011290332840989
1.838,-0.66474009715501,-0.40672924325575,0.00021860774357375,-0.00011468426777203
1.83825,-0.66788802525638,-0.39925620396116,0.00021979239199392,-0.0001164865006765
1.8385,-0.6709017208961,-0.3917594980859,0.00022094978499596,-0.00011830913099192
1.83875,-0.6737801451958,-0.38424228938504,0.00022207960676709,-0.00012015123197782
1.839,-0.67652231083961,-0.37670784526603,0.00022318155992944,-0.00012201184465754
1.83925,-0.67912728866134,-0.36915954016902,0.0002242553671577,-0.00012388997609977
1.8395,-0.68159421478577,-0.36160085878445,0.00022530077297893,-0.00012578459760511
1.83975,-0.68392229835072,-0.35403539906407,0.00022631754577468,-0.00012769464279413
1.84,-0.68611082983514,-0.34646687497593,0.00022730548000829,-0.00012961900559394
1.84025,-0.68815919001705,-0.33889911894852,0.00022826439870275,-0.00013155653812049
1.8405,-0.69006685958295,-0.33133608394311,0.00022919415619754,-0.00013350604845488
1.84075,-0.69183342940739,-0.32378184508718,0.00023009464121666,-0.00013546629831266
1.841,-0.69345861151753,-0.31624060079523,0.00023096578028316,-0.00013743600060632
1.84125,-0.6949422507534,-0.30871667329647,0.00023180754152052,-0.0001394138169028
1.8415,-0.69628433712832,-0.30121450848192,0.00023261993888544,-0.00014139835477991
1.84175,-0.69748501888792,-0.29373867497621,0.00023340303688229,-0.0001433881650878
1.842,-0.6985446162577,-0.2862938623328,0.00023415695581517,-0.00014538173912507
1.84225,-0.69946363586022,-0.27888487824375,0.0002348818776403,-0.00014737750574277
1.8425,-0.70024278577192,-0.27151664464919,0.00023557805248889,-0.00014937382839467
1.84275,-0.7008829911776,-0.26419419262523,0.00023624580593843,-0.00015136900215775
1.843,-0.70138541056642,-0.25692265592371,0.00023688554711982,-0.00015336125075475
1.84325,-0.70175145239759,-0.24970726303284,0.00023749777775714,-0.00015534872361918
1.8435,-0.70198279214674,-0.24255332762458,0.00023808310224812,-0.00015732949305457
1.84375,-0.70208138962434,-0.23546623725308,0.00023864223890461,-0.00015930155155297
1.844,-0.70204950643684,-0.2284514401688,0.00023917603248539,-0.00016126280935419
1.84425,-0.70188972343833,-0.22151443011583,0.0002396854681668,-0.00016321109234722
1.8445,-0.70160495799637,-0.21466072898517,0.00024017168711103,-0.000165144140439
1.84475,-0.70119848086995,-0.20789586720565,0.00024063600380628,-0.00016705960654533
1.845,-0.70067393247093,-0.20122536176639,0.00024107992536786,-0.00016895505639311
1.84525,-0.70003533825312,-0.19465469178133,0.00024150517300358,-0.00017082796936565
1.8455,-0.69928712294555,-0.18818927152726,0.00024191370585955,-0.00017267574067327
1.84575,-0.69843412331936,-0.18183442091303,0.00024230774747382,-0.00017449568519139
1.846,-0.69748159915235,-0.17559533336902,0.00024268981507184,-0.00017628504338075
1.84625,-0.69643524203073,-0.16947704118295,0.00024306275193977,-0.00017804098978953
1.8465,-0.69530118160743,-0.1634843783512,0.00024342976310421,-0.00017976064473779
1.84675,-0.6940859889191,-0.15762194106341,0.00024379445452894,-0.00018144108990371
1.847,-0.69279667635282,-0.15189404599282,0.00024416087600375,-0.00018307938866895
1.84725,-0.6914406938485,-0.14630468662463,0.00024453356784367,-0.00018467261224126
1.8475,-0.69002592092591,-0.14085748791926,0.00024491761142996,-0.00018621787275618
1.84775,-0.68856065413764,-0.13555565967629,0.00024531868349766,-0.00018771236476859
1.848,-0.68705358957181,-0.13040194903593,0.00024574311389708,-0.00018915341677778
1.84825,-0.68551380006288,-0.12539859262778,0.00024619794631254,-0.00019053855468466
1.8485,-0.68395070681598,-0.12054726894886,0.00024669100109311,-0.0001918655793515
1.84875,-0.68237404521069,-0.11584905162224,0.0002472309389162,-0.00019313266071225
1.849,-0.68079382462465,-0.11130436425248,0.00024782732343911,-0.00019433845114962
1.84925,-0.67922028220575,-0.10691293765069,0.00024849068036964,-0.00019548222108697
1.8495,-0.67766383062363,-0.10267377024868,0.00024923254947368,-0.00019656401990114
1.84975,-0.67613499994493,-0.098585092554388,0.00025006552490614,-0.00019758486529283
1.85,-0.67464437390222,-0.094644336518039,0.00025100327787774,-0.00019854696407886
1.85025,-0.67320252095948,-0.090848110675537,0.00025206055403964,-0.00019945396689704
1.8505,-0.671819920716,-0.087192181912608,0.00025325313608945,-0.00020031125840962
1.85075,-0.670506886331,-0.083671464645735,0.00025459776001875,-0.00020112628309737
1.851,-0.66927348379007,-0.080280018144408,0.00025611197123095,-0.00020190890446269
1.85125,-0.66812944896554,-0.077011052622253,0.00025781390463754,-0.00020267179219787
1.8515,-0.66708410354303,-0.073856944602611,0.00025972197107326,-0.0002034308274131
1.85175,-0.66614627098916,-0.070809261918916,0.00026185443138021,-0.00020420551018266
1.852,-0.66532419381703,-0.06785879854354,0.00026422883988131,-0.00020501934637823
1.85225,-0.66462545346092,-0.064995619254765,0.00026686134144974,-0.00020590018211472
1.8525,-0.66405689409737,-0.062209113954261,0.00026976581188201,-0.00020688044453211
1.85275,-0.66362455174123,-0.059488061242547,0.00027295284075754,-0.00020799723789736
1.853,-0.66333358990285,-0.05682070065353,0.00027642857027024,-0.00020929223551194
1.85325,-0.66318824301354,-0.054194812747948,0.00028019342312599,-0.0002108113026686
1.8535,-0.66319176871244,-0.051597806076211,0.00028424077723927,-0.00021260378654012
1.85375,-0.66334640994154,-0.049016809850613,0.00028855567316472,-0.00021472141839858
1.854,-0.66365336761881,-0.046438771021423,0.00029311366889487,-0.00021721679481307
1.85425,-0.66411278445892,-0.043850554336386,0.00029787998096672,-0.00022014143933498
1.8545,-0.66472374029148,-0.04123904388347,0.00030280906429991,-0.00022354349446873
1.85475,-0.66548425899542,-0.038591244575101,0.00030784477871431,-0.00022746515209448
1.855,-0.66639132693297,-0.03589438203069,0.0003129212614876,-0.0002319399917338
1.85525,-0.66744092253418,-0.033135999352914,0.00031796456964063,-0.00023699044925197
1.8555,-0.66862805646208,-0.030304049370466,0.00032289507531169,-0.00024262567079762
1.85575,-0.66994682158464,-0.027386981033164,0.00032763050178423,-0.00024884000589634
1.856,-0.67139045180085,-0.024373818789666,0.00033208939194258,-0.00025561235223402
1.85625,-0.67295138861751,-0.021254233948522,0.00033619472414109,-0.0002629064835099
1.8565,-0.6746213542562,-0.018018607213483,0.00033987735048097,-0.00027067238124465
1.85675,-0.67639142998784,-0.014658081786981,0.00034307894060189,-0.00027884847037054
1.857,-0.67825213834635,-0.011164606644887,0.00034575417120485,-0.00028736454956322
1.85725,-0.68019352786291,-0.0075309697939557,0.00034787199723571,-0.00029614513126588
1.8575,-0.68220525898597,-0.0037508215244584,0.00034941595600772,-0.00030511287616593
1.85775,-0.6842766899072,0.00018131214098404,0.00035038356832336,-0.0003141918246358
1.858,-0.68639696109517,0.0042700254305192,0.00035078499141279,-0.00032331018500206
1.85825,-0.68855507744315,0.0085190377167423,0.00035064113500771,-0.00033240252005651
1.8585,-0.69073998705956,0.012931206673671,0.00034998147085452,-0.00034141126137562
1.85875,-0.69294065586402,0.017508548949626,0.00034884175208566,-0.00035028756050842
1.859,-0.69514613729414,0.02225226753418,0.00034726182177171,-0.00035899154684397
1.85925,-0.69734563657295,0.027162784948382,0.00034528364094962,-0.00036749209986097
1.8595,-0.69952856913011,0.032239781362977,0.00034294961558138,-0.00037576625945198
1.85975,-0.70168461290748,0.037482236746619,0.00034030125657521,-0.00038379839634912
1.86,-0.70380375440941,0.042888476163675,0.00033737817130333,-0.00039157925099977
1.86025,-0.70587632847572,0.04845621737542,0.00033421736025413,-0.0003991049290768
1.8605,-0.70789305186129,0.05418261994685,0.0003308527778345,-0.00040637591967147
1.86075,-0.70984505079738,0.060064335120824,0.00032731511003926,-0.00041339618125256
1.861,-0.71172388278702,0.066097555788659,0.00032363172148436,-0.0004201723225023
1.86125,-0.71352155294927,0.072278065959017,0.00031982672801297,-0.00042671289091775
1.8615,-0.71523052527571,0.078601289202655,0.00031592115694558,-0.00043302777161517
1.86175,-0.71684372919767,0.085062335626528,0.00031193316372765,-0.00043912769168163
1.862,-0.71835456188569,0.091656047005458,0.00030787828034095,-0.00044502382106991
1.86225,-0.71975688671471,0.098377039771584,0.00030376967685347,-0.00045072745877904
1.8625,-0.72104502833056,0.10521974562912,0.00029961842263249,-0.00045624979230497
1.86275,-0.7222137647477,0.11217844962483,0.00029543373795696,-0.00046160171858641
1.863,-0.72325831689502,0.11924732556138,0.00029122323008135,-0.00046679371552018
1.86325,-0.72417433600831,0.12642046869125,0.00028699311032141,-0.00047183575429316
1.8635,-0.72495788924548,0.13369192567417,0.00028274839057982,-0.00047673724407616
1.86375,-0.72560544387465,0.14105572181855,0.00027849305903491,-0.00048150700191849
1.864,-0.72611385035787,0.1485058856606,0.00027423023559587,-0.00048615324189416
1.86425,-0.72648032462383,0.15603647096124,0.00026996230828711,-0.00049068357863822
1.8645,-0.72670242979406,0.16364157622221,0.00026569105204606,-0.00049510504135993
1.86475,-0.72677805759763,0.17131536183989,0.0002614177315707,-0.00049942409522553
1.865,-0.72670540968137,0.17905206502734,0.00025714318988797,-0.00050364666767737
1.86525,-0.72648297899537,0.18684601264344,0.00025286792427159,-0.00050777817780925
1.8655,-0.72610953140785,0.1946916320733,0.00024859215104567,-0.00051182356736783
1.86575,-0.72558408767959,0.20258346030636,0.00024431586069187,-0.00051578733230984
1.866,-0.72490590590617,0.21051615135786,0.00024003886454563,-0.00051967355413055
1.86625,-0.72407446451563,0.21848448217776,0.00023576083423178,-0.00052348593040349
1.8665,-0.72308944589153,0.22648335718688,0.00023148133485858,-0.00052722780414515
1.86675,-0.7219507206746,0.23450781157481,0.00022719985286532,-0.0005309021917527
1.867,-0.72065833278178,0.24255301348845,0.00022291581930425,-0.00053451180936369
1.86725,-0.71921248516891,0.25061426523249,0.00021862862923474,-0.00053805909756336
1.8675,-0.71761352635212,0.25868700359651,0.00021433765781469,-0.00054154624442058
1.86775,-0.71586193769342,0.2667667994151,0.00021004227359292,-0.00054497520687417
1.868,-0.71395832144822,0.27484935646036,0.00020574184943442,-0.00054834773051972
1.86825,-0.71190338956533,0.28293050975777,0.00020143577144797,-0.00055166536786559
1.8685,-0.70969795322481,0.29100622340929,0.00019712344623124,-0.00055492949513959
1.86875,-0.7073429130942,0.29907258800006,0.00019280430670199,-0.00055814132773409
1.869,-0.70483925028017,0.30712581765802,0.00018847781674339,-0.00056130193438059
1.86925,-0.70218801794995,0.31516224682899,0.00018414347485746,-0.0005644122501448
1.8695,-0.69939033359472,0.32317832682343,0.00017980081699039,-0.00056747308833152
1.86975,-0.69644737190565,0.33117062218531,0.00017544941866896,-0.00057048515138538
1.87,-0.69336035823272,0.33913580692749,0.00017108889656544,-0.00057344904086932
1.87025,-0.69013056259541,0.34707066067349,0.00016671890958997,-0.00057636526659808
1.8705,-0.68675929421505,0.35497206474021,0.00016233915959405,-0.00057923425499904
1.87075,-0.68324789653812,0.36283699819217,0.00015794939175564,-0.00058205635676765
1.871,-0.67959774272083,0.37066253389371,0.00015354939470476,-0.00058483185387977
1.87125,-0.6758102315459,0.37844583458197,0.00014913900043949,-0.00058756096601827
1.8715,-0.6718867837431,0.3861841489802,0.00014471808407384,-0.00059024385646674
1.87175,-0.66782883868655,0.39387480796814,0.00014028656345235,-0.00059288063751869
1.872,-0.66363785144261,0.40151522082325,0.00013584439866044,-0.00059547137544639
1.87225,-0.65931529014324,0.40910287154467,0.00013139159145467,-0.00059801609506994
1.8725,-0.65486263366149,0.41663531526912,0.00012692818463308,-0.00060051478396313
1.87275,-0.65028136956621,0.42411017478654,0.00012245426136201,-0.00060296739632999
1.873,-0.64557299233501,0.43152513716156,0.00011796994447328,-0.00060537385658218
1.87325,-0.6407390018055,0.43887795046501,0.00011347539574274,-0.00060773406264529
1.8735,-0.63578090184573,0.44616642061918,0.0001089708151595,-0.00061004788901904
1.87375,-0.63070019922652,0.45338840835864,0.000104456440193,-0.00061231518961447
1.874,-0.62549840267909,0.46054182630804,9.9932545064065e-05,-0.00061453580038879
1.87425,-0.62017702212253,0.46762463617729,9.5399440024395e-05,-0.00061670954179683
1.8745,-0.61473756804712,0.47463484607377,9.0857470648334e-05,-0.00061883622107636
1.87475,-0.60918155103983,0.48157050793075,8.6307017139547e-05,-0.00062091563438268
1.875,-0.60351048143995,0.48842971505061,8.1748493654753e-05,-0.00062294756878679
1.87525,-0.59772586911342,0.49521059976108,7.7182347645978e-05,-0.00062493180414996
1.8755,-0.59182922333516,0.50191133118243,7.2609059222219e-05,-0.00062686811488639
1.87575,-0.58582205276989,0.5085301131032,6.8029140531185e-05,-0.00062875627162454
1.876,-0.57970586554226,0.51506518196178,6.3443135161223e-05,-0.00063059604277698
1.87625,-0.5734821693882,0.52151480493132,5.8851617563413e-05,-0.00063238719602737
1.8765,-0.56715247187992,0.52787727810475,5.4255192493552e-05,-0.00063412949974262
1.87675,-0.56071828071738,0.53415092477731,4.9654494473508e-05,-0.0006358227243177
1.877,-0.55418110408018,0.54033409382339,4.5050187271306e-05,-0.00063746664345958
1.87725,-0.54754245103382,0.54642515816464,4.0442963399272e-05,-0.00063906103541637
1.8775,-0.54080383198502,0.55242251332655,3.5833543629258e-05,-0.00064060568415745
1.87775,-0.53396675918141,0.55832457608028,3.1222676524175e-05,-0.00064210038050925
1.878,-0.52703274725086,0.56412978316699,2.6611137984721e-05,-0.00064354492325176
1.87825,-0.52000331377671,0.56983659010177,2.1999730810349e-05,-0.00064493912017964
1.8785,-0.51287997990509,0.57544347005427,1.7389284273445e-05,-0.00064628278913203
1.87875,-0.50566427098098,0.58094891280352,1.2780653705536e-05,-0.00064757575899452
1.879,-0.49835771721002,0.58635142376407,8.1747200945694e-06,-0.00064881787067658
1.87925,-0.49096185434344,0.59164952308122,3.572389692034e-06,-0.00065000897806736
1.8795,-0.48347822438342,0.59684174479272,-1.0254063711167e-06,-0.00065114894897279
1.87975,-0.47590837630686,0.60192663605462,-5.6177124608284e-06,-0.00065223766603625
1.88,-0.46825386680542,0.60690275642927,-1.0203548809774e-05,-0.00065327502764532
1.88025,-0.46051626104001,0.61176867723318,-1.4781911881707e-05,-0.00065426094882675
1.8805,-0.45269713340828,0.61652298094284,-1.9351774731408e-05,-0.00065519536213138
1.88075,-0.44479806832334,0.62116426065669,-2.3912087361381e-05,-0.00065607821851119
1.881,-0.43682066100258,0.62569111961135,-2.8461777076362e-05,-0.00065690948818981
1.88125,-0.42876651826551,0.63010217075061,-3.299974883666e-05,-0.00065768916152821
1.8815,-0.42063725933925,0.6343960363456,-3.7524885611522e-05,-0.000658417249887
1.88175,-0.41243451667104,0.63857134766462,-4.203604873345e-05,-0.00065909378648646
1.882,-0.40415993674663,0.64262674469148,-4.6532078254655e-05,-0.0006597188272658
1.88225,-0.39581518091405,0.64656087589106,-5.1011793306642e-05,-0.00066029245174244
1.8825,-0.3874019262119,0.65037239802081,-5.5473992463952e-05,-0.00066081476387262
1.88275,-0.37892186620151,0.65405997598755,-5.9917454113217e-05,-0.00066128589291404
1.883,-0.37037671180264,0.65762228274828,-6.4340936828446e-05,-0.00066170599429155
1.88325,-0.36176819213186,0.66105799925434,-6.8743179753701e-05,-0.00066207525046664
1.8835,-0.35309805534348,0.6643658144383,-7.3122902994171e-05,-0.0006623938718114
1.88375,-0.3443680694724,0.66754442524267,-7.747880801666e-05,-0.00066266209748765
1.884,-0.3355800232785,0.67059253669011,-8.1809578060616e-05,-0.00066288019633183
1.88425,-0.32673572709227,0.67350886199463,-8.611387856073e-05,-0.00066304846774623
1.8845,-0.3178370136613,0.67629212271319,-9.0390357582123e-05,-0.0006631672425969
1.88475,-0.30888573899722,0.67894104893779,-9.463764626927e-05,-0.00066323688411881
1.885,-0.29988378322274,0.68145437952737,-9.8854359309701e-05,-0.00066325778882856
1.88525,-0.29083305141871,0.68383086237973,-0.00010303909541352,-0.00066323038744498
1.8855,-0.28173547447041,0.68606925474318,-0.00010719043780996,-0.00066315514581783
1.88575,-0.27259300991317,0.68816832356801,-0.00011130695476185,-0.00066303256586485
1.886,-0.2634076427767,0.69012684589776,-0.00011538720009942,-0.0006628631865174
1.88625,-0.25418138642777,0.69194360930052,-0.00011942971377426,-0.00066264758467457
1.8865,-0.24491628341106,0.69361741234033,-0.00012343302243471,-0.00066238637616611
1.88675,-0.23561440628742,0.69514706508903,-0.00012739564002386,-0.00066208021672393
1.887,-0.22627785846948,0.69653138967884,-0.00013131606840118,-0.00066172980296224
1.88725,-0.21690877505375,0.697769220896,-0.00013519279798901,-0.00066133587336624
1.8875,-0.20750932364905,0.69885940681593,-0.00013902430844515,-0.00066089920928914
1.88775,-0.19808170520047,0.6998008094804,-0.0001428090693625,-0.00066042063595728
1.888,-0.18862815480839,0.70059230561725,-0.00014654554099723,-0.00065990102348311
1.88825,-0.17915094254184,0.70123278740316,-0.00015023217502638,-0.00065934128788569
1.8885,-0.16965237424563,0.70172116327015,-0.00015386741533631,-0.00065874239211825
1.88875,-0.16013479234037,0.70205635875656,-0.00015744969884302,-0.0006581053471024
1.889,-0.15060057661464,0.70223731740304,-0.00016097745634571,-0.00065743121276835
1.88925,-0.14105214500848,0.70226300169447,-0.00016444911341451,-0.00065672109910063
1.8895,-0.13149195438719,0.7021323940485,-0.00016786309131393,-0.00065597616718857
1.88975,-0.1219225013045,0.7018444978516,-0.00017121780796285,-0.00065519763028069
1.89,-0.11234632275401,0.70139833854343,-0.00017451167893249,-0.00065438675484232
1.89025,-0.10276599690776,0.7007929647504,-0.00017774311848334,-0.00065354486161528
1.8905,-0.093184143840707,0.70002744946943,-0.00018091054064223,-0.00065267332667879
1.89075,-0.083603426239752,0.69910089130273,-0.00018401236032082,-0.00065177358251037
1.891,-0.074026550095975,0.69801241574456,-0.00018704699447617,-0.00065084711904554
1.89125,-0.064456265378524,0.69676117652109,-0.00019001286331497,-0.00064989548473489
1.8915,-0.054895366688551,0.69534635698412,-0.00019290839154194,-0.00064892028759731
1.89175,-0.045346693891604,0.69376717155979,-0.00019573200965368,-0.00064792319626752
1.892,-0.035813132726532,0.69202286725325,-0.00019848215527859,-0.00064690594103652
1.89225,-0.02629761538903,0.69011272521027,-0.00020115727456396,-0.00064587031488287
1.8925,-0.016803121087912,0.68803606233671,-0.00020375582361061,-0.00064481817449319
1.89275,-0.0073326765717763,0.68579223297696,-0.000206276269956,-0.00064375144126949
1.893,0.0021106433760941,0.68338063065215,-0.00020871709410622,-0.00064267210232138
1.89325,0.01152371547694,0.68080068985918,-0.00021107679111714,-0.00064158221144065
1.8935,0.020903367532556,0.67805188793136,-0.00021335387222525,-0.00064048389005578
1.89375,0.030246378040568,0.67513374696168,-0.00021554686652801,-0.00063937932816366
1.894,0.039549475851951,0.67204583578931,-0.00021765432271381,-0.0006382707852357
1.89425,0.048809339873663,0.66878777205033,-0.00021967481084119,-0.00063716059109531
1.8945,0.058022598819392,0.66535922429318,-0.00022160692416689,-0.00063605114676352
1.89475,0.067185831011854,0.66175991415966,-0.00022344928102189,-0.00063494492526937
1.895,0.076295564239808,0.6579896186319,-0.00022520052673445,-0.00063384447242144
1.89525,0.08534827567352,0.65404817234583,-0.00022685933559894,-0.00063275240753668
1.8955,0.094340391842311,0.6499354699715,-0.00022842441288855,-0.00063167142412259
1.89575,0.10326828867798,0.6456514686606,-0.00022989449691002,-0.00063060429050839
1.896,0.1121282916283,0.64119619056115,-0.00023126836109786,-0.00062955385042072
1.89625,0.12091667584465,0.63656972539953,-0.00023254481614503,-0.00062852302349907
1.8965,0.1296296664482,0.63177223312972,-0.00023372271216671,-0.00062751480574592
1.89675,0.13826343887913,0.62680394664925,-0.00023480094089302,-0.00062653226990632
1.897,0.14681411933377,0.62166517458168,-0.00023577843788606,-0.00062557856577114
1.89725,0.15527778529416,0.6163563041248,-0.00023665418477582,-0.0006246569203983
1.8975,0.16365046615551,0.6108778039636,-0.00023742721150877,-0.00062377063824541
1.89775,0.17192814395634,0.60523022724723,-0.00023809659860213,-0.00062292310120749
1.898,0.18010675421702,0.59941421462836,-0.00023866147939561,-0.00062211776855245
1.89825,0.18818218689195,0.59343049736347,-0.00023912104229178,-0.00062135817674718
1.8985,0.19615028744117,0.58727990047236,-0.0002394745329745,-0.00062064793916615
1.89875,0.20400685802729,0.58096334595451,-0.00023972125659404,-0.00061999074567417
1.899,0.21174765884344,0.5744818560602,-0.00023986057990561,-0.00061939036207453
1.89925,0.21936840957869,0.56783655661334,-0.00023989193334678,-0.00061885062941279
1.8995,0.22686479102689,0.561028680383,-0.00023981481303718,-0.00061837546312618
1.89975,0.23423244684526,0.55405957050037,-0.000239628782682,-0.0006179688520276
1.9,0.2414669854693,0.54693068391701,-0.00023933347535855,-0.00061763485711249
1.90025,0.2485639821905,0.53964359490027,-0.00023892859516269,-0.00061737761017576
1.9005,0.25551898140323,0.53219999856132,-0.000238413918689,-0.00061720131222512
1.90075,0.2623274990277,0.52460171441044,-0.0002377892963157,-0.00061711023167547
1.901,0.26898502511557,0.51685068993403,-0.00023705465326165,-0.00061710870230807
1.90125,0.27548702664473,0.5089490041874,-0.00023620999037897,-0.00061720112097609
1.9015,0.28182895051017,0.5008988713965,-0.00023525538464038,-0.00061739194503634
1.90175,0.28800622671731,0.49270264456165,-0.00023419098927566,-0.00061768568948473
1.902,0.29401427178454,0.48436281905539,-0.00023301703350568,-0.00061808692376988
1.90225,0.29984849236129,0.47588203620637,-0.00023173382181692,-0.00061860026825652
1.9025,0.30550428906802,0.46726308686033,-0.00023034173271158,-0.00061923039030597
1.90275,0.31097706056425,0.45850891490864,-0.00022884121686121,-0.00061998199993646
1.903,0.3162622078506,0.44962262077452,-0.00022723279458234,-0.00062085984502046
1.90325,0.32135513881055,0.44060746484599,-0.00022551705254276,-0.0006218687059693
1.9035,0.32625127299728,0.43146687084426,-0.00022369463959526,-0.00062301338984714
1.90375,0.3309460466707,0.42220442911572,-0.00022176626162311,-0.00062429872384648
1.904,0.33543491808943,0.41282389983444,-0.00021973267526613,-0.00062572954804524
1.90425,0.33971337306182,0.40332921610213,-0.00021759468037982,-0.0006273107073507
1.9045,0.34377693075991,0.39372448693141,-0.00021535311106063,-0.00062904704251765
1.90475,0.34762114979954,0.38401400009761,-0.00021300882504852,-0.00063094338010607
1.905,0.35124163458913,0.37420222484375,-0.00021056269129337,-0.00063300452121669
1.90525,0.3546340419491,0.36429381442264,-0.00020801557544342,-0.00063523522880944
1.9055,0.35779408800332,0.35429360845935,-0.00020536832298168,-0.00063764021336917
1.90575,0.36071755534265,0.34420663511677,-0.0002026217397004,-0.00064022411663219
1.906,0.36340030046052,0.33403811304617,-0.00019977656916205,-0.00064299149302471
1.90625,0.36583826145888,0.3237934531043,-0.00019683346674954,-0.00064594678838682
1.9065,0.36802746602231,0.31347825981805,-0.00019379296985657,-0.00064909431545855
1.90675,0.36996403965679,0.30309833257667,-0.00019065546371189,-0.00065243822548464
1.907,0.37164421418859,0.29265966653191,-0.00018742114226871,-0.00065598247514362
1.90725,0.37306433651738,0.28216845318529,-0.00018408996352301,-0.00065973078781849
1.9075,0.37422087761674,0.27163108064166,-0.00018066159855407,-0.00066368660798902
1.90775,0.37511044177336,0.26105413350802,-0.00017713537350933,-0.00066785304722794
1.908,0.37572977605531,0.25044439241605,-0.00017351020368882,-0.00067223281990679
1.90825,0.37607577999811,0.23980883314685,-0.00016978451882934,-0.00067682816624225
1.9085,0.37614551549558,0.22915462533645,-0.00016595617865749,-0.00068164075971192
1.90875,0.37593621688129,0.21848913074025,-0.00016202237779228,-0.00068667159510575
1.909,0.37544530118437,0.20781990103529,-0.00015797953916118,-0.00069192085251154
1.90925,0.37467037854206,0.1971546751389,-0.00015382319529204,-0.00069738773130366
1.9095,0.37360926274946,0.18650137602311,-0.0001495478572223,-0.00070307024664526
1.90975,0.37225998192524,0.17586810700453,-0.00014514687142558,-0.0007089649790375
1.91,0.37062078927041,0.16526314748975,-0.00014061226624013,-0.00071506676495345
1.91025,0.36869017389518,0.15469494815777,-0.00013593459101191,-0.0007213683134556
1.9105,0.36646687168741,0.144172125561,-0.0001311027538601,-0.00072785972978307
1.91075,0.36394987619416,0.13370345612814,-0.00012610386810933,-0.00073452792207546
1.911,0.36113844948627,0.12329786955311,-0.00012092312370846,-0.00074135586157871
1.91125,0.35803213297383,0.11296444155554,-0.00011554370938337,-0.00074832165985755
1.9115,0.35463075813902,0.10271238600007,-0.00010994682531062,-0.0007553974189434
1.91175,0.35093445715104,0.092551046363212,-0.0001041118468169,-0.0007625478026496
1.912,0.34694367332609,0.082489886538398,-9.8016729867655e-05,-0.00076972827100523
1.91225,0.34265917139411,0.072538480971902,-9.1638792716254e-05,-0.00077688291794596
1.9125,0.33808204753259,0.062706504124568,-8.495606980708e-05,-0.00078394186078493
1.91275,0.33321373912617,0.053003719256267,-7.7949519119619e-05,-0.00079081815880809
1.913,0.32805603421006,0.043439966533011,-7.0606476836456e-05,-0.00079740430511474
1.91325,0.32261108055401,0.034025150458722,-6.2925892887948e-05,-0.00080356846912508
1.9135,0.31688139434276,0.024769226636772,-5.4926033824434e-05,-0.00080915091079559
1.91375,0.31086986840858,0.015682187869244,-4.665546264638e-05,-0.00081396140260154
1.914,0.30457977997043,0.006774049604591,-3.8208098628027e-05,-0.00081777915315037
1.91425,0.29801479783488,-0.0019451652521173,-2.9742825543351e-05,-0.00082035767714159
1.9145,0.29117898901317,-0.010465442149423,-2.1507115000189e-05,-0.00082143824548737
1.91475,0.28407682470945,-0.018776791299748,-1.3861987019479e-05,-0.00082077664418949
1.915,0.27671318563574,-0.026869264665991,-7.3019009017767e-06,-0.00081818809150743
1.91525,0.26909336660959,-0.034732973497668,-2.457988807773e-06,-0.00081361264937505
1.9155,0.26122308039179,-0.042358106386267,-6.8170225929937e-08,-0.00080719613892586
1.91575,0.25310846072267,-0.04973494780627,-8.9762223247114e-07,-0.00079936835026206
1.916,0.24475606451688,-0.056853897105218,-5.6044712521645e-06,-0.00079088467901235
1.91625,0.23617287317867,-0.063705487902875,-1.4572061363978e-05,-0.00078279035040672
1.9165,0.22736629300183,-0.070280407856516,-2.7762113617827e-05,-0.00077628334255395
1.91675,0.21834415462045,-0.07656951874664,-4.4658075939609e-05,-0.00077249720706721
1.917,0.2091147114799,-0.082563876834368,-6.4341101062771e-05,-0.00077227549966391
1.91725,0.19968663729973,-0.088254753439496,-8.5678770615116e-05,-0.00077602529084971
1.9175,0.19006902250389,-0.093633655685685,-0.00010755131225662,-0.00078369934670969
1.91775,0.18027136959667,-0.098692347357121,-0.00012903213341911,-0.00079489211954811
1.918,0.17030358746637,-0.10342286980935,-0.00014947773870003,-0.00080899060279042
1.91825,0.16017598460266,-0.10781756287519,-0.0001685309574848,-0.00082531901923511
1.9185,0.1498992612172,-0.11186908570559,-0.00018606987226162,-0.00084324216824822
1.91875,0.1394845002612,-0.1155704374844,-0.00020213754874667,-0.00086222074114473
1.919,0.12894315733782,-0.11891497795517,-0.00021687624866017,-0.00088182874021837
1.91925,0.1182870495111,-0.12189644769854,-0.00023047663394704,-0.00090174770514853
1.9195,0.10752834301748,-0.12450898809817,-0.0002431434660369,-0.00092175009959747
1.91975,0.096679539890207,-0.12674716093439,-0.00025507502659541,-0.00094167985925946
1.92,0.085753463510365,-0.12860596754527,-0.00026645236844089,-0.00096143430636847
1.92025,0.074763243102795,-0.13008086749635,-0.00027743490985091,-0.00098094911335334
1.9205,0.063722297198606,-0.13116779670173,-0.00028815976567047,-0.0010001866038599
1.92075,0.052644316089322,-0.13186318494133,-0.00029874306472074,-0.0010191270402353
1.921,0.041543243301417,-0.13216397272147,-0.00030928216659861,-0.0010377623349824
1.92125,0.030433256122491,-0.1320676274285,-0.00031985814875058,-0.0010560916208184
1.9215,0.019328745213238,-0.1315721587279,-0.00033053822752461,-0.0010741181947153
1.92175,0.0082442933416932,-0.13067613316483,-0.00034137795355646,-0.0010918474525369
1.922,-0.0028053467223127,-0.12937868792473,-0.00035242312274907,-0.0011092855249293
1.92225,-0.013805275112552,-0.12767954371662,-0.00036371139819905,-0.0011264384025633
1.9225,-0.024740468531338,-0.12557901674454,-0.00037527366485044,-0.0011433113986413
1.92275,-0.035595804632831,-0.12307802973673,-0.0003871351494181,-0.0011599088410566
1.923,-0.046356087083582,-0.12017812200492,-0.00039931634046556,-0.0011762339188581
1.92325,-0.057006071259947,-0.11688145850975,-0.00041183374166948,-0.0011922886307085
1.9235,-0.067530490542719,-0.11319083791128,-0.00042470048763164,-0.0012080737992848
1.92375,-0.077914083170812,-0.10910969958637,-0.00043792684739203,-0.0012235891269527
1.924,-0.088141619617996,-0.10464212959714,-0.00045152063670248,-0.0012388332759765
1.92425,-0.098197930458742,-0.099792865596598,-0.00046548755643132,-0.0012538039620119
1.9245,-0.10806793469196,-0.094567300659223,-0.00047983147128704,-0.0012684980534169
1.92475,-0.11773666849471,-0.088971486024994,-0.00049455464037636,-0.0012829116715134
1.925,-0.12718931438076,-0.083012132745657,-0.0005096579089039,-0.0012970402887048
1.92525,-0.13641123074276,-0.076696612221472,-0.00052514086851791,-0.0013108788225587
1.9255,-0.14538798175986,-0.07003295561541,-0.00054100199234424,-0.0013244217247725
1.92575,-0.15410536765625,-0.063029852129665,-0.00055723874957017,-0.001337663064474
1.926,-0.16254945529938,-0.055696646126086,-0.00057384770349026,-0.0013505966056624
1.92625,-0.17070660912931,-0.048043333068485,-0.00059082459616121,-0.0013632158788179
1.9265,-0.1785635224134,-0.040080554259529,-0.00060816442219996,-0.0013755142468443
1.92675,-0.18610724882228,-0.03181959033925,-0.00062586149376438,-0.0013874849655891
1.927,-0.19332523432395,-0.023272353505466,-0.00064390949835922,-0.0013991212392272
1.92725,-0.20020534939328,-0.014451378408535,-0.00066230155078971,-0.0014104162708105
1.9275,-0.20673592153293,-0.0053698116645705,-0.00068103024032695,-0.0014213633082834
1.92775,-0.21290576809896,0.003958600077875,-0.00070008767394019,-0.0014319556862597
1.928,-0.21870422942122,0.013519523592671,-0.00071946551628308,-0.0014421868638368
1.92825,-0.22412120220195,0.023298054137454,-0.00073915502698336,-0.0014520504587093
1.9285,-0.22914717316902,0.033278732216769,-0.00075914709567493,-0.0014615402778245
1.92875,-0.23377325295019,0.04344556215298,-0.00077943227512142,-0.0014706503448039
1.929,-0.23799121012287,0.053782032580489,-0.00080000081270674,-0.0014793749243397
1.92925,-0.24179350537933,0.064271138988697,-0.00082084268050958,-0.0014877085437576
1.9295,-0.2451733257305,0.074895408447237,-0.00084194760413015,-0.001495646011925
1.92975,-0.24812461865213,0.085636926654011,-0.00086330509039878,-0.001503182435669
1.93,-0.25064212605495,0.09647736745205,-0.00088490445406508,-0.0015103132338591
1.93025,-0.25272141793616,0.10739802496349,-0.00090673484354029,-0.0015170341492994
1.9305,-0.25435892554273,0.11837984848947,-0.00092878526574649,-0.0015233412585654
1.93075,-0.25555197384802,0.12940348032104,-0.00095104461010964,-0.0015292309799136
1.931,-0.25629881311251,0.14044929659871,-0.00097350167172112,-0.0015347000793859
1.93125,-0.25659864926719,0.1514974513471,-0.00099614517368338,-0.0015397456752245
1.9315,-0.25645167282511,0.16252792379363,-0.0010189637886477,-0.0015443652407067
1.93175,-0.2558590859931,0.17352056905853,-0.0010419461595464,-0.001548556605507
1.932,-0.25482312762288,0.18445517227517,-0.0010650809195197,-0.0015523179556874
1.93225,-0.25334709560916,0.19531150616552,-0.0010883567110325,-0.001555647832413
1.9325,-0.25143536631301,0.20606939205463,-0.0011117622041787,-0.0015585451294883
1.93275,-0.24909341056308,0.2167087642611,-0.0011352861141662,-0.0015610090898044
1.933,-0.24632780576596,0.22720973774632,-0.0011589172179791,-0.0015630393007856
1.93325,-0.24314624364152,0.23755267884604,-0.0011826443702136,-0.001564635688918
1.9335,-0.23955753309082,0.24771827884159,-0.0012064565180845,-0.0015657985134447
1.93375,-0.23557159770439,0.25768763005779,-0.0012303427156021,-0.0015665283593035
1.934,-0.23119946742828,0.26744230410032,-0.0012542921369196,-0.0015668261293846
1.93425,-0.22645326392602,0.27696443176749,-0.001278294088855,-0.0015666930361801
1.9345,-0.22134617920697,0.28623678409333,-0.001302338022592,-0.001566130592896
1.93475,-0.21589244713662,0.29524285390097,-0.0013264135445673,-0.0015651406040921
1.935,-0.21010730750265,0.30396693716956,-0.0013505104265529,-0.001563725155916
1.93525,-0.20400696238213,0.31239421344817,-0.0013746186149451,-0.0015618866059901
1.9355,-0.19760852464029,0.32051082448618,-0.001398728239275,-0.0015596275730105
1.93575,-0.19092995848896,0.32830395019616,-0.001422829619952,-0.0015569509261133
1.936,-0.18399001214179,0.33576188102387,-0.0014469132752616,-0.0015538597740586
1.93625,-0.17680814272326,0.3428740857726,-0.0014709699276329,-0.0015503574542839
1.9365,-0.16940443371569,0.34963127391862,-0.0014949905091977,-0.0015464475218701
1.93675,-0.16179950536193,0.35602545146287,-0.0015189661666617,-0.0015421337384654
1.937,-0.15401441857748,0.36204996939208,-0.0015428882655111,-0.0015374200612064
1.93725,-0.14607057306098,0.367699563872,-0.0015667483935776,-0.001532310631674
1.9375,-0.13798960042376,0.37297038736646,-0.0015905383639879,-0.0015268097649185
1.93775,-0.12979325328237,0.37786002996843,-0.0016142502175205,-0.0015209219385863
1.938,-0.1215032913701,0.38236753034242,-0.0016378762243983,-0.0015146517821762
1.93825,-0.11314136581987,0.38649337580929,-0.0016614088855416,-0.0015080040664541
1.9385,-0.1047289028488,0.39023949125337,-0.001684840933309,-0.001500983693047
1.93875,-0.096286988130527,0.39360921669391,-0.0017081653317523,-0.0014935956842412
1.939,-0.087836253173041,0.39660727353484,-0.0017313752764131,-0.0014858451730011
1.93925,-0.079396765024851,0.39923971968521,-0.0017544641936863,-0.0014777373932281
1.9395,-0.070987920610535,0.40151389392182,-0.001777425739779,-0.0014692776702727
1.93975,-0.06262834694705,0.40343835004192,-0.0018002537992892,-0.0014604714117136
1.94,-0.054335808415539,0.40502278152192,-0.0018229424834313,-0.0014513240984143
1.94025,-0.046127122161586,0.40627793755369,-0.0018454861279331,-0.0014418412758663
1.9405,-0.03801808257195,0.40721553146909,-0.001867879290629,-0.001432028545827
1.94075,-0.030023395630597,0.40784814268139,-0.0018901167487746,-0.0014218915582567
1.941,-0.022156623796215,0.40818911336746,-0.0019121934961047,-0.0014114360035601
1.94125,-0.01443014186995,0.40825244118304,-0.0019341047396585,-0.0014006676051343
1.9415,-0.0068551041423445,0.40805266934528,-0.0019558458963939,-0.0013895921122256
1.94175,0.0005585770747848,0.40760477543005,-0.0019774125896117,-0.0013782152930946
1.942,0.0078022416060413,0.40692406021723,-0.0019988006452103,-0.0013665429284891
1.94225,0.014868480508119,0.40602603787687,-0.0020200060877903,-0.0013545808054231
1.9425,0.021751124514931,0.40492632872327,-0.0020410251366287,-0.0013423347112591
1.94275,0.028445222391854,0.40364055567732,-0.0020618542015379,-0.0013298104280895
1.943,0.034947009889518,0.402184245471,-0.0020824898786298,-0.0013170137274141
1.94325,0.041253870098502,0.40057273550671,-0.0021029289459982,-0.0013039503651063
1.9435,0.047364286095337,0.39882108715154,-0.0021231683593366,-0.0012906260766653
1.94375,0.053277786837051,0.3969440061063,-0.0021432052475037,-0.0012770465727459
1.944,0.058994887305771,0.3949557703454,-0.0021630369080527,-0.0012632175349598
1.94425,0.06451702392683,0.39287016597986,-0.0021826608027341,-0.0012491446119421
1.9445,0.069846486285311,0.39070043125585,-0.0022020745529862,-0.0012348334156748
1.94475,0.074986346147637,0.38845920876704,-0.0022212759354229,-0.0012202895180598
1.945,0.079940384759601,0.38615850583476,-0.0022402628773286,-0.0012055184477344
1.94525,0.084713019342077,0.38380966289636,-0.0022590334521721,-0.0011905256871198
1.9455,0.089309229642699,0.38142332964109,-0.0022775858751446,-0.0011753166696957
1.94575,0.09373448532976,0.37900944854624,-0.0022959184987328,-0.0011598967774922
1.946,0.097994674934553,0.37657724539284,-0.0023140298083334,-0.0011442713387909
1.94625,0.1020960369641,0.3741352262823,-0.0023319184179148,-0.0011284456260266
1.9465,0.10604509371958,0.37169118063068,-0.0023495830657335,-0.0011124248538815
1.94675,0.10984858826842,0.36925218958682,-0.00236702261011,-0.0010962141775642
1.947,0.11351342493284,0.36682463930205,-0.002384236025269,-0.0010798186912647
1.94725,0.11704661357521,0.36441423847279,-0.0024012223972481,-0.0010632434267765
1.9475,0.12045521788288,0.36202603958079,-0.00241798091988,-0.0010464933522806
1.94775,0.12374630778274,0.35966446326844,-0.0024345108908496,-0.0010295733712805
1.948,0.1269269160501,0.35733332530665,-0.0024508117078314,-0.0010124883216825
1.94825,0.13000399911683,0.35503586563902,-0.0024668828647074,-0.00099524297501322
1.9485,0.13298440203197,0.35277477901753,-0.002482723947869,-0.0009778420357671
1.94875,0.13587482748248,0.35055224677952,-0.0024983346326041,-0.0009602901408765
1.949,0.13868180874401,0.34836996935324,-0.0025137146795713,-0.0009425918592982
1.94925,0.14141168640011,0.34622919911807,-0.0025288639313616,-0.00092475169170878
1.9495,0.14407058864329,0.34413077328487,-0.0025437823091486,-0.00090677407030304
1.94975,0.14666441495219,0.34207514650094,-0.0025584698094281,-0.00088866335868881
1.95,0.14919882292574,0.34006242292246,-0.0025729265008469,-0.00087042385187211
