1.7,0.6814230866181,0.68536519775102,-0.044483527316833,0.012580275210607
1.70025,0.6856769965131,0.68105044022103,-0.044455476326337,0.012840417383521
1.7005,0.6899041244343,0.67670819135945,-0.044425988938219,0.013100736561345
1.70075,0.69410429287049,0.67233861373838,-0.044395062023779,0.01336122507456
1.701,0.69827732523436,0.66794187094388,-0.044362692494221,0.013621875227963
1.70125,0.70242304586606,0.66351812757192,-0.044328877300787,0.013882679300912
1.7015,0.70654128003668,0.65906754922443,-0.04429361343489,0.014143629547584
1.70175,0.71063185395181,0.65459030250537,-0.044256897928249,0.01440471819722
1.702,0.71469459475505,0.65008655501677,-0.044218727853015,0.014665937454379
1.70225,0.71872933053163,0.64555647535489,-0.044179100321901,0.014927279499187
1.7025,0.72273589031192,0.64100023310623,-0.044138012488302,0.015188736487592
1.70275,0.72671410407508,0.63641799884373,-0.044095461546423,0.015450300551616
1.703,0.7306638027526,0.63180994412288,-0.044051444731396,0.015711963799605
1.70325,0.73458481823197,0.62717624147786,-0.044005959319393,0.015973718316487
1.7035,0.73847698336031,0.62251706441772,-0.043959002627749,0.016235556164018
1.70375,0.74234013194797,0.61783258742257,-0.043910572015067,0.016497469381044
1.704,0.74617409877228,0.61312298593973,-0.043860664881334,0.016759449983747
1.70425,0.74997871958116,0.60838843637995,-0.043809278668022,0.017021489965903
1.7045,0.75375383109686,0.60362911611363,-0.043756410858199,0.017283581299136
1.70475,0.75749927101967,0.59884520346699,-0.043702058976628,0.017545715933172
1.705,0.76121487803164,0.59403687771837,-0.043646220589868,0.017807885796092
1.70525,0.76490049180037,0.58920431909437,-0.043588893306372,0.018070082794586
1.7055,0.76855595298275,0.58434770876613,-0.043530074776584,0.018332298814211
1.70575,0.77218110322875,0.5794672288456,-0.043469762693027,0.01859452571964
1.706,0.77577578518524,0.57456306238171,-0.0434079547904,0.018856755354923
1.70625,0.77933984249983,0.56963539335668,-0.04334464884566,0.019118979543734
1.7065,0.78287311982467,0.56468440668225,-0.043279842678113,0.019381190089633
1.70675,0.78637546282035,0.55971028819591,-0.043213534149493,0.019643378776314
1.707,0.7898467181598,0.55471322465717,-0.043145721164043,0.019905537367864
1.70725,0.79328673353212,0.5496934037438,-0.043076401668598,0.020167657609012
1.7075,0.79669535764659,0.54465101404809,-0.043005573652655,0.020429731225389
1.70775,0.80007244023652,0.5395862450731,-0.042933235148451,0.020691749923777
1.708,0.80341783206329,0.53449928722886,-0.04285938423103,0.020953705392364
1.70825,0.80673138492027,0.52939033182866,-0.042784019018318,0.021215589300997
1.7085,0.81001295163684,0.52425957108527,-0.042707137671183,0.021477393301438
1.70875,0.81326238608239,0.51910719810714,-0.0426287383935,0.021739109027614
1.709,0.81647954317038,0.51393340689463,-0.042548819432219,0.022000728095866
1.70925,0.81966427886237,0.50873839233626,-0.042467379077414,0.022262242105211
1.7095,0.82281645017209,0.50352235020488,-0.042384415662348,0.022523642637585
1.70975,0.82593591516953,0.49828547715386,-0.042299927563524,0.022784921258096
1.71,0.82902253298506,0.49302797071328,-0.042213913200738,0.023046069515281
1.71025,0.83207616381357,0.48775002928615,-0.042126371037127,0.023307078941348
1.7105,0.83509666891855,0.48245185214449,-0.042037299579218,0.023567941052433
1.71075,0.83808391063632,0.47713363942555,-0.041946697376974,0.023828647348847
1.711,0.84103775238019,0.47179559212792,-0.041854563023834,0.024089189315324
1.71125,0.84395805864462,0.46643791210764,-0.041760895156753,0.024349558421274
1.7115,0.84684469500949,0.46106080207433,-0.041665692456243,0.024609746121025
1.71175,0.84969752814428,0.45566446558728,-0.041568953646407,0.024869743854076
1.712,0.85251642581236,0.45024910705149,-0.04147067749497,0.025129543045344
1.71225,0.85530125687522,0.4448149317138,-0.041370862813315,0.025389135105405
1.7125,0.85805189129676,0.43936214565886,-0.041269508456506,0.025648511430745
1.71275,0.86076820014759,0.43389095580517,-0.041166613323317,0.025907663404005
1.713,0.86345005560935,0.42840156990113,-0.041062176356256,0.026166582394221
1.71325,0.86609733097899,0.42289419652095,-0.040956196541586,0.026425259757073
1.7135,0.86870990067316,0.41736904506067,-0.040848672909345,0.026683686835125
1.71375,0.87128764023253,0.41182632573405,-0.040739604533362,0.026941854958069
1.714,0.87383042632619,0.40626624956854,-0.040628990531272,0.027199755442964
1.71425,0.87633813675598,0.40068902840114,-0.040516830064527,0.02745737959448
1.7145,0.87881065046095,0.39509487487428,-0.040403122338411,0.027714718705133
1.71475,0.8812478475217,0.38948400243168,-0.040287866602041,0.027971764055532
1.715,0.88364960916482,0.38385662531415,-0.040171062148377,0.028228506914609
1.71525,0.88601581776736,0.37821295855539,-0.040052708314226,0.02848493853986
1.7155,0.8883463568612,0.37255321797781,-0.039932804480238,0.028741050177582
1.71575,0.89064111113755,0.36687762018821,-0.039811350070909,0.028996833063107
1.716,0.89289996645139,0.36118638257353,-0.039688344554578,0.029252278421037
1.71625,0.89512280982595,0.35547972329654,-0.039563787443416,0.029507377465477
1.7165,0.89730952945717,0.34975786129149,-0.039437678293424,0.029762121400269
1.71675,0.89946001471823,0.34402101625976,-0.03931001670442,0.030016501419223
1.717,0.90157415616397,0.33826940866548,-0.039180802320025,0.030270508706344
1.71725,0.90365184553547,0.33250325973102,-0.039050034827652,0.030524134436066
1.7175,0.90569297576451,0.32672279143267,-0.038917713958484,0.03077736977348
1.71775,0.90769744097809,0.32092822649604,-0.03878383948746,0.031030205874557
1.718,0.90966513650299,0.31511978839157,-0.038648411233249,0.031282633886379
1.71825,0.91159595887022,0.30929770133004,-0.038511429058231,0.031534644947358
1.7185,0.91348980581961,0.30346219025791,-0.038372892868467,0.031786230187467
1.71875,0.91534657630432,0.29761348085276,-0.038232802613671,0.032037380728456
1.719,0.91716617049537,0.2917517995186,-0.038091158287184,0.032288087684077
1.71925,0.9189484897862,0.28587737338124,-0.037947959925936,0.032538342160303
1.7195,0.92069343679718,0.27999043028354,-0.037803207610416,0.032788135255546
1.71975,0.92240091538014,0.2740911987807,-0.037656901464632,0.033037458060873
1.72,0.92407083062296,0.26817990813543,-0.037509041656073,0.033286301660228
1.72025,0.92570308885405,0.26225678831317,-0.037359628395667,0.033534657130638
1.7205,0.92729759764694,0.25632206997724,-0.03720866193774,0.033782515542434
1.72075,0.92885426582477,0.25037598448393,-0.037056142579966,0.03402986795946
1.721,0.93037300346485,0.24441876387763,-0.036902070663324,0.034276705439282
1.72125,0.93185372190316,0.2384506408858,-0.036746446572046,0.034523019033399
1.7215,0.93329633373894,0.23247184891405,-0.036589270733562,0.034768799787451
1.72175,0.9347007528391,0.22648262204109,-0.03643054361845,0.035014038741423
1.722,0.93606689434286,0.22048319501362,-0.036270265740379,0.035258726929852
1.72225,0.93739467466616,0.21447380324132,-0.036108437656046,0.03550285538203
1.7225,0.9386840115062,0.20845468279163,-0.035945059965123,0.035746415122203
1.72275,0.93993482384594,0.20242607038461,-0.035780133310184,0.035989397169773
1.723,0.94114703195856,0.19638820338778,-0.03561365837665,0.036231792539497
1.72325,0.94232055741195,0.19034131981076,-0.035445635892714,0.036473592241683
1.7235,0.94345532307318,0.18428565830011,-0.035276066629275,0.036714787282383
1.72375,0.94455125311292,0.17822145813392,-0.035104951399868,0.03695536866359
1.724,0.94560827300994,0.17214895921651,-0.034932291060586,0.037195327383427
1.72425,0.94662630955546,0.166068402073,-0.034758086510007,0.03743465443634
1.7245,0.94760529085764,0.15998002784392,-0.034582338689117,0.037673340813279
1.72475,0.94854514634594,0.15388407827969,-0.034405048581227,0.037911377501897
1.725,0.9494458067755,0.14778079573515,-0.03422621721189,0.03814875548672
1.72525,0.95030720423155,0.14167042316404,-0.034045845648821,0.038385465749342
1.7255,0.95112927213372,0.13555320411336,-0.033863935001808,0.038621499268599
1.72575,0.9519119452404,0.12942938271783,-0.033680486422622,0.038856847020748
1.726,0.95265515965304,0.12329920369419,-0.033495501104926,0.03909149997965
1.72625,0.95335885282049,0.1171629123355,-0.033308980284185,0.039325449116938
1.7265,0.95402296354322,0.11102075450551,-0.033120925237569,0.039558685402195
1.72675,0.95464743197762,0.10487297663278,-0.032931337283854,0.039791199803121
1.727,0.95523219964024,0.098719825704973,-0.032740217783326,0.040022983285709
1.72725,0.95577720941198,0.09256154926298,-0.032547568137674,0.040254026814404
1.7275,0.95628240554228,0.086398395395094,-0.032353389789894,0.040484321352273
1.72775,0.95674773365332,0.080230612731086,-0.032157684224175,0.040713857861166
1.728,0.95717314074416,0.074058450436257,-0.031960452965796,0.04094262730188
1.72825,0.9575585751948,0.067882158205511,-0.031761697581013,0.041170620634313
1.7285,0.95790398677037,0.061701986257331,-0.031561419676949,0.041397828817621
1.72875,0.9582093266251,0.055518185327723,-0.031359620901478,0.041624242810376
1.729,0.95847454730643,0.049331006664195,-0.031156302943105,0.041849853570714
1.72925,0.95869960275897,0.043140702019607,-0.030951467530855,0.042074652056486
1.7295,0.95888444832851,0.036947523646074,-0.030745116434143,0.042298629225405
1.72975,0.95902904076596,0.03075172428879,-0.030537251462657,0.042521776035192
1.73,0.95913333823127,0.024553557179809,-0.030327874466228,0.042744083443715
1.73025,0.95919730029732,0.018353276031859,-0.030116987334706,0.042965542409133
1.7305,0.95922088795376,0.01215113503204,-0.029904591997827,0.043186143890031
1.73075,0.95920406361085,0.0059473888355689,-0.029690690425083,0.043405878845556
1.731,0.95914679110326,-0.00025770744054629,-0.029475284625585,0.043624738235548
1.73125,0.95904903569379,-0.006463898223874,-0.02925837664793,0.043842713020674
1.7315,0.95891076407712,-0.012670927492899,-0.02903996858006,0.044059794162549
1.73175,0.95873194438345,-0.018878538783443,-0.028820062549119,0.044275972623865
1.732,0.95851254618222,-0.025086475195103,-0.028598660721314,0.044491239368512
1.73225,0.95825254048565,-0.031294479397683,-0.028375765301767,0.044705585361695
1.7325,0.95795189975232,-0.037502293637689,-0.028151378534365,0.044919001570055
1.73275,0.95761059789075,-0.043709659744836,-0.027925502701616,0.045131478961776
1.733,0.95722861026284,-0.049916319138564,-0.027698140124489,0.045343008506702
1.73325,0.95680591368733,-0.05612201283461,-0.027469293162266,0.045553581176441
1.7335,0.95634248644324,-0.062326481451565,-0.02723896421238,0.045763187944469
1.73375,0.95583830827322,-0.068529465217473,-0.02700715571026,0.045971819786236
1.734,0.95529336038687,-0.074730703976471,-0.026773870129165,0.046179467679261
1.73425,0.95470762546405,-0.080929937195396,-0.026539109980024,0.046386122603228
1.7345,0.95408108765808,-0.087126903970468,-0.026302877811267,0.046591775540081
1.73475,0.95341373259899,-0.093321343033945,-0.026065176208659,0.046796417474109
1.735,0.95270554739661,-0.099512992760824,-0.025826007795126,0.047000039392036
1.73525,0.95195652064376,-0.10570159117556,-0.025585375230584,0.047202632283103
1.7355,0.95116664241922,-0.11188687595879,-0.02534328121176,0.047404187139145
1.73575,0.95033590429081,-0.11806858445402,-0.02509972847202,0.04760469495467
1.736,0.94946429931834,-0.1242464536745,-0.024854719781183,0.04780414672693
1.73625,0.94855182205651,-0.13042022030983,-0.024608257945338,0.048002533455991
1.7365,0.94759846855784,-0.13658962073289,-0.024360345806662,0.048199846144796
1.73675,0.9466042363754,-0.14275439100651,-0.024110986243231,0.04839607579923
1.737,0.9455691245657,-0.14891426689032,-0.023860182168828,0.048591213428178
1.73725,0.94449313369131,-0.15506898384759,-0.023607936532752,0.048785250043578
1.7375,0.94337626582361,-0.16121827705194,-0.02335425231962,0.048978176660469
1.73775,0.94221852454537,-0.16736188139425,-0.023099132549173,0.049169984297046
1.738,0.94101991495337,-0.17349953148946,-0.022842580276073,0.049360663974693
1.73825,0.93978044366087,-0.17963096168337,-0.022584598589702,0.049550206718031
1.7385,0.93850011880013,-0.18575590605949,-0.022325190613953,0.049738603554945
1.73875,0.93717895002479,-0.19187409844585,-0.022064359507025,0.049925845516621
1.739,0.93581694851226,-0.19798527242187,-0.021802108461213,0.050111923637567
1.73925,0.93441412696604,-0.20408916132515,-0.021538440702691,0.050296828955639
1.7395,0.93297049961797,-0.21018549825828,-0.0212733594913,0.05048055251206
1.73975,0.93148608223044,-0.21627401609572,-0.021006868120328,0.050663085351429
1.74,0.92996089209853,-0.22235444749055,-0.020738969916286,0.050844418521731
1.74025,0.92839494805215,-0.22842652488133,-0.020469668238689,0.051024543074345
1.7405,0.92678827045805,-0.23448998049886,-0.020198966479825,0.051203450064041
1.74075,0.92514088122181,-0.24054454637298,-0.01992686806453,0.051381130548974
1.741,0.92345280378981,-0.24658995433935,-0.019653376449951,0.051557575590677
1.74125,0.92172406315108,-0.25262593604623,-0.019378495125312,0.051732776254043
1.7415,0.91995468583915,-0.2586522229612,-0.019102227611682,0.05190672360731
1.74175,0.91814469993382,-0.26466854637792,-0.018824577461726,0.052079408722028
1.742,0.91629413506283,-0.27067463742282,-0.018545548259468,0.05225082267304
1.74225,0.91440302240361,-0.27667022706182,-0.018265143620041,0.052420956538437
1.7425,0.9124713946848,-0.28265504610702,-0.017983367189438,0.052589801399522
1.74275,0.91049928618785,-0.28862882522328,-0.017700222644264,0.052757348340764
1.743,0.90848673274851,-0.29459129493496,-0.017415713691477,0.052923588449742
1.74325,0.90643377175822,-0.30054218563243,-0.017129844068129,0.053088512817096
1.7435,0.90434044216559,-0.3064812275787,-0.01684261754111,0.053252112536454
1.74375,0.90220678447764,-0.31240815091594,-0.016554037906879,0.05341437870437
1.744,0.90003284076109,-0.31832268567201,-0.0162641089912,0.053575302420246
1.74425,0.89781865464362,-0.32422456176695,-0.015972834648871,0.05373487478625
1.7445,0.89556427131499,-0.33011350901941,-0.01568021876345,0.053893086907233
1.74475,0.89326973752815,-0.33598925715307,-0.01538626524698,0.054049929890629
1.745,0.89093510160032,-0.341851535803,-0.015090978039711,0.054205394846358
1.74525,0.88856041341396,-0.34770007452204,-0.014794361109812,0.05435947288672
1.7455,0.88614572441771,-0.35353460278703,-0.014496418453092,0.054512155126279
1.74575,0.8836910876273,-0.3593548500051,-0.014197154092706,0.054663432681744
1.746,0.88119655762637,-0.36516054551985,-0.013896572078865,0.054813296671842
1.74625,0.87866219056726,-0.3709514186175,-0.013594676488539,0.054961738217181
1.7465,0.87608804417172,-0.37672719853302,-0.013291471425161,0.05510874844011
1.74675,0.87347417773161,-0.38248761445614,-0.012986961018322,0.055254318464569
1.747,0.8708206521095,-0.38823239553736,-0.012681149423465,0.055398439415932
1.74725,0.86812752973925,-0.39396127089392,-0.01237404082158,0.055541102420844
1.7475,0.86539487462652,-0.39967396961562,-0.012065639418888,0.055682298607044
1.74775,0.86262275234926,-0.40537022077067,-0.011755949446526,0.05582201910319
1.748,0.85981123005811,-0.41104975341147,-0.011444975160228,0.055960255038666
1.74825,0.85696037647676,-0.41671229658025,-0.011132720840003,0.056096997543385
1.7485,0.85407026190227,-0.42235757931473,-0.010819190789807,0.056232237747588
1.74875,0.85114095820538,-0.42798533065364,-0.010504389337216,0.056365966781622
1.749,0.84817253883067,-0.43359527964223,-0.010188320833088,0.056498175775723
1.74925,0.84516507879678,-0.43918715533764,-0.0098709896512286,0.05662885585978
1.7495,0.8421186546965,-0.44476068681428,-0.009552400188052,0.056757998163093
1.74975,0.83903334469692,-0.45031560316899,-0.0092325568622331,0.056885593814126
1.75,0.83590922853937,-0.45585163352632,-0.0089114641143603,0.057011633940239
1.75025,0.8327463875395,-0.46136850704348,-0.0085891264065848,0.057136109667424
1.7505,0.82954490458719,-0.46686595291545,-0.008265548222263,0.05725901212002
1.75075,0.82630486414649,-0.47234370037981,-0.0079407340655986,0.057380332420423
1.751,0.82302635225543,-0.47780147872156,-0.0076146884612783,0.057500061688783
1.75125,0.81970945652592,-0.48323901727786,-0.0072874159541041,0.057618191042695
1.7515,0.8163542661435,-0.48865604544262,-0.0069589211086233,0.05773471159687
1.75175,0.8129608718671,-0.49405229267102,-0.0066292085087526,0.057849614462806
1.752,0.80952936602874,-0.49942748848394,-0.0062982827573984,0.057962890748436
1.75225,0.80605984253328,-0.50478136247222,-0.0059661484760754,0.058074531557776
1.7525,0.80255239685797,-0.51011364430094,-0.0056328103045173,0.058184527990551
1.75275,0.79900712605215,-0.51542406371338,-0.0052982729002878,0.058292871141813
1.753,0.79542412873678,-0.52071235053512,-0.004962540938384,0.058399552101547
1.75325,0.79180350510403,-0.52597823467778,-0.0046256191108365,0.058504561954268
1.7535,0.7881453569168,-0.53122144614282,-0.0042875121263077,0.05860789177859
1.75375,0.78444978750822,-0.5364417150251,-0.0039482247096827,0.058709532646804
1.754,0.78071690178111,-0.5416387715164,-0.0036077616016572,0.058809475624422
1.75425,0.77694680620747,-0.54681234590872,-0.0032661275583226,0.05890771176972
1.7545,0.77313960882787,-0.55196216859752,-0.0029233273507441,0.059004232133259
1.75475,0.76929541925093,-0.55708797008478,-0.0025793657645376,0.059099027757398
1.755,0.76541434865266,-0.56218948098192,-0.0022342475994397,0.059192089675787
1.75525,0.76149650977582,-0.56726643201267,-0.001887977668874,0.059283408912847
1.7555,0.75754201692939,-0.57231855401557,-0.0015405607995149,0.059372976483232
1.75575,0.75355098598783,-0.5773455779466,-0.0011920018308446,0.059460783391281
1.756,0.74952353439045,-0.58234723488143,-0.00084230561470597,0.059546820630445
1.75625,0.74545978114079,-0.58732325601762,-0.00049147701485363,0.059631079182705
1.7565,0.7413598468059,-0.59227337267666,-0.0001395209064964,0.059713550017968
1.75675,0.73722385351573,-0.59719731630578,0.00021355782416051,0.059794224093451
1.757,0.73305192496241,-0.60209481847965,0.00056775428038051,0.059873092353037
1.75725,0.72884418639964,-0.60696561090192,0.00092306355536535,0.059950145726626
1.7575,0.72460076464199,-0.61180942540646,0.0012794807327265,0.060025375129454
1.75775,0.72032178806426,-0.61662599395862,0.0016370008869638,0.060098771461407
1.758,0.71600738660085,-0.62141504865612,0.0019956190839488,0.0601703256063
1.75825,0.71165769174514,-0.62617632172982,0.0023553303814092,0.060240028431149
1.7585,0.70727283654888,-0.63090954554436,0.0027161298294228,0.060307870785413
1.75875,0.70285295562157,-0.63561445259849,0.0030780124709115,0.060373843500223
1.759,0.69839818512994,-0.64029077552525,0.0034409733421424,0.060437937387582
1.75925,0.69390866279738,-0.64493824709198,0.0038050074732341,0.060500143239552
1.7595,0.68938452790346,-0.64955660020005,0.004170109888664,0.060560451827404
1.75975,0.6848259212834,-0.65414556788441,0.004536275607784,0.060618853900763
1.76,0.6802329853277,-0.65870488331292,0.00490349964534,0.060675340186714
1.76025,0.67560586398167,-0.66323427978547,0.0052717770119927,0.060729901388895
1.7605,0.67094470274513,-0.6677334907328,0.0056411027148482,0.060782528186553
1.76075,0.66624964867209,-0.67220224971519,0.0060114717579883,0.060833211233591
1.761,0.66152085037045,-0.6766402904208,0.006382879143008,0.060881941157573
1.76125,0.65675845800188,-0.68104734666387,0.0067553198695581,0.06092870855871
1.7615,0.6519626232816,-0.6854231523826,0.0071287889358884,0.060973504008821
1.76175,0.64713349947836,-0.68976744163676,0.0075032813394011,0.06101631805026
1.762,0.64227124141443,-0.69407994860513,0.0078787920772025,0.061057141194818
1.76225,0.63737600546564,-0.69836040758257,0.0082553161466636,0.061095963922595
1.7625,0.63244794956157,-0.70260855297687,0.008632848545984,0.061132776680842
1.76275,0.62748723318575,-0.70682411930535,0.0090113842747578,0.061167569882772
1.763,0.62249401737601,-0.71100684119108,0.0093909183345463,0.061200333906337
1.76325,0.61746846472487,-0.71515645335892,0.0097714457294551,0.061231059092981
1.7635,0.61241073938007,-0.71927269063118,0.010152961466712,0.061259735746347
1.76375,0.60732100704523,-0.72335528792305,0.010535460557253,0.061286354130958
1.764,0.60219943498052,-0.72740398023764,0.010918938016311,0.061310904470869
1.76425,0.59704619200356,-0.73141850266078,0.011303388864004,0.061333376948265
1.7645,0.59186144849038,-0.73539859035545,0.011688808125936,0.061353761702044
1.76475,0.58664537637653,-0.73934397855591,0.012075190833794,0.061372048826345
1.765,0.58139814915835,-0.74325440256147,0.01246253202595,0.061388228369047
1.76525,0.57611994189431,-0.74712959772993,0.012850826748071,0.061402290330227
1.7655,0.5708109312066,-0.75096929947069,0.013240070053725,0.061414224660574
1.76575,0.56547129528279,-0.75477324323745,0.013630257005,0.061424021259768
1.766,0.56010121387773,-0.75854116452063,0.014021382673113,0.061431669974806
1.76625,0.55470086831556,-0.7622727988393,0.014413442139036,0.061437160598297
1.7665,0.54927044149196,-0.76596788173288,0.014806430494116,0.061440482866702
1.76675,0.54381011787651,-0.76962614875227,0.015200342840698,0.061441626458535
1.767,0.53832008351538,-0.77324733545079,0.015595174292755,0.061440580992509
1.76725,0.53280052603404,-0.77683117737452,0.015990919976516,0.061437336025642
1.7675,0.52725163464042,-0.78037741005239,0.016387575031101,0.061431881051309
1.76775,0.52167360012804,-0.78388576898572,0.016785134609149,0.061424205497244
1.768,0.51606661487962,-0.78735598963741,0.017183593877459,0.061414298723486
1.76825,0.51043087287074,-0.79078780742068,0.017582948017622,0.06140215002028
1.7685,0.50476656967386,-0.79418095768731,0.017983192226665,0.061387748605912
1.76875,0.49907390246263,-0.79753517571551,0.018384321717683,0.061371083624499
1.769,0.49335307001636,-0.80085019669722,0.018786331720482,0.061352144143709
1.76925,0.48760427272491,-0.80412575572501,0.019189217482218,0.061330919152433
1.7695,0.48182771259381,-0.8073615877785,0.019592974268036,0.061307397558384
1.76975,0.47602359324967,-0.81055742771017,0.019997597361712,0.061281568185646
1.77,0.47019211994603,-0.81371301023082,0.020403082066287,0.061253419772147
1.77025,0.46433349956941,-0.81682806989436,0.020809423704708,0.061222940967074
1.7705,0.45844794064581,-0.81990234108223,0.02121661762046,0.061190120328213
1.77075,0.45253565334754,-0.82293555798707,0.021624659178204,0.061154946319227
1.771,0.44659684950046,-0.82592745459605,0.022033543764405,0.061117407306857
1.77125,0.44063174259154,-0.82887776467353,0.022443266787965,0.061077491558046
1.7715,0.43464054777694,-0.83178622174308,0.022853823680839,0.061035187236999
1.77175,0.42862348189047,-0.83465255906907,0.023265209898665,0.060990482402153
1.772,0.42258076345247,-0.83747650963752,0.023677420921377,0.060943365003073
1.77225,0.41651261267916,-0.84025780613638,0.024090452253814,0.060893822877265
1.7725,0.41041925149255,-0.84299618093522,0.02450429942633,0.060841843746906
1.77275,0.40430090353073,-0.84569136606421,0.024918957995388,0.060787415215484
1.773,0.39815779415877,-0.8483430931925,0.025334423544155,0.060730524764352
1.77325,0.39199015048009,-0.85095109360589,0.025750691683086,0.060671159749188
1.7735,0.38579820134848,-0.85351509818384,0.026167758050498,0.060609307396365
1.77375,0.37958217738058,-0.85603483737578,0.026585618313134,0.060544954799218
1.774,0.3733423109691,-0.85851004117666,0.027004268166722,0.060478088914218
1.77425,0.36707883629654,-0.86094043910185,0.027423703336515,0.060408696557036
1.7745,0.36079198934963,-0.86332576016125,0.027843919577826,0.060336764398513
1.77475,0.35448200793444,-0.86566573283259,0.028264912676545,0.060262278960511
1.775,0.34814913169218,-0.86796008503405,0.028686678449639,0.06018522661166
1.77525,0.34179360211569,-0.870208544096,0.029109212745648,0.060105593562983
1.7755,0.3354156625668,-0.87241083673197,0.029532511445149,0.060023365863417
1.77575,0.3290155582943,-0.87456668900879,0.029956570461215,0.059938529395197
1.776,0.3225935364529,-0.87667582631584,0.030381385739844,0.059851069869126
1.77625,0.31614984612288,-0.87873797333346,0.030806953260379,0.059760972819716
1.7765,0.30968473833074,-0.88075285400052,0.031233269035893,0.059668223600192
1.77675,0.30319846607068,-0.88272019148096,0.03166032911356,0.059572807377366
1.777,0.29669128432705,-0.88463970812955,0.032088129574996,0.059474709126374
1.77725,0.29016345009778,-0.88651112545659,0.032516666536575,0.059373913625256
1.7775,0.28361522241881,-0.88833416409169,0.032945936149716,0.059270405449407
1.77775,0.27704686238961,-0.89010854374657,0.033375934601134,0.059164168965863
1.778,0.27045863319975,-0.89183398317681,0.033806658113068,0.059055188327437
1.77825,0.26385080015666,-0.89351020014264,0.034238102943466,0.058943447466688
1.7785,0.25722363071447,-0.89513691136858,0.034670265386137,0.058828930089734
1.77875,0.25057739450422,-0.89671383250207,0.03510314177086,0.058711619669885
1.779,0.24391236336523,-0.89824067807099,0.035536728463454,0.058591499441105
1.77925,0.2372288113778,-0.89971716144003,0.035971021865807,0.058468552391296
1.7795,0.23052701489734,-0.90114299476593,0.036406018415848,0.058342761255389
1.77975,0.22380725258984,-0.90251788895154,0.036841714587477,0.05821410850825
1.78,0.21706980546893,-0.90384155359866,0.037278106890441,0.058082576357387
1.78025,0.21031495693433,-0.90511369695973,0.03771519187015,0.057948146735448
1.7805,0.20354299281201,-0.90633402588813,0.038152966107438,0.057810801292522
1.78075,0.19675420139596,-0.90750224578737,0.038591426218258,0.057670521388211
1.781,0.18994887349168,-0.9086180605588,0.03903056885331,0.057527288083491
1.78125,0.1831273024614,-0.90968117254814,0.039470390697606,0.057381082132337
1.7815,0.17628978427131,-0.91069128249053,0.039910888469943,0.057231883973119
1.78175,0.16943661754052,-0.91164808945427,0.040352058922318,0.057079673719747
1.782,0.16256810359216,-0.91255129078308,0.040793898839247,0.056924431152572
1.78225,0.15568454650648,-0.91340058203697,0.041236405036993,0.056766135709033
1.7825,0.14878625317618,-0.91419565693154,0.041679574362717,0.056604766474026
1.78275,0.1418735333639,-0.91493620727588,0.042123403693509,0.056440302170014
1.783,0.1349466997621,-0.91562192290882,0.042567889935331,0.056272721146843
1.78325,0.12800606805536,-0.91625249163371,0.043013030021848,0.056102001371278
1.7835,0.12105195698517,-0.91682759915149,0.043458820913132,0.05592812041623
1.78375,0.11408468841736,-0.9173469289922,0.043905259594261,0.055751055449682
1.784,0.10710458741222,-0.91781016244481,0.04435234307377,0.055570783223293
1.78425,0.10011198229756,-0.91821697848528,0.044800068381982,0.055387280060676
1.7845,0.093107204744493,-0.91856705370298,0.045248432569188,0.055200521845334
1.78475,0.086090589846535,-0.91886006222528,0.045697432703671,0.055010484008254
1.785,0.079062476201702,-0.91909567564034,0.046147065869576,0.05481714151514
1.78525,0.072023205997975,-0.9192735629181,0.046597329164612,0.054620468853268
1.7855,0.064973125102247,-0.91939339032934,0.047048219697571,0.054420440017973
1.78575,0.057912583152767,-0.91945482136293,0.047499734585659,0.05421702849873
1.786,0.050841933655397,-0.919457516641,0.047951870951634,0.054010207264837
1.78625,0.043761534083689,-0.91940113383231,0.048404625920731,0.053799948750675
1.7865,0.036671745982985,-0.91928532756345,0.048857996617367,0.053586224840539
1.78675,0.029572935078784,-0.91910974932815,0.049311980161614,0.053369006853022
1.787,0.02246547138941,-0.91887404739438,0.049766573665426,0.053148265524946
1.78725,0.015349729343236,-0.91857786670948,0.050221774228612,0.05292397099481
1.7875,0.0082260879006948,-0.91822084880305,0.050677578934528,0.052696092785758
1.78775,0.0010949306811381,-0.91780263168773,0.051133984845493,0.052464599788044
1.788,-0.0060433539050937,-0.91732284975775,0.05159098899789,0.05222946024097
1.78825,-0.013188372519309,-0.91678113368531,0.052048588396959,0.051990641714304
1.7885,-0.020339726751543,-0.91617711031464,0.052506780011246,0.051748111089128
1.78875,-0.027497012971772,-0.91551040255381,0.052965560766703,0.051501834538132
1.789,-0.034659822175191,-0.91478062926424,0.053424927540407,0.051251777505316
1.78925,-0.041827739821095,-0.91398740514788,0.053884877153892,0.050997904685085
1.7895,-0.049000345665281,-0.91313034063201,0.054345406366061,0.050740180000725
1.78975,-0.056177213585612,-0.9122090417517,0.054806511865664,0.050478566582232
1.79,-0.06335791140041,-0.91122311002991,0.055268190263307,0.050213026743481
1.79025,-0.070542000679491,-0.91017214235507,0.055730438082986,0.04994352195871
1.7905,-0.077729036547464,-0.90905573085639,0.056193251753092,0.049670012838298
1.79075,-0.084918567478916,-0.90787346277668,0.056656627596892,0.049392459103822
1.791,-0.092110135085251,-0.90662492034272,0.057120561822425,0.049110819562359
1.79125,-0.099303273892769,-0.90530968063323,0.057585050511807,0.048825052080016
1.7915,-0.10649751111154,-0.90392731544448,0.058050089609894,0.048535113554674
1.79175,-0.11369236639487,-0.90247739115336,0.058515674912284,0.0482409598879
1.792,-0.12088735158867,-0.90095946857815,0.058981802052606,0.047942545956025
1.79225,-0.12808197047062,-0.89937310283691,0.059448466489073,0.047639825580341
1.7925,-0.13527571847846,-0.89771784320346,0.059915663490245,0.047332751496412
1.79275,-0.14246808242691,-0.89599323296114,0.060383388119966,0.047021275322456
1.793,-0.14965854021301,-0.89419880925421,0.060851635221437,0.046705347526778
1.79325,-0.15684656050897,-0.8923341029371,0.061320399400354,0.04638491739422
1.7935,-0.16403160244236,-0.8903986384215,0.061789675007092,0.046059932991612
1.79375,-0.17121311526289,-0.88839193352132,0.062259456117853,0.045730341132173
1.794,-0.17839053799514,-0.88631349929572,0.062729736514743,0.045396087338857
1.79425,-0.18556329907682,-0.88416283989022,0.063200509664707,0.045057115806591
1.7945,-0.19273081598178,-0.88193945237598,0.06367176869726,0.044713369363387
1.79475,-0.19989249482715,-0.8796428265875,0.064143506380956,0.044364789430297
1.795,-0.20704772996382,-0.87727244495872,0.064615715098514,0.044011315980164
1.79525,-0.21419590354973,-0.87482778235783,0.065088386820538,0.043652887495154
1.7955,-0.22133638510497,-0.87230830592084,0.06556151307774,0.043289440923025
1.79575,-0.22846853104804,-0.86971347488419,0.066035084931603,0.042920911632102
1.796,-0.23559168421239,-0.86704274041665,0.066509092943371,0.042547233364924
1.79625,-0.24270517334234,-0.86429554545064,0.0669835271413,0.042168338190524
1.7965,-0.24980831256748,-0.86147132451333,0.067458376986054,0.04178415645532
1.79675,-0.25690040085462,-0.85856950355787,0.067933631334153,0.041394616732567
1.797,-0.26398072143625,-0.85558949979493,0.068409278399359,0.040999645770343
1.79725,-0.27104854121443,-0.8525307215251,0.06888530571189,0.040599168438033
1.7975,-0.27810311013912,-0.84939256797238,0.069361700075337,0.040193107671283
1.79775,-0.2851436605597,-0.84617442911942,0.069838447521157,0.039781384415369
1.798,-0.29216940654851,-0.84287568554474,0.070315533260603,0.039363917566979
1.79825,-0.29917954319518,-0.83949570826269,0.070792941633958,0.038940623914346
1.7985,-0.30617324587047,-0.83603385856664,0.071270656056905,0.038511418075716
1.79875,-0.31314966945813,-0.83248948787606,0.071748658963891,0.038076212436117
1.799,-0.32010794755345,-0.82886193758816,0.072226931748298,0.037634917082395
1.79925,-0.32704719162708,-0.82515053893492,0.072705454699253,0.037187439736496
1.7995,-0.33396649015232,-0.82135461284635,0.073184206934889,0.036733685686964
1.79975,-0.34086490769454,-0.81747346982077,0.073663166331846,0.03627355771863
1.8,-0.34774148396077,-0.81350640980333,0.074142309450808,0.035806956040475
1.80025,-0.35459523280793,-0.8094527220736,0.074621611457852,0.035333778211651
1.8005,-0.36142514120766,-0.80531168514367,0.075101046041374,0.034853919065632
1.80075,-0.36823016816592,-0.80108256666781,0.075580585324329,0.034367270632508
1.801,-0.37500924359532,-0.79676462336523,0.07606019977154,0.033873722059399
1.80125,-0.38176126713811,-0.79235710095746,0.076539858091783,0.03337315952899
1.8015,-0.38848510693762,-0.78785923412195,0.077019527134354,0.032865466176208
1.80175,-0.39517959835596,-0.78327024646364,0.077499171779811,0.032350522003031
1.802,-0.40184354263545,-0.77858935050656,0.077978754824552,0.031828203791478
1.80225,-0.40847570550159,-0.77381574770753,0.078458236858897,0.031298385014781
1.8025,-0.41507481570476,-0.76894862849415,0.078937576138282,0.030760935746798
1.80275,-0.42163956349819,-0.76398717232974,0.079416728447195,0.030215722569711
1.803,-0.42816859904938,-0.75893054780771,0.079895646955436,0.02966260848007
1.80325,-0.43466053078218,-0.75377791277848,0.080374282066269,0.02910145279326
1.8035,-0.44111392364649,-0.74852841451195,0.080852581256004,0.028532111046485
1.80375,-0.44752729731275,-0.74318118989898,0.081330488904528,0.027954434900371
1.804,-0.45389912428778,-0.73773536569565,0.08180794611628,0.027368272039322
1.80425,-0.46022782794907,-0.73219005881418,0.082284890531123,0.026773466070772
1.8045,-0.46651178049395,-0.7265443766649,0.082761256124555,0.026169856423495
1.80475,-0.47274930080033,-0.720797417554,0.083236972996655,0.025557278245199
1.805,-0.47893865219545,-0.71494827114195,0.083711967149139,0.02493556229958
1.80525,-0.48507804012911,-0.70899601896834,0.084186160249859,0.024304534863144
1.8055,-0.49116560974761,-0.70293973504872,0.084659469384053,0.023664017622038
1.80575,-0.49719944336484,-0.69677848655009,0.085131806791612,0.023013827569255
1.806,-0.50317755782645,-0.6905113345518,0.085603079589581,0.02235377690256
1.80625,-0.50909790176356,-0.68413733489931,0.086073189479103,0.021683672923562
1.8065,-0.5149583527319,-0.67765553915893,0.08654203243595,0.021003317938382
1.80675,-0.52075671423267,-0.67106499568209,0.087009498383733,0.020312509160471
1.807,-0.52649071261103,-0.66436475078856,0.087475470848886,0.01961103861612
1.80725,-0.53215799382863,-0.65755385007868,0.08793982659642,0.018898693053336
1.8075,-0.53775612010611,-0.65063133988552,0.088402435245447,0.018175253854809
1.80775,-0.54328256643211,-0.64359626887851,0.088863158863385,0.017440496955749
1.808,-0.54873471693503,-0.63644768983139,0.089321851537753,0.016694192767516
1.80825,-0.55410986111418,-0.62918466156782,0.089778358924377,0.015936106108014
1.8085,-0.55940518992721,-0.6218062510994,0.090232517770826,0.01516599613994
1.80875,-0.56461779173071,-0.61431153597182,0.090684155413798,0.014383616318112
1.809,-0.56974464807166,-0.60669960683578,0.09113308924919,0.013588714347205
1.80925,-0.57478262932725,-0.59896957026128,0.091579126173506,0.012781032151378
1.8095,-0.57972849019165,-0.59112055181421,0.092022061995209,0.011960305857398
1.80975,-0.58457886500844,-0.58315169941659,0.092461680814641,0.011126265793083
1.81,-0.58933026294837,-0.5750621870127,0.092897754371014,0.010278636503002
1.81025,-0.59397906303287,-0.56685121856499,0.093330041355037,0.0094171367836264
1.8105,-0.59852150900457,-0.55851803240573,0.093758286685658,0.0085414797402713
1.81075,-0.60295370404725,-0.55006190597178,0.094182220749407,0.0076513728684745
1.811,-0.60727160535897,-0.54148216095182,0.094601558600823,0.0067465181626281
1.81125,-0.61147101858346,-0.53277816887764,0.095015999122452,0.0058266122550161
1.8115,-0.61554759210651,-0.52394935719268,0.0954252241429,0.004891346588654
1.81175,-0.61949681122615,-0.51499521583375,0.095828897511502,0.0039404076276658
1.812,-0.62331399220727,-0.50591530436373,0.096226664128158,0.0029734771092786
1.81225,-0.62699427623412,-0.49670925969554,0.096618148927022,0.0019902323418536
1.8125,-0.63053262327658,-0.48737680445014,0.09700295581277,0.0009903465537893
1.81275,-0.63392380588948,-0.47791775599391,0.097380666548337,-2.6510701443581e-05
1.813,-0.63716240296753,-0.46833203620294,0.097750839593153,-0.0010606730784574
1.81325,-0.64024279348256,-0.45861968200495,0.098113008891084,-0.0021124769050839
1.8135,-0.6431591502341,-0.44878085675165,0.098466682607566,-0.0031822605728194
1.81375,-0.64590543364938,-0.43881586247714,0.098811341815659,-0.0042703638453307
1.814,-0.64847538567426,-0.42872515310066,0.099146439131103,-0.0053771270771988
1.81425,-0.65086252380281,-0.41850934863411,0.09947139729688,-0.0065028903344967
1.8145,-0.65306013530034,-0.40816925045738,0.099785607718227,-0.0076479924081329
1.81475,-0.65506127168173,-0.39770585772661,0.10008842894963,-0.0088127697102291
1.815,-0.65685874351607,-0.38712038498199,0.10037918513593,-0.0099975550431421
1.81525,-0.65844511563728,-0.37641428102398,0.10065716441053,-0.011202676229971
1.8155,-0.65981270285094,-0.365589249127,0.10092161725427,-0.01242845459472
1.81575,-0.66095356623858,-0.35464726866083,0.10117175482002,-0.013675203279504
1.816,-0.66185951017324,-0.34359061818946,0.10140674722849,-0.014943225385453
1.81625,-0.66252208017313,-0.33242190011628,0.10162572184269,-0.016232811923237
1.8165,-0.66293256173502,-0.32114406694224,0.10182776152945,-0.017544239558433
1.81675,-0.66308198030475,-0.30976044920094,0.10201190291826,-0.01887776813621
1.817,-0.6629611025592,-0.2982747851293,0.1021771346694,-0.020233637969284
1.81725,-0.66256043919223,-0.28669125212687,0.10232239576543,-0.021612066872419
1.8175,-0.66187024941688,-0.27501450004821,0.10244657384243,-0.0230132469264
1.81775,-0.66088054741674,-0.26324968636252,0.10254850357977,-0.02443734095402
1.818,-0.65958111100113,-0.25140251320174,0.10262696516998,-0.025884478690465
1.81825,-0.65796149274208,-0.23947926630216,0.10268068289357,-0.027354752630577
1.8185,-0.65601103389471,-0.22748685582558,0.10270832382664,-0.02884821353572
1.81875,-0.65371888142727,-0.21543285902269,0.10270849671314,-0.030364865583603
1.819,-0.65107400851214,-0.20332556467405,0.10267975103713,-0.031904661145424
1.81925,-0.64806523885433,-0.19117401921199,0.10262057633514,-0.033467495176023
1.8195,-0.64468127525826,-0.17898807438916,0.10252940179273,-0.035053199204756
1.81975,-0.64091073285798,-0.16677843631634,0.10240459617445,-0.036661534917223
1.82,-0.63674217745765,-0.1545567156427,0.10224446814132,-0.038292187321217
1.82025,-0.63216416944882,-0.14233547859483,0.10204726701495,-0.039944757494244
1.8205,-0.62716531378751,-0.13012829852785,0.10181118405309,-0.041618754914761
1.82075,-0.62173431652534,-0.11794980756972,0.10153435430619,-0.043313589385196
1.821,-0.61586004839474,-0.10581574786088,0.10121485913035,-0.045028562561698
1.82125,-0.60953161594647,-0.093743021803409,0.10085072943674,-0.046762859113711
1.8215,-0.60273844072642,-0.081749740637811,0.10043994976228,-0.048515537545987
1.82175,-0.59547034695615,-0.069855270561466,0.099980463250672,-0.05028552072645
1.822,-0.58771765814651,-0.058080275491269,0.099470177636021,-0.052071586175716
1.82225,-0.57947130302121,-0.046446755454199,0.098906972323561,-0.053872356188002
1.8225,-0.57072293105844,-0.034978079465896,0.09828870666304,-0.055686287868613
1.82275,-0.56146503786751,-0.02369901162968,0.097613229509349,-0.05751166319026
1.823,-0.55169110050325,-0.012635729058957,0.096878390162145,-0.05934657918906
1.82325,-0.5413957226809,-0.0018158300990361,0.096082050770805,-0.061188938440941
1.8235,-0.53057478968487,0.0087316687984129,0.095222100282612,-0.063036439980369
1.82375,-0.51922563256466,0.01897634930699,0.094296470000315,-0.064886570845239
1.824,-0.50734720097899,0.028886422419197,0.093303150799496,-0.066736598454258
1.82425,-0.49494024378219,0.038428776533907,0.092240212036096,-0.068583564045607
1.8245,-0.48200749614715,0.047569044416005,0.091105822149693,-0.070424277427289
1.82475,-0.46855387168522,0.056271691017534,0.089898270938162,-0.072255313309898
1.825,-0.45458665765993,0.064500124114599,0.088615993444043,-0.07407300951026
1.82525,-0.4401157110011,0.072216829625406,0.087257595352198,-0.075873467328673
1.8255,-0.42515365241508,0.07938353332245,0.085821879752044,-0.077652554412067
1.82575,-0.40971605546471,0.085961390426386,0.084307875066359,-0.079405910418881
1.826,-0.39382162706983,0.091911204262654,0.082714863892673,-0.081128955797476
1.82625,-0.37749237546818,0.097193674766988,0.081042412443572,-0.082816903977181
1.8265,-0.36075376129609,0.1017696771367,0.07929040021012,-0.084464777247908
1.82675,-0.34363482711493,0.10560057033876,0.077459049409522,-0.086067426569626
1.827,-0.32616830044512,0.10864853450374,0.075548953716159,-0.08761955550577
1.82725,-0.30839066519755,0.11087693546098,0.073561105716713,-0.089115748413814
1.8275,-0.29034219633545,0.11225071381565,0.071496922477715,-0.090550502951792
1.82775,-0.27206695268227,0.11273679504716,0.069358268570855,-0.091918266871324
1.828,-0.25361272303601,0.11230451614302,0.067147475870719,-0.093213478966659
1.82825,-0.23503092117422,0.11092606330033,0.064867359424624,-0.094430613936956
1.8285,-0.21637642595612,0.10857691426257,0.062521228698152,-0.095564230797606
1.82875,-0.19770736355189,0.10523627795151,0.060112893525459,-0.096609024349344
1.829,-0.1790848298595,0.10088752324719,0.057646664143017,-0.097559879084822
1.82925,-0.16057255239384,0.095518588108926,0.055127344760551,-0.098411924786251
1.8295,-0.14223649233283,0.089122359764099,0.052560220224081,-0.099160592949774
1.82975,-0.12414438894864,0.081697016464214,0.049951035452796,-0.099801673068179
1.83,-0.10636525029594,0.073246321358719,0.047305967481869,-0.10033136771924
1.83025,-0.088968795718638,0.063779859397301,0.044631590113867,-0.10074634534797
1.8305,-0.072024857408867,0.053313208861583,0.041934831367698,-0.1010437896024
1.83075,-0.055602749837748,0.041868040152771,0.039222924109684,-0.10122144408833
1.831,-0.039770617300977,0.029472135812177,0.036503350449265,-0.10127765145177
1.83125,-0.024594771014897,0.016159327400442,0.0337837806744,-0.10121138577913
1.8315,-0.010139028088878,0.0019693467615001,0.031072007680067,-0.10102227742524
1.83175,0.0035359347662592,-0.01305240871074,0.028375877999652,-0.10071062953383
1.832,0.016373199801795,-0.028855194978079,0.02570322067553,-0.10027742570116
1.83225,0.028320186369396,-0.045383320375513,0.023061775295128,-0.099724328443933
1.8325,0.039329176662194,-0.062576618505479,0.020459120567632,-0.099053668359889
1.83275,0.04935777822854,-0.080370986755569,0.017902604820509,-0.098268424104883
1.833,0.058369313945981,-0.098698980408582,0.015399279753905,-0.097372193544041
1.83325,0.066333131980409,-0.11749045085481,0.012955838705589,-0.096369156657566
1.8335,0.07322483033757,-0.13667321533733,0.010578560553145,-0.095264030984619
1.83375,0.079026392853904,-0.15617374500296,0.0082732602192771,-0.094062020563794
1.834,0.083726235778401,-0.17591785781602,0.006045246557317,-0.092768759469405
1.83425,0.087319166371566,-0.19583140311801,0.0038992881858114,-0.091390251144517
1.8345,0.089806257100982,-0.21584092525882,0.0018395876225481,-0.089932804791955
1.83475,0.091194640964901,-0.23587429474287,-0.00013023615143917,-0.088402970102742
1.835,0.091497235158367,-0.25586129666874,-0.0020071567797564,-0.086807471579203
1.83525,0.090732401659851,-0.2757341678195,-0.0037887415492479,-0.085153143650682
1.8355,0.088923554328898,-0.29542807551128,-0.0054731447934607,-0.083446867688016
1.83575,0.086098722753182,-0.31488153314474,-0.0070590942834631,-0.081695511904796
1.836,0.082290083372028,-0.33403674925507,-0.0085458713267739,-0.079905874995295
1.83625,0.077533468353253,-0.35283990864965,-0.0099332853817072,-0.078084634207663
1.8365,0.071867862345665,-0.37124138589647,-0.011221644049069,-0.07623829839335
1.83675,0.065334896614034,-0.38919589293467,-0.01241171932756,-0.074373166415729
1.837,0.057978349237643,-0.40666256388258,-0.013504711015684,-0.072495291148322
1.83725,0.049843659070657,-0.42360498119712,-0.014502208115107,-0.070610449150304
1.8375,0.040977460075341,-0.43999114818127,-0.015406149042227,-0.068724115977734
1.83775,0.031427141498535,-0.45579341344301,-0.016218781390382,-0.066841446975949
1.838,0.021240438212717,-0.47098835329155,-0.016942621909224,-0.064967263303158
1.83825,0.010465054424472,-0.48555661823319,-0.017580417284276,-0.063106042858304
1.8385,-0.00085167710215524,-0.49948274972105,-0.01813510621247,-0.061261915727508
1.83875,-0.012663099128143,-0.51275497314996,-0.01860978318185,-0.059438663722145
1.839,-0.024923497012591,-0.52536497279695,-0.019007664278434,-0.057639723556385
1.83925,-0.037588329209491,-0.53730765401755,-0.019332055262582,-0.055868193201364
1.8395,-0.050614422251284,-0.54858089754705,-0.019586322082921,-0.054126840954848
1.83975,-0.063960131792725,-0.55918531024833,-0.019773863928898,-0.052418116777572
1.84,-0.077585471685496,-0.56912397611592,-0.019898088864182,-0.050744165468107
1.84025,-0.0914522133453,-0.57840221081028,-0.01996239203255,-0.049106841275183
1.8405,-0.10552395786735,-0.58702732247035,-0.01997013638559,-0.047507723578277
1.84075,-0.11976618345703,-0.59500838105113,-0.019924635847132,-0.045948133301925
1.841,-0.13414627077956,-0.60235599796366,-0.019829140802334,-0.044429149765599
1.84125,-0.14863350880914,-0.60908211736486,-0.019686825779056,-0.042951627707601
1.8415,-0.16319908368619,-0.61519982005828,-0.019500779174939,-0.041516214257405
1.84175,-0.17781605297977,-0.62072314062473,-0.019273994874591,-0.040123365665462
1.842,-0.19245930761307,-0.62566689810563,-0.019009365596779,-0.038773363631981
1.84225,-0.20710552355067,-0.63004654030932,-0.018709677810796,-0.037466331106317
1.8425,-0.22173310517413,-0.63387800159947,-0.01837760806348,-0.036202247455999
1.84275,-0.23632212209432,-0.63717757385296,-0.018015720563128,-0.03498096292905
1.843,-0.25085424097041,-0.6399617901377,-0.017626465873166,-0.033802212354938
1.84325,-0.26531265372913,-0.6422473205556,-0.017212180576471,-0.032665628048541
1.8435,-0.27968200340871,-0.64405087961884,-0.016775087780145,-0.031570751897718
1.84375,-0.29394830869154,-0.64538914447436,-0.016317298340104,-0.030517046628892
1.844,-0.30809888803846,-0.64627868325896,-0.015840812694653,-0.029503906256537
1.84425,-0.32212228420013,-0.64673589285278,-0.015347523206047,-0.028530665731769
1.8445,-0.33600818975274,-0.64677694529747,-0.01483921691874,-0.027596609812785
1.84475,-0.34974737419187,-0.64641774215661,-0.014317578652385,-0.026700981185646
1.845,-0.36333161301497,-0.64567387611567,-0.013784194356614,-0.025842987868299
1.84525,-0.37675361913217,-0.64456059914566,-0.013240554663061,-0.025021809933801
1.8455,-0.39000697686525,-0.64309279658655,-0.012688058577983,-0.024236605590767
1.84575,-0.4030860787247,-0.64128496654243,-0.012128017266156,-0.02348651666015
1.846,-0.41598606509463,-0.63915120401791,-0.01156165788341,-0.022770673487903
1.84625,-0.42870276690443,-0.63670518926453,-0.0109901274213,-0.022088199332777
1.8465,-0.4412326513217,-0.63396017984529,-0.010414496532939,-0.021438214267878
1.84675,-0.45357277046564,-0.63092900596438,-0.0098357633139794,-0.020819838633434
1.847,-0.46572071310929,-0.627624068647,-0.0092548570172054,-0.020232196076886
1.84725,-0.47767455931493,-0.62405734039126,-0.0086726416831233,-0.019674416214825
1.8475,-0.48943283792769,-0.62024036794845,-0.0080899196724182,-0.019145636949499
1.84775,-0.50099448683644,-0.61618427692189,-0.0075074350892278,-0.018645006470842
1.848,-0.51235881590053,-0.61189977790473,-0.0069258770868192,-0.018171684973035
1.84825,-0.52352547243163,-0.60739717390689,-0.0063458830495828,-0.017724846112743
1.8485,-0.53449440911469,-0.60268636884762,-0.0057680416472442,-0.017303678234277
1.84875,-0.54526585424868,-0.59777687691523,-0.005192895758881,-0.01690738538508
1.849,-0.55584028418588,-0.5926778326183,-0.0046209452657809,-0.01653518814318
1.84925,-0.56621839784879,-0.58739800137334,-0.0040526497133938,-0.016186324276508
1.8495,-0.5764010932048,-0.58194579049298,-0.0034884308436161,-0.015860049252362
1.84975,-0.58638944558132,-0.57632926045572,-0.0029286749994946,-0.015555636613752
1.85,-0.59618468770668,-0.57055613635414,-0.0023737354051025,-0.015272378237909
1.85025,-0.60578819136654,-0.56463381943185,-0.0018239343238626,-0.015009584490847
1.8505,-0.61520145056882,-0.55856939863265,-0.0012795650990335,-0.01476658429064
1.85075,-0.62442606611563,-0.55236966209607,-0.00074089408036315,-0.014542725090843
1.851,-0.63346373148449,-0.54604110854359,-0.0002081624411591,-0.014337372794422
1.85125,-0.64231621992665,-0.53958995850884,0.00031841210982339,-0.014149911607536
1.8515,-0.65098537269482,-0.53302216537276,0.00083863371720064,-0.013979743841565
1.85175,-0.65947308831763,-0.52634342617171,0.0013523268639499,-0.013826289670951
1.852,-0.66778131284292,-0.51955919215263,0.0018593349480643,-0.013688986853609
1.85225,-0.67591203097664,-0.51267467905464,0.0023595189463961,-0.013567290419961
1.8525,-0.68386725804876,-0.50569487710131,0.002852756161285,-0.013460672335991
1.85275,-0.69164903274195,-0.4986245606917,0.0033389390456777,-0.013368621145119
1.853,-0.69925941052301,-0.49146829778179,0.003817974102548,-0.013290641593164
1.85325,-0.7067004577211,-0.48423045895134,0.0042897808545586,-0.01322625424016
1.8535,-0.71397424620078,-0.47691522615329,0.0047542908800558,-0.013174995062364
1.85375,-0.72108284858126,-0.46952660114534,0.00521144691163,-0.013136415047385
1.854,-0.72802833395693,-0.46206841360547,0.0056612019936224,-0.013110079784993
1.85425,-0.73481276407759,-0.45454432893407,0.0061035186951372,-0.013095569055879
1.8545,-0.74143818994947,-0.4469578557475,0.0065383683752452,-0.013092476420294
1.85475,-0.74790664882147,-0.43931235306839,0.0069657304972507,-0.013100408808275
1.855,-0.75422016152351,-0.43161103721913,0.0073855919890319,-0.013118986112921
1.85525,-0.7603807301263,-0.42385698842581,0.0077979466466182,-0.013147840787956
1.8555,-0.76639033589454,-0.41605315714011,0.0082027945783289,-0.013186617450646
1.85575,-0.77225093750738,-0.40820237008759,0.0086001416869238,-0.013234972490981
1.856,-0.77796446952224,-0.40030733605048,0.0089899991873747,-0.013292573687847
1.85625,-0.78353284105999,-0.39237065139394,0.0093723831579897,-0.013359099832826
1.8565,-0.78895793469108,-0.38439480534448,0.0097473141227508,-0.013434240362119
1.85675,-0.79424160550407,-0.37638218502935,0.010114816662861,-0.01351769499698
1.857,-0.7993856803393,-0.36833508028587,0.010474919055607,-0.013609173392992
1.85725,-0.80439195717208,-0.36025568824947,0.010827652938744,-0.013708394798393
1.8575,-0.80926220463092,-0.35214611772914,0.011173052998758,-0.01381508772162
1.85775,-0.81399816163751,-0.34400839337869,0.011511156681406,-0.013928989608176
1.858,-0.81860153715629,-0.33584445967269,0.011842003923076,-0.014049846526846
1.85825,-0.82307401004275,-0.32765618469468,0.01216563690159,-0.014177412865291
1.8585,-0.82741722897988,-0.3194453637462,0.012482099805137,-0.014311451034945
1.85875,-0.83163281249388,-0.31121372278403,0.012791438618134,-0.014451731185176
1.859,-0.83572234904029,-0.30296292169344,0.013093700922888,-0.014598030926577
1.85925,-0.83968739715305,-0.29469455740465,0.013388935715966,-0.014750135063288
1.8595,-0.84352948564926,-0.28641016685944,0.013677193238311,-0.01490783533417
1.85975,-0.84725011388321,-0.27811122983505,0.01395852481815,-0.0150709301627
1.86,-0.85085075204383,-0.26979917163149,0.01423298272583,-0.015239224415376
1.86025,-0.85433284149006,-0.26147536562889,0.014500620039771,-0.015412529168464
1.8605,-0.85769779511961,-0.25314113572082,0.014761490522774,-0.015590661482873
1.86075,-0.86094699776619,-0.24479775862942,0.015015648507964,-0.015773444186962
1.861,-0.86408180662168,-0.23644646610775,0.015263148793727,-0.01596070566706
1.86125,-0.86710355167917,-0.22808844703504,0.015504046546986,-0.01615227966549
1.8615,-0.87001353619392,-0.21972484940958,0.015738397214275,-0.016348005085875
1.86175,-0.87281303715899,-0.21135678224429,0.01596625644004,-0.016547725805513
1.862,-0.87550330579293,-0.20298531736976,0.016187679991684,-0.016751290494599
1.86225,-0.87808556803723,-0.19461149114882,0.016402723690865,-0.01695855244209
1.8625,-0.88056102506102,-0.18623630610741,0.016611443350633,-0.017169369387975
1.86275,-0.88293085377132,-0.17786073248539,0.016813894717966,-0.017383603361772
1.863,-0.88519620732703,-0.16948570971129,0.017010133421353,-0.017601120527011
1.86325,-0.88735821565486,-0.16111214780479,0.017200214923041,-0.017821791031521
1.8635,-0.88941798596611,-0.15274092871024,0.017384194475635,-0.018045488863314
1.86375,-0.89137660327267,-0.14437290756476,0.017562127082727,-0.018272091711862
1.864,-0.89323513090146,-0.13600891390389,0.017734067463266,-0.018501480834592
1.86425,-0.89499461100609,-0.12764975280804,0.017900070019409,-0.018733540928393
1.8645,-0.89665606507489,-0.1192962059925,0.018060188807592,-0.018968160005972
1.86475,-0.89822049443464,-0.11094903284365,0.018214477512592,-0.019205229276869
1.865,-0.89968888074924,-0.10260897140429,0.018362989424356,-0.019444643032962
1.86525,-0.90106218651267,-0.09427673931018,0.018505777417405,-0.019686298538303
1.8655,-0.90234135553604,-0.085953034680439,0.018642893932609,-0.01993009592311
1.86575,-0.90352731342777,-0.077638536963928,0.018774390961169,-0.020175938081777
1.866,-0.90462096806712,-0.069333907743768,0.018900320030632,-0.020423730574728
1.86625,-0.90562321007033,-0.061039791501986,0.019020732192794,-0.020673381533995
1.8665,-0.9065349132494,-0.052756816346247,0.019135678013344,-0.020924801572353
1.86675,-0.90735693506306,-0.044485594700513,0.019245207563112,-0.021177903695895
1.867,-0.90809011706008,-0.036226723961332,0.01934937041081,-0.021432603219905
1.86725,-0.90873528531454,-0.027980787121427,0.019448215617134,-0.021688817687909
1.8675,-0.90929325085321,-0.019748353362157,0.019541791730136,-0.021946466793776
1.86775,-0.90976481007471,-0.01152997861635,0.019630146781757,-0.022205472306749
1.868,-0.91015074516085,-0.0033262061029359,0.019713328285425,-0.022465757999306
1.86825,-0.91045182447988,0.0048624331654052,0.019791383234644,-0.022727249577725
1.8685,-0.91066880298168,0.013035419899902,0.019864358102483,-0.022989874615259
1.86875,-0.91080242258524,0.021192246078106,0.019932298841894,-0.023253562487814
1.869,-0.91085341255816,0.029332414509079,0.019995250886785,-0.023518244312039
1.86925,-0.91082248988865,0.037455438420984,0.020053259153798,-0.023783852885722
1.8695,-0.91071035964981,0.04556084106952,0.020106368044709,-0.024050322630422
1.86975,-0.91051771535665,0.053648155366507,0.020154621449419,-0.024317589536229
1.87,-0.91024523931571,0.061716923527376,0.020198062749458,-0.024585591108584
1.87025,-0.90989360296798,0.069766696737079,0.020236734821982,-0.02485426631707
1.8705,-0.90946346722433,0.077797034832858,0.020270680044192,-0.025123555546105
1.87075,-0.90895548279487,0.085807506003865,0.020299940298155,-0.025393400547457
1.871,-0.90837029051151,0.09379768650615,0.020324556975971,-0.025663744394518
1.87125,-0.9077085216443,0.10176716039259,0.020344570985266,-0.025934531438252
1.8715,-0.90697079821186,0.10971551925694,0.020360022754961,-0.026205707264774
1.87175,-0.90615773328586,0.11764236199129,0.020370952241303,-0.026477218654486
1.872,-0.90526993129007,0.12554729455623,0.020377398934121,-0.026749013542706
1.87225,-0.90430798829408,0.1334299297632,0.020379401863275,-0.02702104098174
1.8725,-0.9032724923018,0.14128988706798,0.020376999605292,-0.027293251104335
1.87275,-0.90216402353545,0.14912679237532,0.02037023029014,-0.027565595088471
1.873,-0.90098315471469,0.15694027785355,0.020359131608148,-0.027838025123425
1.87325,-0.89973045133171,0.16472998175884,0.02034374081703,-0.02811049437707
1.8735,-0.89840647192209,0.17249554826856,0.020324094749003,-0.028382956964359
1.87375,-0.8970117683321,0.1802366273231,0.02030022981799,-0.028655367916944
1.874,-0.89554688598236,0.18795287447538,0.020272182026881,-0.028927683153896
1.87425,-0.89401236412827,0.19564395074802,0.020239986974844,-0.029199859453477
1.8745,-0.89240873611776,0.20330952249726,0.020203679864671,-0.029471854425923
1.87475,-0.89073652964577,0.21094926128274,0.020163295510156,-0.029743626487208
1.875,-0.888996267007,0.2185628437437,0.020118868343475,-0.030015134833743
1.87525,-0.88718846534587,0.22614995147957,0.020070432422578,-0.030286339417983
1.8755,-0.88531363690491,0.23371027093582,0.020018021438577,-0.0305572009249
1.87575,-0.88337228927132,0.24124349329338,0.01996166872311,-0.030827680749292
1.876,-0.88136492562218,0.24874931436182,0.019901407255694,-0.031097740973907
1.87625,-0.87929204496816,0.25622743447532,0.019837269671049,-0.031367344348335
1.8765,-0.87715414239656,0.26367755839093,0.019769288266379,-0.031636454268648
1.87675,-0.87495170931328,0.27109939518863,0.01969749500862,-0.031905034757765
1.877,-0.87268523368407,0.27849265817237,0.019621921541642,-0.032173050446506
1.87725,-0.87035520027553,0.28585706477167,0.019542599193398,-0.032440466555314
1.8775,-0.86796209089534,0.2931923364429,0.019459558983018,-0.032707248876625
1.87775,-0.86550638463256,0.30049819856986,0.019372831627848,-0.032973363757852
1.878,-0.86298855809739,0.3077743803626,0.019282447550423,-0.033238778084971
1.87825,-0.86040908566089,0.31502061475417,0.019188436885379,-0.033503459266682
1.8785,-0.85776843969445,0.3222366382943,0.019090829486295,-0.033767375219123
1.87875,-0.85506709080886,0.32942219103932,0.018989654932463,-0.034030494351123
1.879,-0.85230550809306,0.33657701643755,0.018884942535591,-0.034292785549967
1.87925,-0.8494841593523,0.34370086120957,0.018776721346425,-0.03455421816766
1.8795,-0.84660351134546,0.35079347522224,0.018665020161305,-0.034814762007674
1.87975,-0.84366403002127,0.35785461135593,0.018549867528631,-0.035074387312156
1.88,-0.84066618075289,0.36488402536405,0.018431291755263,-0.035333064749579
1.88025,-0.83761042857084,0.37188147572403,0.018309320912834,-0.035590765402827
1.8805,-0.83449723839297,0.378846723479,0.018183982843987,-0.035847460757702
1.88075,-0.83132707525175,0.38577953206942,0.018055305168529,-0.036103122691819
1.881,-0.82810040451721,0.39267966715367,0.017923315289506,-0.036357723463903
1.88125,-0.82481769211553,0.39954689641708,0.017788040399193,-0.036611235703446
1.8815,-0.82147940474149,0.40638098936852,0.017649507485007,-0.036863632400741
1.88175,-0.81808601006454,0.41318171712394,0.017507743335336,-0.03711488689725
1.882,-0.81463797692657,0.41994885217616,0.017362774545287,-0.037364972876318
1.88225,-0.81113577553051,0.42668216815072,0.01721462752235,-0.037613864354212
1.8825,-0.80757987761812,0.43338143954674,0.017063328491985,-0.037861535671469
1.88275,-0.80397075663544,0.44004644146299,0.016908903503121,-0.038107961484556
1.883,-0.80030888788415,0.44667694930886,0.016751378433588,-0.03835311675782
1.88325,-0.79659474865731,0.45327273849993,0.016590778995449,-0.03859697675572
1.8835,-0.79282881835693,0.45983358413857,0.016427130740271,-0.038839517035338
1.88375,-0.78901157859226,0.46635926067978,0.016260459064304,-0.039080713439153
1.884,-0.78514351325562,0.47284954158263,0.016090789213591,-0.039320542088074
1.88425,-0.78122510857469,0.4793041989485,0.01591814628899,-0.039558979374722
1.8845,-0.77725685313795,0.48572300314655,0.015742555251125,-0.03979600195695
1.88475,-0.77323923789195,0.4921057224283,0.015564040925264,-0.040031586751595
1.885,-0.76917275610752,0.49845212253273,0.015382628006111,-0.040265710928466
1.88525,-0.76505790331288,0.50476196628356,0.015198341062531,-0.040498351904532
1.8855,-0.76089517719169,0.51103501318153,0.015011204542198,-0.040729487338343
1.88575,-0.75668507744367,0.51727101899385,0.014821242776168,-0.040959095124634
1.886,-0.75242810560616,0.52346973534395,0.014628479983383,-0.041187153389146
1.88625,-0.7481247648349,0.52963090930499,0.014432940275102,-0.041413640483628
1.8865,-0.74377555964256,0.53575428300056,0.014234647659254,-0.041638534981029
1.88675,-0.73938099559406,0.54183959321676,0.014033626044735,-0.04186181567087
1.887,-0.73494157895787,0.54788657102997,0.013829899245621,-0.042083461554792
1.88725,-0.73045781631319,0.55389494145486,0.013623490985322,-0.042303451842274
1.8875,-0.72593021411302,0.55986442311761,0.013414424900665,-0.042521765946514
1.88775,-0.72135927820417,0.56579472795924,0.013202724545909,-0.042738383480468
1.888,-0.71674551330539,0.57168556097443,0.012988413396699,-0.042953284253054
1.88825,-0.71208942244576,0.57753661999095,0.012771514853945,-0.043166448265492
1.8885,-0.70739150636612,0.58334759549502,0.012552052247651,-0.043377855707799
1.88875,-0.70265226288675,0.58911817050764,0.012330048840667,-0.043587486955429
1.889,-0.69787218624571,0.59484802051701,0.012105527832385,-0.043795322566041
1.88925,-0.69305176641268,0.60053681347146,0.011878512362375,-0.044001343276405
1.8895,-0.68819148838367,0.60618420983721,0.011649025513953,-0.044205529999446
1.88975,-0.6832918314632,0.6117898627246,0.011417090317695,-0.044407863821399
1.89,-0.67835326854075,0.61735341808592,0.011182729754891,-0.044608325999099
1.89025,-0.67337626536896,0.62287451498695,0.010945966760935,-0.044806897957388
1.8905,-0.66836127985152,0.62835278595385,0.010706824228664,-0.045003561286633
1.89075,-0.66330876134913,0.63378785739573,0.010465325011633,-0.045198297740364
1.891,-0.65821915001233,0.63917935010247,0.010221491927342,-0.045391089233015
1.89125,-0.65309287614965,0.64452687981622,0.0099753477603975,-0.045581917837781
1.8915,-0.64793035963994,0.64983005787379,0.0097269152656257,-0.045770765784567
1.89175,-0.64273200939738,0.65508849191599,0.0094762171711292,-0.045957615458049
1.892,-0.63749822289734,0.66030178665923,0.00922327618129,-0.046142449395829
1.89225,-0.63222938577083,0.66546954472283,0.0089681149797181,-0.046325250286687
1.8925,-0.62692587147419,0.67059136750532,0.0087107562321504,-0.046506000968925
1.89275,-0.62158804104047,0.6756668561015,0.0084512225892956,-0.046684684428803
1.893,-0.61621624291763,0.68069561225109,0.0081895366896274,-0.046861283799068
1.89325,-0.61081081289715,0.68567723930983,0.00792572116213,-0.047035782357564
1.8935,-0.60537207413645,0.69061134323228,0.0076597986289892,-0.047208163525927
1.89375,-0.59990033727613,0.69549753355634,0.0073917917082381,-0.047378410868366
1.894,-0.59439590065231,0.70033542437826,0.0071217230163512,-0.047546508090524
1.89425,-0.58885905060304,0.70512463530775,0.0068496151707894,-0.047712439038411
1.8945,-0.58329006186593,0.70986479239254,0.0065754907925004,-0.047876187697423
1.89475,-0.57768919806299,0.71455552900227,0.0062993725083672,-0.048037738191429
1.895,-0.57205671226752,0.71919648666255,0.006021282953613,-0.048197074781934
1.89525,-0.56639284764766,0.72378731582951,0.0057412447741579,-0.048354181867309
1.8955,-0.56069783817695,0.72832767659861,0.0054592806289281,-0.0485090439821
1.89575,-0.5549719094061,0.73281723933913,0.0051754131921229,-0.048661645796391
1.896,-0.54921527928605,0.73725568525023,0.0048896651554331,-0.048811972115245
1.89625,-0.54342815903167,0.74164270683335,0.0046020592302145,-0.048960007878207
1.8965,-0.53761075401849,0.74597800827816,0.0043126181496194,-0.049105738158863
1.89675,-0.53176326470053,0.75026130576025,0.0040213646706814,-0.049249148164473
1.897,-0.52588588753988,0.75449232765014,0.0037283215763558,-0.049390223235657
1.89725,-0.51997881593885,0.75867081463412,0.0034335116775198,-0.049528948846138
1.8975,-0.51404224116411,0.76279651974897,0.0031369578149243,-0.049665310602548
1.89775,-0.50807635325492,0.76686920833372,0.0028386828611078,-0.049799294244291
1.898,-0.50208134190612,0.77088865790227,0.0025387097222638,-0.049930885643456
1.89825,-0.49605739731977,0.77485465794164,0.0022370613400667,-0.050060070804789
1.8985,-0.49000471101721,0.77876700964161,0.0019337606934572,-0.050186835865714
1.89875,-0.483923476607,0.78262552556175,0.0016288308003824,-0.05031116709641
1.899,-0.4778138905027,0.78643002924276,0.0013222947194975,-0.050433050899934
1.89925,-0.47167615258786,0.79018035476853,0.0010141755518235,-0.050552473812397
1.8995,-0.46551046682416,0.79387634628646,0.00070449644236397,-0.05066942250319
1.89975,-0.45931704180122,0.79751785749269,0.00039328058168169,-0.05078388377525
1.9,-0.45309609122684,0.80110475108976,8.0551207433153e-05,-0.050895844565378
1.90025,-0.44684783435699,0.80463689822356,-0.00023366839413823,-0.051005291944606
1.9005,-0.44057249636673,0.8081141779052,-0.00054935488674793,-0.051112213118598
1.90075,-0.43427030866217,0.81153647642556,-0.00086648488265813,-0.051216595428105
1.901,-0.42794150913601,0.81490368676697,-0.0011850349413071,-0.051318426349455
1.90125,-0.42158634236864,0.81821570801804,-0.0015049815679751,-0.051417693495091
1.9015,-0.41520505977725,0.82147244479662,-0.0018263012124961,-0.051514384614143
1.90175,-0.40879791971652,0.82467380668438,-0.0021489702680043,-0.051608487593044
1.902,-0.40236518753358,0.82781970767774,-0.0024729650697245,-0.051699990456185
1.90225,-0.39590713558121,0.83091006565812,-0.0027982618938021,-0.051788881366609
1.9025,-0.389424043193,0.83394480188356,-0.0031248369561702,-0.051875148626735
1.90275,-0.38291619662368,0.83692384050525,-0.0034526664114619,-0.051958780679133
1.903,-0.37638388895893,0.83984710810936,-0.0037817263519569,-0.052039766107316
1.90325,-0.36982741999796,0.84271453328616,-0.0041119928065717,-0.052118093636585
1.9035,-0.36324709611244,0.84552604622786,-0.0044434417398901,-0.052193752134893
1.90375,-0.3566432300859,0.84828157835385,-0.0047760490512299,-0.052266730613755
1.904,-0.35001614093568,0.85098106196605,-0.0051097905737535,-0.05233701822918
1.90425,-0.34336615372164,0.85362442993195,-0.0054446420736168,-0.052404604282642
1.9045,-0.33669359934418,0.856211615396,-0.005780579249157,-0.052469478222078
1.90475,-0.32999881433419,0.85874255151904,-0.0061175777301223,-0.052531629642917
1.905,-0.32328214063742,0.86121717124387,-0.0064556130769411,-0.052591048289143
1.90525,-0.3165439253958,0.86363540708712,-0.0067946607800294,-0.052647724054377
1.9055,-0.30978452072748,0.86599719095537,-0.0071346962591415,-0.052701646982998
1.90575,-0.30300428350743,0.86830245398506,-0.0074756948627578,-0.052752807271284
1.906,-0.29620357515051,0.87055112640438,-0.007817631867514,-0.052801195268582
1.90625,-0.28938276139797,0.87274313741628,-0.0081604824776721,-0.052846801478505
1.9065,-0.28254221210937,0.87487841510052,-0.0085042218246282,-0.052889616560152
1.90675,-0.2756823010597,0.87695688633459,-0.0088488249664647,-0.052929631329354
1.907,-0.26880340574412,0.87897847673065,-0.009194266887539,-0.052966836759943
1.90725,-0.26190590718959,0.88094311058888,-0.0095405224981157,-0.053001223985046
1.9075,-0.25499018977514,0.8828507108642,-0.0098875666340394,-0.053032784298396
1.90775,-0.24805664106054,0.88470119914634,-0.010235374056445,-0.053061509155673
1.908,-0.24110565162363,0.88649449565192,-0.010583919451512,-0.053087390175859
1.90825,-0.23413761490721,0.88823051922656,-0.010933177430261,-0.053110419142617
1.9085,-0.22715292707495,0.88990918735713,-0.011283122528384,-0.053130588005687
1.90875,-0.22015198687651,0.89153041619209,-0.011633729206126,-0.053147888882302
1.909,-0.21313519552221,0.89309412056969,-0.011984971848199,-0.053162314058624
1.90925,-0.20610295656666,0.89460021405265,-0.012336824763741,-0.053173855991197
1.9095,-0.19905567580154,0.89604860896874,-0.012689262186318,-0.053182507308411
1.90975,-0.19199376115736,0.89743921645654,-0.013042258273965,-0.05318826081199
1.91,-0.18491762261352,0.89877194651552,-0.013395787109268,-0.053191109478493
1.91025,-0.1778276721172,0.90004670805983,-0.013749822699491,-0.053191046460826
1.9105,-0.17072432351009,0.90126340897525,-0.01410433897674,-0.053188065089773
1.91075,-0.163607992463,0.90242195617885,-0.014459309798176,-0.053182158875537
1.911,-0.15647909641809,0.90352225568073,-0.014814708946259,-0.053173321509295
1.91125,-0.14933805453816,0.90456421264759,-0.01517051012905,-0.053161546864762
1.9115,-0.14218528766293,0.90554773146751,-0.015526686980537,-0.053146828999771
1.91175,-0.13502121827188,0.90647271581585,-0.015883213061019,-0.05312916215786
1.912,-0.12784627045327,0.90733906872183,-0.01624006185752,-0.05310854076987
1.91225,-0.12066086987909,0.9081466926356,-0.016597206784259,-0.053084959455547
1.9125,-0.11346544378565,0.90889548949556,-0.016954621183145,-0.053058413025165
1.91275,-0.10626042095947,0.90958536079563,-0.017312278324335,-0.053028896481136
1.913,-0.099046231728101,0.91021620765259,-0.017670151406815,-0.052996405019649
1.91325,-0.091823307955727,0.91078793087299,-0.018028213559039,-0.052960934032299
1.9135,-0.084592083043133,0.91130043101984,-0.018386437839605,-0.052922479107727
1.91375,-0.077352991931852,0.91175360847876,-0.018744797237969,-0.052881036033265
1.914,-0.070106471112177,0.91214736352371,-0.019103264675214,-0.052836600796581
1.91425,-0.062852958634882,0.91248159638209,-0.019461813004849,-0.052789169587333
1.9145,-0.055592894126258,0.91275620729927,-0.019820415013663,-0.052738738798819
1.91475,-0.048326718806353,0.91297109660252,-0.020179043422613,-0.052685305029631
1.915,-0.041054875510228,0.9131261647643,-0.020537670887759,-0.05262886508531
1.91525,-0.033777808711916,0.91322131246498,-0.020896270001242,-0.052569415979998
1.9155,-0.026495964550884,0.91325644065488,-0.02125481329231,-0.052506954938094
1.91575,-0.019209790861034,0.91323145061585,-0.021613273228377,-0.052441479395902
1.916,-0.011919737201751,0.91314624402218,-0.021971622216134,-0.052372987003282
1.91625,-0.0046262548910339,0.91300072300115,-0.022329832602699,-0.052301475625294
1.9165,0.0026702029594296,0.91279479019302,-0.022687876676816,-0.052226943343836
1.91675,0.0099691814075608,0.91252834881063,-0.023045726670088,-0.052149388459284
1.917,0.017270223642487,0.91220130269869,-0.02340335475826,-0.052068809492119
1.91725,0.024572870944745,0.91181355639276,-0.023760733062548,-0.05198520518455
1.9175,0.031876662645129,0.91136501517793,-0.024117833651001,-0.051898574502129
1.91775,0.039181136082261,0.91085558514747,-0.024474628539916,-0.05180891663536
1.918,0.046485826559134,0.91028517326119,-0.024831089695293,-0.051716231001293
1.91825,0.05379026729855,0.90965368740396,-0.025187189034329,-0.051620517245116
1.9185,0.061093989397697,0.90896103644408,-0.02554289842696,-0.051521775241725
1.91875,0.068396521781918,0.90820713029187,-0.025898189697448,-0.051420005097295
1.919,0.075697391157672,0.90739187995835,-0.026253034626002,-0.051315207150831
1.91925,0.082996121964918,0.9065151976142,-0.026607404950447,-0.051207381975701
1.9195,0.090292236328909,0.90557699664901,-0.02696127236794,-0.051096530381167
1.91975,0.097585254011434,0.90457719173088,-0.027314608536719,-0.050982653413891
1.92,0.10487469236171,0.90351569886651,-0.0276673850779,-0.050865752359425
1.92025,0.11216006626688,0.90239243546172,-0.028019573577316,-0.050745828743691
1.9205,0.11944088810221,0.90120732038265,-0.028371145587395,-0.050622884334436
1.92075,0.1267166676811,0.89996027401746,-0.028722072629085,-0.050496921142673
1.921,0.13398691220485,0.8986512183389,-0.029072326193811,-0.050367941424097
1.92125,0.14125112621241,0.89728007696755,-0.029421877745483,-0.050235947680488
1.9215,0.14850881153003,0.89584677523589,-0.029770698722541,-0.050100942661083
1.92175,0.15575946722091,0.89435124025327,-0.030118760540041,-0.049962929363939
1.922,0.16300258953493,0.89279340097192,-0.030466034591777,-0.049821911037255
1.92225,0.17023767185848,0.89117318825389,-0.030812492252454,-0.049677891180686
1.9225,0.17746420466447,0.88949053493907,-0.031158104879887,-0.049530873546626
1.92275,0.18468167546254,0.88774537591438,-0.031502843817252,-0.049380862141462
1.923,0.19188956874957,0.88593764818413,-0.031846680395372,-0.049227861226803
1.92325,0.19908736596044,0.88406729094165,-0.032189585935032,-0.049071875320687
1.9235,0.20627454541928,0.88213424564218,-0.032531531749352,-0.048912909198753
1.92375,0.21345058229099,0.88013845607707,-0.032872489146182,-0.04875096789538
1.924,0.2206149485334,0.87807986844958,-0.033212429430536,-0.04858605670481
1.92425,0.22776711284978,0.87595843145182,-0.033551323907078,-0.048418181182224
1.9245,0.23490654064206,0.87377409634345,-0.033889143882623,-0.048247347144796
1.92475,0.24203269396467,0.87152681703184,-0.034225860668693,-0.048073560672709
1.925,0.24914503147888,0.86921655015375,-0.034561445584097,-0.047896828110138
1.92525,0.25624300840815,0.86684325515872,-0.034895869957552,-0.047717156066202
1.9255,0.26332607649407,0.86440689439414,-0.03522910513034,-0.047534551415875
1.92575,0.27039368395316,0.861907433192,-0.035561122458993,-0.047349021300862
1.926,0.27744527543469,0.85934483995741,-0.035891893318019,-0.047160573130442
1.92625,0.28448029197922,0.8567190862589,-0.036221389102657,-0.046969214582266
1.9265,0.29149817097842,0.85403014692061,-0.036549581231665,-0.04677495360312
1.92675,0.2984983461358,0.85127800011623,-0.036876441150144,-0.046577798409645
1.927,0.30548024742853,0.84846262746493,-0.037201940332387,-0.046377757489025
1.92725,0.31244330107058,0.84558401412928,-0.037526050284763,-0.046174839599619
1.9275,0.31938692947703,0.8426421489149,-0.037848742548632,-0.045969053771561
1.92775,0.3263105512297,0.83963702437236,-0.038169988703287,-0.045760409307316
1.928,0.33321358104418,0.83656863690094,-0.038489760368924,-0.045548915782188
1.92825,0.34009542973828,0.83343698685447,-0.038808029209648,-0.045334583044783
1.9285,0.346955504202,0.83024207864924,-0.03912476693649,-0.045117421217433
1.92875,0.35379320736917,0.82698392087399,-0.039439945310473,-0.044897440696563
1.929,0.36060793819053,0.823662526402,-0.039753536145682,-0.04467465215302
1.92925,0.36739909160878,0.8202779125053,-0.040065511312372,-0.04444906653235
1.9295,0.37416605853528,0.81683010097104,-0.040375842740101,-0.044220695055022
1.92975,0.38090822582866,0.81331911821998,-0.040684502420876,-0.043989549216614
1.93,0.38762497627543,0.80974499542714,-0.040991462412335,-0.043755640787935
1.93025,0.39431568857249,0.80610776864472,-0.041296694840938,-0.043518981815107
1.9305,0.40097973731195,0.80240747892699,-0.041600171905188,-0.043279584619586
1.93075,0.40761649296795,0.7986441724576,-0.041901865878869,-0.043037461798139
1.931,0.41422532188586,0.79481790067891,-0.042201749114302,-0.042792626222762
1.93125,0.42080558627385,0.79092872042365,-0.042499794045621,-0.042545091040545
1.9315,0.42735664419684,0.78697669404857,-0.042795973192066,-0.042294869673486
1.93175,0.43387784957305,0.78296188957047,-0.043090259161289,-0.042041975818245
1.932,0.44036855217308,0.77888438080427,-0.043382624652678,-0.041786423445847
1.93225,0.4468280976219,0.77474424750333,-0.043673042460701,-0.041528226801322
1.9325,0.45325582740339,0.77054157550187,-0.04396148547825,-0.041267400403296
1.93275,0.45965107886802,0.76627645685951,-0.044247926700008,-0.041003959043517
1.933,0.46601318524334,0.76194899000798,-0.044532339225824,-0.040737917786332
1.93325,0.47234147564771,0.75755927989991,-0.044814696264098,-0.040469291968091
1.9335,0.47863527510714,0.75310743815961,-0.045094971135174,-0.040198097196506
1.93375,0.48489390457544,0.74859358323605,-0.045373137274742,-0.039924349349946
1.934,0.49111668095777,0.74401784055768,-0.045649168237249,-0.039648064576662
1.93425,0.49730291713772,0.73938034268935,-0.045923037699311,-0.03936925929397
1.9345,0.50345192200789,0.73468122949109,-0.046194719463134,-0.039087950187353
1.93475,0.50956300050433,0.72992064827884,-0.046464187459933,-0.038804154209517
1.935,0.51563545364459,0.72509875398699,-0.046731415753364,-0.038517888579374
1.93525,0.52166857856987,0.72021570933271,-0.046996378542941,-0.03822917078097
1.9355,0.52766166859111,0.71527168498211,-0.047259050167472,-0.037938018562346
1.93575,0.53361401323915,0.71026685971797,-0.047519405108474,-0.037644449934336
1.936,0.53952489831927,0.7052014206092,-0.047777417993601,-0.037348483169306
1.93625,0.54539360596995,0.70007556318177,-0.048033063600063,-0.037050136799822
1.9365,0.55121941472611,0.69488949159124,-0.048286316858034,-0.036749429617257
1.93675,0.55700159958702,0.68964341879663,-0.048537152854067,-0.036446380670339
1.937,0.56273943208872,0.6843375667356,-0.048785546834488,-0.036141009263626
1.93725,0.56843218038134,0.67897216650102,-0.04903147420879,-0.035833334955919
1.9375,0.5740791093113,0.67354745851855,-0.049274910553015,-0.035523377558613
1.93775,0.57967948050846,0.66806369272542,-0.049515831613121,-0.035211157133981
1.938,0.58523255247847,0.66252112875007,-0.049754213308343,-0.034896693993389
1.93825,0.59073758070022,0.65692003609281,-0.049990031734536,-0.034580008695451
1.9385,0.59619381772879,0.6512606943071,-0.050223263167502,-0.034261122044117
1.93875,0.60160051330369,0.6455433931816,-0.050453884066306,-0.033940055086694
1.939,0.60695691446266,0.63976843292264,-0.050681871076567,-0.0336168291118
1.93925,0.61226226566127,0.63393612433726,-0.050907201033735,-0.033291465647257
1.9395,0.61751580889805,0.62804678901635,-0.051129850966346,-0.032963986457916
1.93975,0.62271678384567,0.62210075951809,-0.051349798099258,-0.032634413543413
1.94,0.62786442798795,0.61609837955134,-0.051567019856859,-0.032302769135866
1.94025,0.63295797676299,0.61004000415883,-0.051781493866253,-0.031969075697501
1.9405,0.63799666371245,0.60392599990026,-0.051993197960424,-0.031633355918216
1.94075,0.64297972063703,0.59775674503468,-0.052202110181367,-0.031295632713076
1.941,0.64790637775835,0.59153262970254,-0.052408208783195,-0.030955929219751
1.94125,0.65277586388721,0.58525405610676,-0.052611472235215,-0.030614268795878
1.9415,0.65758740659839,0.57892143869299,-0.052811879224972,-0.030270675016367
1.94175,0.66234023241202,0.57253520432866,-0.053009408661262,-0.029925171670639
1.942,0.66703356698164,0.56609579248077,-0.053204039677115,-0.029577782759802
1.94225,0.67166663528903,0.55960365539214,-0.053395751632735,-0.029228532493759
1.9425,0.67623866184579,0.55305925825602,-0.053584524118408,-0.028877445288261
1.94275,0.68074887090189,0.54646307938873,-0.053770336957377,-0.028524545761883
1.943,0.68519648666107,0.53981561040023,-0.053953170208673,-0.028169858732954
1.94325,0.68958073350337,0.5331173563624,-0.054133004169903,-0.027813409216413
1.9435,0.69390083621457,0.5263688359747,-0.054309819380006,-0.027455222420604
1.94375,0.69815602022285,0.51957058172711,-0.054483596621958,-0.027095323744018
1.944,0.7023455118425,0.5127231400601,-0.054654316925438,-0.026733738771963
1.94425,0.70646853852488,0.50582707152132,-0.054821961569445,-0.026370493273182
1.9445,0.71052432911652,0.49888295091882,-0.054986512084873,-0.026005613196406
1.94475,0.71451211412446,0.49189136747058,-0.055147950257034,-0.025639124666852
1.945,0.71843112598885,0.48485292495005,-0.055306258128137,-0.02527105398266
1.94525,0.72228059936276,0.47776824182745,-0.05546141799971,-0.02490142761127
1.9455,0.7260597713992,0.4706379514066,-0.055613412434982,-0.024530272185746
1.94575,0.72976788204548,0.46346270195703,-0.055762224261196,-0.024157614501039
1.946,0.73340417434463,0.45624315684091,-0.055907836571887,-0.023783481510199
1.94625,0.73696789474413,0.44897999463493,-0.05605023272909,-0.023407900320524
1.9465,0.7404582934117,0.44167390924638,-0.056189396365502,-0.023030898189665
1.94675,0.74387462455824,0.43432561002347,-0.05632531138658,-0.022652502521666
1.947,0.74721614676782,0.42693582185952,-0.05645796197259,-0.022272740862958
1.94725,0.75048212333461,0.41950528529065,-0.056587332580583,-0.021891640898301
1.9475,0.75367182260675,0.4120347565868,-0.056713407946324,-0.021509230446668
1.94775,0.75678451833705,0.4045250078357,-0.056836173086154,-0.021125537457089
1.948,0.7598194900404,0.39697682701955,-0.05695561329879,-0.020740590004433
1.94825,0.76277602335776,0.38939101808406,-0.057071714167058,-0.020354416285152
1.9485,0.76565341042671,0.38176840099959,-0.057184461559573,-0.019967044612974
1.94875,0.76845095025837,0.37410981181404,-0.057293841632337,-0.01957850341454
1.949,0.77116794912047,0.36641610269731,-0.057399840830288,-0.019188821225012
1.94925,0.77380372092656,0.35868814197681,-0.057502445888769,-0.018798026683621
1.9495,0.77635758763109,0.350926814164,-0.057601643834934,-0.018406148529179
1.94975,0.77882887963024,0.34313301997137,-0.057697421989089,-0.018013215595545
1.95,0.78121693616825,0.33530767631976,-0.057789767965954,-0.01761925680705
