1.7,0.90391537794716,0.32075147442947,-1.3838199822058e-05,2.5967745803182e-05
1.70025,0.90596533280188,0.31468411217075,-1.380685880893e-05,2.6010267178796e-05
1.7005,0.90797504523829,0.30860125422765,-1.3775246139179e-05,2.6052940537024e-05
1.70075,0.90994438392019,0.30250315710306,-1.3743359278166e-05,2.6095766317042e-05
1.701,0.91187321901795,0.29639007834428,-1.3711195663343e-05,2.613874495478e-05
1.70125,0.91376142221451,0.29026227653519,-1.3678752703893e-05,2.6181876882794e-05
1.7015,0.9156088667114,0.28412001128844,-1.3646027780363e-05,2.6225162530124e-05
1.70175,0.91741542723471,0.27796354323751,-1.3613018244289e-05,2.6268602322158e-05
1.702,0.91918098004104,0.27179313402888,-1.3579721417814e-05,2.6312196680493e-05
1.70225,0.92090540292331,0.26560904631418,-1.3546134593311e-05,2.6355946022786e-05
1.7025,0.92258857521666,0.25941154374227,-1.3512255032983e-05,2.6399850762605e-05
1.70275,0.92423037780424,0.25320089095138,-1.3478079968471e-05,2.6443911309282e-05
1.703,0.9258306931229,0.24697735356123,-1.3443606600452e-05,2.6488128067748e-05
1.70325,0.92738940516902,0.24074119816513,-1.3408832098224e-05,2.6532501438382e-05
1.7035,0.92890639950406,0.23449269232208,-1.3373753599298e-05,2.6577031816841e-05
1.70375,0.93038156326029,0.22823210454892,-1.3338368208967e-05,2.6621719593895e-05
1.704,0.93181478514634,0.22195970431236,-1.3302672999887e-05,2.6666565155256e-05
1.70425,0.93320595545274,0.21567576202117,-1.3266665011632e-05,2.6711568881402e-05
1.7045,0.93455496605749,0.20938054901819,-1.3230341250259e-05,2.6756731147396e-05
1.70475,0.93586171043148,0.2030743375725,-1.3193698687854e-05,2.6802052322702e-05
1.705,0.93712608364397,0.19675740087149,-1.3156734262079e-05,2.6847532770998e-05
1.70525,0.93834798236796,0.19043001301291,-1.3119444875705e-05,2.6893172849981e-05
1.7055,0.93952730488558,0.18409244899706,-1.3081827396145e-05,2.6938972911171e-05
1.70575,0.94066395109339,0.17774498471882,-1.3043878654971e-05,2.6984933299706e-05
1.706,0.9417578225077,0.17138789695975,-1.3005595447431e-05,2.703105435414e-05
1.70625,0.94280882226978,0.1650214633802,-1.2966974531956e-05,2.7077336406225e-05
1.7065,0.94381685515112,0.15864596251142,-1.2928012629654e-05,2.7123779780697e-05
1.70675,0.94478182755859,0.15226167374761,-1.2888706423804e-05,2.7170384795054e-05
1.707,0.94570364753959,0.1458688773381,-1.2849052559336e-05,2.7217151759328e-05
1.70725,0.94658222478713,0.13946785437935,-1.2809047642305e-05,2.7264080975851e-05
1.7075,0.94741747064496,0.13305888680713,-1.2768688239355e-05,2.7311172739016e-05
1.70775,0.94820929811257,0.12664225738861,-1.2727970877178e-05,2.7358427335038e-05
1.708,0.9489576218502,0.12021824971443,-1.2686892041957e-05,2.7405845041697e-05
1.70825,0.94966235818384,0.11378714819087,-1.2645448178807e-05,2.7453426128087e-05
1.7085,0.95032342511013,0.10734923803192,-1.2603635691205e-05,2.7501170854353e-05
1.70875,0.95094074230129,0.10090480525139,-1.2561450940406e-05,2.7549079471421e-05
1.709,0.95151423111,0.094454136655103,-1.2518890244857e-05,2.7597152220729e-05
1.70925,0.95204381457422,0.087997519832913,-1.2475949879592e-05,2.764538933394e-05
1.7095,0.95252941742201,0.081535243150927,-1.2432626075628e-05,2.7693791032657e-05
1.70975,0.95297096607632,0.075067595743598,-1.2388915019343e-05,2.7742357528131e-05
1.71,0.95336838865972,0.068594867505858,-1.2344812851842e-05,2.7791089020955e-05
1.71025,0.95372161499912,0.06211734908529,-1.2300315668321e-05,2.7839985700761e-05
1.7105,0.95403057663044,0.055635331874264,-1.2255419517413e-05,2.7889047745902e-05
1.71075,0.95429520680331,0.049149108002077,-1.2210120400525e-05,2.7938275323127e-05
1.711,0.95451544048566,0.042658970327157,-1.2164414271163e-05,2.7987668587254e-05
1.71125,0.95469121436832,0.036165212429181,-1.211829703425e-05,2.803722768083e-05
1.7115,0.95482246686958,0.029668128601302,-1.2071764545423e-05,2.8086952733784e-05
1.71175,0.95490913813977,0.023168013842301,-1.2024812610332e-05,2.8136843863073e-05
1.712,0.95495117006571,0.016665163848772,-1.1977436983909e-05,2.8186901172322e-05
1.71225,0.95494850627525,0.010159875007355,-1.192963336964e-05,2.8237124751447e-05
1.7125,0.95490109214168,0.0036524443869142,-1.1881397418819e-05,2.8287514676278e-05
1.71275,0.95480887478819,-0.00285683026925,-1.1832724729784e-05,2.8338071008172e-05
1.713,0.95467180309226,-0.0093676505511436,-1.1783610847148e-05,2.8388793793611e-05
1.71325,0.95448982769003,-0.015879717389894,-1.173405126101e-05,2.8439683063797e-05
1.7135,0.95426290098065,-0.022392731065461,-1.1684041406157e-05,2.8490738834232e-05
1.71375,0.95399097713061,-0.028906391214404,-1.1633576661249e-05,2.8541961104294e-05
1.714,0.95367401207805,-0.035420396837642,-1.1582652347988e-05,2.8593349856799e-05
1.71425,0.953311963537,-0.041934446308131,-1.1531263730278e-05,2.8644905057553e-05
1.7145,0.95290479100168,-0.04844823737862,-1.1479406013365e-05,2.8696626654894e-05
1.71475,0.95245245575067,-0.054961467189354,-1.1427074342962e-05,2.8748514579226e-05
1.715,0.95195492085116,-0.061473832275731,-1.1374263804361e-05,2.8800568742535e-05
1.71525,0.95141215116308,-0.067985028576042,-1.1320969421526e-05,2.8852789037901e-05
1.7155,0.95082411334332,-0.074494751439082,-1.1267186156173e-05,2.8905175338996e-05
1.71575,0.95019077584981,-0.081002695631836,-1.1212908906828e-05,2.8957727499568e-05
1.716,0.94951210894566,-0.08750855534714,-1.1158132507875e-05,2.9010445352916e-05
1.71625,0.94878808470324,-0.094012024211268,-1.110285172858e-05,2.906332871135e-05
1.7165,0.94801867700826,-0.10051279529157,-1.10470612721e-05,2.9116377365639e-05
1.71675,0.94720386156381,-0.10701056110411,-1.0990755774472e-05,2.9169591084451e-05
1.717,0.9463436158944,-0.11350501362118,-1.0933929803591e-05,2.9222969613771e-05
1.71725,0.94543791934995,-0.11999584427894,-1.0876577858151e-05,2.9276512676309e-05
1.7175,0.94448675310981,-0.12648274398494,-1.0818694366591e-05,2.9330219970899e-05
1.71775,0.94349010018672,-0.13296540312566,-1.0760273685998e-05,2.9384091171879e-05
1.718,0.94244794543076,-0.13944351157407,-1.0701310101003e-05,2.9438125928454e-05
1.71825,0.94136027553327,-0.14591675869711,-1.0641797822653e-05,2.9492323864048e-05
1.7185,0.94022707903082,-0.15238483336317,-1.0581730987262e-05,2.9546684575643e-05
1.71875,0.93904834630906,-0.15884742394963,-1.0521103655234e-05,2.9601207633096e-05
1.719,0.93782406960663,-0.16530421835021,-1.0459909809874e-05,2.9655892578447e-05
1.71925,0.93655424301903,-0.17175490398253,-1.0398143356168e-05,2.9710738925203e-05
1.7195,0.93523886250247,-0.17819916779543,-1.0335798119542e-05,2.9765746157611e-05
1.71975,0.93387792587772,-0.18463669627642,-1.0272867844599e-05,2.9820913729914e-05
1.72,0.93247143283392,-0.19106717545906,-1.0209346193824e-05,2.9876241065584e-05
1.72025,0.93101938493241,-0.19749029093032,-1.0145226746276e-05,2.9931727556544e-05
1.7205,0.92952178561053,-0.20390572783789,-1.0080502996241e-05,2.9987372562367e-05
1.72075,0.92797864018538,-0.21031317089754,-1.0015168351866e-05,3.0043175409458e-05
1.721,0.92638995585762,-0.21671230440038,-9.9492161337685e-06,3.0099135390217e-05
1.72125,0.92475574171524,-0.22310281222019,-9.8826395736061e-06,3.015525176218e-05
1.7215,0.92307600873728,-0.22948437782058,-9.8154318126318e-06,3.0211523747142e-05
1.72175,0.92135076979763,-0.23585668426232,-9.7475859002109e-06,3.026795053026e-05
1.722,0.9195800396687,-0.24221941421049,-9.6790947923104e-06,3.0324531259136e-05
1.72225,0.91776383502517,-0.24857224994165,-9.6099513499586e-06,3.0381265042869e-05
1.7225,0.91590217444771,-0.25491487335103,-9.540148337672e-06,3.0438150951103e-05
1.72275,0.91399507842671,-0.26124696595965,-9.4696784218496e-06,3.0495188013031e-05
1.723,0.91204256936593,-0.2675682089214,-9.3985341691356e-06,3.0552375216394e-05
1.72325,0.91004467158624,-0.27387828303016,-9.3267080447462e-06,3.0609711506448e-05
1.7235,0.90800141132929,-0.28017686872681,-9.2541924107627e-06,3.0667195784904e-05
1.72375,0.90591281676118,-0.28646364610625,-9.1809795243883e-06,3.072482690885e-05
1.724,0.90377891797618,-0.29273829492445,-9.107061536168e-06,3.0782603689647e-05
1.72425,0.90159974700038,-0.29900049460535,-9.032430488171e-06,3.0840524891792e-05
1.7245,0.89937533779537,-0.30524992424781,-8.9570783121344e-06,3.0898589231762e-05
1.72475,0.8971057262619,-0.31148626263255,-8.8809968275665e-06,3.095679537683e-05
1.725,0.89479095024358,-0.31770918822896,-8.8041777398102e-06,3.1015141943849e-05
1.72525,0.89243104953054,-0.323918379202,-8.7266126380629e-06,3.1073627498011e-05
1.7255,0.89002606586306,-0.33011351341897,-8.6482929933555e-06,3.113225055158e-05
1.72575,0.88757604293533,-0.3362942684563,-8.5692101564847e-06,3.1191009562585e-05
1.726,0.88508102639904,-0.3424603216063,-8.4893553559008e-06,3.1249902933497e-05
1.72625,0.88254106386711,-0.34861134988382,-8.4087196955497e-06,3.1308929009861e-05
1.7265,0.87995620491736,-0.35474703003298,-8.3272941526646e-06,3.1368086078908e-05
1.72675,0.87732650109617,-0.36086703853377,-8.2450695755098e-06,3.1427372368128e-05
1.727,0.87465200592223,-0.36697105160866,-8.1620366810735e-06,3.1486786043812e-05
1.72725,0.87193277489019,-0.37305874522914,-8.078186052707e-06,3.1546325209557e-05
1.7275,0.8691688654744,-0.37912979512227,-7.9935081377121e-06,3.1605987904745e-05
1.72775,0.8663603371326,-0.38518387677712,-7.907993244871e-06,3.1665772102974e-05
1.728,0.86350725130968,-0.39122066545128,-7.8216315419207e-06,3.1725675710468e-05
1.72825,0.86060967144139,-0.39723983617716,-7.7344130529677e-06,3.1785696564434e-05
1.7285,0.85766766295811,-0.40324106376843,-7.6463276558432e-06,3.1845832431397e-05
1.72875,0.8546812932886,-0.40922402282632,-7.5573650793951e-06,3.1906081005485e-05
1.729,0.85165063186379,-0.41518838774587,-7.4675149007168e-06,3.1966439906678e-05
1.72925,0.84857575012059,-0.42113383272216,-7.3767665423093e-06,3.2026906679022e-05
1.7295,0.84545672150564,-0.4270600317565,-7.2851092691762e-06,3.2087478788796e-05
1.72975,0.84229362147923,-0.43296665866255,-7.1925321858473e-06,3.2148153622638e-05
1.73,0.83908652751907,-0.43885338707247,-7.0990242333313e-06,3.2208928485634e-05
1.73025,0.83583551912421,-0.44471989044283,-7.0045741859935e-06,3.2269800599354e-05
1.7305,0.83254067781889,-0.45056584206075,-6.9091706483564e-06,3.2330767099856e-05
1.73075,0.82920208715651,-0.45639091504974,-6.812802051822e-06,3.2391825035631e-05
1.731,0.82581983272355,-0.46219478237559,-6.7154566513118e-06,3.2452971365514e-05
1.73125,0.82239400214347,-0.46797711685229,-6.6171225218223e-06,3.2514202956542e-05
1.7315,0.81892468508084,-0.47373759114771,-6.5177875548949e-06,3.2575516581765e-05
1.73175,0.81541197324524,-0.47947587778939,-6.4174394549945e-06,3.2636908918008e-05
1.732,0.81185596039537,-0.48519164917019,-6.3160657357964e-06,3.2698376543586e-05
1.73225,0.80825674234317,-0.49088457755393,-6.2136537163779e-06,3.2759915935967e-05
1.7325,0.80461441695787,-0.49655433508092,-6.1101905173102e-06,3.282152346938e-05
1.73275,0.8009290841702,-0.50220059377348,-6.0056630566484e-06,3.2883195412378e-05
1.733,0.79720084597659,-0.50782302554135,-5.9000580458177e-06,3.2944927925341e-05
1.73325,0.79342980644336,-0.51342130218713,-5.7933619853882e-06,3.3006717057931e-05
1.7335,0.78961607171106,-0.51899509541154,-5.6855611607394e-06,3.3068558746486e-05
1.73375,0.78575974999876,-0.52454407681869,-5.5766416376068e-06,3.3130448811365e-05
1.734,0.7818609516084,-0.53006791792129,-5.466589257509e-06,3.3192382954229e-05
1.73425,0.77791978892924,-0.53556629014574,-5.35538963305e-06,3.3254356755274e-05
1.7345,0.7739363764423,-0.54103886483722,-5.2430281430927e-06,3.3316365670393e-05
1.73475,0.7699108307249,-0.54648531326466,-5.1294899277998e-06,3.3378405028295e-05
1.735,0.76584327045521,-0.55190530662566,-5.0147598835357e-06,3.3440470027548e-05
1.73525,0.76173381641685,-0.55729851605137,-4.8988226576266e-06,3.3502555733576e-05
1.7355,0.75758259150364,-0.56266461261119,-4.7816626429727e-06,3.3564657075586e-05
1.73575,0.75338972072431,-0.56800326731757,-4.6632639725068e-06,3.3626768843434e-05
1.736,0.74915533120727,-0.57331415113058,-4.5436105134949e-06,3.3688885684434e-05
1.73625,0.74487955220555,-0.57859693496247,-4.4226858616726e-06,3.37510021001e-05
1.7365,0.74056251510169,-0.58385128968217,-4.3004733352103e-06,3.3813112442826e-05
1.73675,0.73620435341279,-0.58907688611965,-4.1769559685038e-06,3.3875210912501e-05
1.737,0.73180520279556,-0.59427339507029,-4.0521165057802e-06,3.3937291553064e-05
1.73725,0.72736520105149,-0.59944048729906,-3.9259373945143e-06,3.3999348248992e-05
1.7375,0.72288448813211,-0.60457783354472,-3.79840077865e-06,3.4061374721723e-05
1.73775,0.7183632061443,-0.60968510452386,-3.669488491615e-06,3.4123364526017e-05
1.738,0.71380149935568,-0.61476197093489,-3.5391820491255e-06,3.4185311046256e-05
1.73825,0.70919951420013,-0.61980810346195,-3.4074626417706e-06,3.4247207492669e-05
1.7385,0.70455739928336,-0.62482317277872,-3.2743111273676e-06,3.430904689751e-05
1.73875,0.69987530538858,-0.6298068495521,-3.1397080230822e-06,3.4370822111156e-05
1.739,0.69515338548232,-0.63475880444589,-3.0036334973004e-06,3.4432525798159e-05
1.73925,0.69039179472023,-0.63967870812431,-2.8660673612458e-06,3.4494150433224e-05
1.7395,0.68559069045316,-0.64456623125539,-2.7269890603314e-06,3.4555688297133e-05
1.73975,0.68075023223316,-0.64942104451438,-2.5863776652353e-06,3.461713147261e-05
1.74,0.67587058181974,-0.65424281858696,-2.4442118626881e-06,3.4678471840129e-05
1.74025,0.67095190318616,-0.65903122417241,-2.3004699459639e-06,3.4739701073665e-05
1.7405,0.66599436252588,-0.66378593198662,-2.1551298050596e-06,3.4800810636391e-05
1.74075,0.66099812825909,-0.66850661276506,-2.0081689165519e-06,3.486179177633e-05
1.741,0.65596337103947,-0.67319293726562,-1.8595643331191e-06,3.4922635521951e-05
1.74125,0.6508902637609,-0.67784457627133,-1.7092926727121e-06,3.4983332677728e-05
1.7415,0.64577898156452,-0.68246120059301,-1.5573301073636e-06,3.5043873819653e-05
1.74175,0.64062970184574,-0.68704248107174,-1.4036523516182e-06,3.5104249290717e-05
1.742,0.63544260426155,-0.69158808858135,-1.2482346505674e-06,3.516444919635e-05
1.74225,0.63021787073785,-0.6960976940306,-1.0910517674765e-06,3.5224463399845e-05
1.7425,0.62495568547702,-0.70057096836549,-9.320779709822e-07,3.5284281517753e-05
1.74275,0.61965623496564,-0.70500758257123,-7.7128702184679e-07,3.5343892915262e-05
1.743,0.61431970798234,-0.70940720767422,-6.0865215924758e-07,3.5403286701577e-05
1.74325,0.6089462956058,-0.7137695147439,-4.4414608658313e-07,3.5462451725288e-05
1.7435,0.60353619122303,-0.71809417489443,-2.7774095677715e-07,3.5521376569755e-05
1.74375,0.59808959053771,-0.72238085928629,-1.0940835705642e-07,3.5580049548505e-05
1.744,0.59260669157878,-0.72662923912776,6.0880706818492e-08,3.5638458700661e-05
1.74425,0.58708769470922,-0.73083898567623,2.3315582689142e-07,3.5696591786409e-05
1.7445,0.581532802635,-0.73500977023942,4.0744720994585e-07,3.5754436282517e-05
1.74475,0.57594222041426,-0.73914126417647,5.8378569505819e-07,3.5811979377922e-05
1.745,0.5703161554667,-0.74323313889891,7.6220277179953e-07,3.5869207969392e-05
1.74525,0.56465481758314,-0.74728506587144,9.4273059911229e-07,3.5926108657297e-05
1.7455,0.55895841893537,-0.75129671661263,1.1254020248893e-06,3.5982667741481e-05
1.74575,0.55322717408619,-0.75526776269547,1.3102506062891e-06,3.6038871217285e-05
1.746,0.5474612999997,-0.75919787574783,1.4973106308169e-06,3.6094704771716e-05
1.74625,0.54166101605181,-0.76308672745264,1.6866171382044e-06,3.6150153779801e-05
1.7465,0.53582654404103,-0.7669339895481,1.8782059431253e-06,3.6205203301149e-05
1.74675,0.52995810819953,-0.77073933382766,2.0721136587796e-06,3.6259838076746e-05
1.747,0.52405593520442,-0.77450243213981,2.2683777213878e-06,3.6314042526016e-05
1.74725,0.51812025418929,-0.77822295638788,2.4670364156332e-06,3.6367800744182e-05
1.7475,0.51215129675618,-0.7819005785295,2.6681289010914e-06,3.6421096499961e-05
1.74775,0.50614929698761,-0.78553497057607,2.8716952396937e-06,3.6473913233635e-05
1.748,0.50011449145911,-0.78912580459198,3.0777764242677e-06,3.6526234055537e-05
1.74825,0.49404711925194,-0.79267275269374,3.2864144081989e-06,3.6578041745012e-05
1.7485,0.48794742196619,-0.7961754870489,3.4976521362676e-06,3.6629318749877e-05
1.74875,0.48181564373415,-0.79963367987489,3.7115335767048e-06,3.668004718647e-05
1.749,0.47565203123409,-0.80304700343761,3.9281037545258e-06,3.6730208840323e-05
1.74925,0.46945683370431,-0.80641513004997,4.1474087861918e-06,3.6779785167525e-05
1.7495,0.46323030295757,-0.80973773207016,4.3694959156561e-06,3.6828757296871e-05
1.74975,0.45697269339596,-0.81301448189984,4.5944135518559e-06,3.6877106032841e-05
1.75,0.45068426202599,-0.81624505198215,4.8222113077082e-06,3.6924811859516e-05
1.75025,0.44436526847424,-0.81942911479953,5.0529400406711e-06,3.6971854945514e-05
1.7505,0.43801597500326,-0.82256634287142,5.2866518949386e-06,3.7018215150047e-05
1.75075,0.43163664652802,-0.82565640875173,5.5234003453307e-06,3.7063872030205e-05
1.751,0.42522755063264,-0.82869898502624,5.7632402429498e-06,3.7108804849579e-05
1.75125,0.41878895758768,-0.83169374430973,6.0062278626738e-06,3.7152992588364e-05
1.7515,0.4123211403678,-0.83464035924302,6.2524209525529e-06,3.7196413955067e-05
1.75175,0.40582437466988,-0.83753850248979,6.5018787851881e-06,3.7239047399963e-05
1.752,0.39929893893167,-0.84038784673327,6.7546622111622e-06,3.7280871130484e-05
1.75225,0.39274511435089,-0.84318806467273,7.0108337145979e-06,3.7321863128691e-05
1.7525,0.38616318490476,-0.8459388290198,7.2704574709206e-06,3.7362001171033e-05
1.75275,0.37955343737023,-0.84863981249466,7.5335994068977e-06,3.7401262850599e-05
1.753,0.37291616134453,-0.85129068782199,7.8003272630331e-06,3.7439625602076e-05
1.75325,0.36625164926638,-0.85389112772681,8.0707106583894e-06,3.7477066729669e-05
1.7535,0.35956019643775,-0.8564408049301,8.3448211579087e-06,3.7513563438233e-05
1.75375,0.35284210104619,-0.85893939214428,8.6227323423055e-06,3.7549092867905e-05
1.754,0.3460976641877,-0.86138656206853,8.9045198805969e-06,3.7583632132555e-05
1.75425,0.33932718989031,-0.86378198738387,9.1902616053308e-06,3.7617158362363e-05
1.7545,0.33253098513814,-0.86612534074813,9.4800375905737e-06,3.7649648750908e-05
1.75475,0.32570935989629,-0.86841629479075,9.7739302327027e-06,3.768108060715e-05
1.755,0.31886262713622,-0.87065452210735,1.0072024334046e-05,3.7711431412723e-05
1.75525,0.3119911028619,-0.87283969525423,1.0374407189403e-05,3.7740678884998e-05
1.7555,0.30509510613665,-0.87497148674256,1.0681168675461e-05,3.7768801046416e-05
1.75575,0.29817495911068,-0.87704956903254,1.0992401343107e-05,3.7795776300614e-05
1.756,0.29123098704932,-0.87907361452734,1.1308200512626e-05,3.782158351593e-05
1.75625,0.2842635183622,-0.88104329556681,1.1628664371746e-05,3.7846202116899e-05
1.7565,0.27727288463291,-0.88295828442115,1.1953894076463e-05,3.7869612184426e-05
1.75675,0.27025942064977,-0.88481825328434,1.2283993854557e-05,3.7891794565339e-05
1.757,0.2632234644372,-0.88662287426739,1.2619071111679e-05,3.7912730992126e-05
1.75725,0.25616535728802,-0.8883718193915,1.2959236539828e-05,3.7932404213676e-05
1.7575,0.2490854437967,-0.89006476058105,1.3304604228014e-05,3.7950798137935e-05
1.75775,0.24198407189334,-0.89170136965638,1.365529177485e-05,3.796789798746e-05
1.758,0.2348615928787,-0.89328131832651,1.4011420402719e-05,3.7983690468885e-05
1.75825,0.22771836146016,-0.89480427818164,1.4373115073146e-05,3.7998163957457e-05
1.7585,0.22055473578858,-0.89626992068555,1.4740504602875e-05,3.8011308697797e-05
1.75875,0.21337107749625,-0.89767791716789,1.5113721780086e-05,3.8023117022206e-05
1.759,0.20616775173584,-0.89902793881625,1.5492903480078e-05,3.8033583587855e-05
1.75925,0.19894512722035,-0.90031965666821,1.5878190779608e-05,3.8042705634338e-05
1.7595,0.19170357626426,-0.90155274160317,1.6269729068958e-05,3.8050483263116e-05
1.75975,0.18444347482566,-0.90272686433419,1.6667668160636e-05,3.8056919740523e-05
1.76,0.17716520254965,-0.90384169539955,1.7072162393445e-05,3.8062021826048e-05
1.76025,0.16986914281289,-0.90489690515441,1.7483370730445e-05,3.8065800127749e-05
1.7605,0.16255568276925,-0.90589216376218,1.790145684912e-05,3.8068269486717e-05
1.76075,0.15522521339691,-0.90682714118595,1.8326589221813e-05,3.8069449392613e-05
1.761,0.14787812954658,-0.90770150717979,1.8758941184173e-05,3.8069364432383e-05
1.76125,0.14051482999106,-0.90851493127995,1.919869098909e-05,3.8068044774333e-05
1.7615,0.13313571747624,-0.90926708279604,1.9646021843188e-05,3.8065526689805e-05
1.76175,0.12574119877339,-0.90995763080219,2.0101121922577e-05,3.8061853114757e-05
1.762,0.11833168473296,-0.91058624412807,2.0564184364094e-05,3.8057074253555e-05
1.76225,0.11090759033978,-0.91115259134999,2.1035407227801e-05,3.8051248227313e-05
1.7625,0.1034693347698,-0.91165634078194,2.1514993425924e-05,3.8044441769057e-05
1.76275,0.096017341448415,-0.91209716046661,2.2003150612817e-05,3.803673096794e-05
1.763,0.088552038110358,-0.91247471816649,2.2500091029902e-05,3.8028202064585e-05
1.76325,0.081073856861172,-0.91278868135488,2.3006031298743e-05,3.8018952299449e-05
1.7635,0.073583234240492,-0.91303871720709,2.3521192154677e-05,3.8009090815853e-05
1.76375,0.066080611286963,-0.91322449259157,2.4045798112495e-05,3.7998739618936e-05
1.764,0.058566433604943,-0.9133456740612,2.4580077054799e-05,3.7988034591335e-05
1.76425,0.051041151433109,-0.91340192784464,2.512425973257e-05,3.7977126565813e-05
1.7645,0.043505219714834,-0.91339291983779,2.5678579166504e-05,3.7966182454271e-05
1.76475,0.0359590981706,-0.91331831559542,2.6243269936469e-05,3.7955386431695e-05
1.765,0.028403251372326,-0.91317778032291,2.6818567345305e-05,3.7944941172423e-05
1.76525,0.020838148819738,-0.91297097886821,2.7404706441962e-05,3.7935069134769e-05
1.7655,0.013264265018902,-0.912697575714,2.8001920887735e-05,3.7926013888389e-05
1.76575,0.0056820795628077,-0.91235723497004,2.861044164818e-05,3.7918041476825e-05
1.766,-0.0019079227857342,-0.91194962036584,2.9230495492072e-05,3.7911441805365e-05
1.76625,-0.0095052520089831,-0.91147439524357,2.9862303277754e-05,3.7906530041688e-05
1.7665,-0.017109412746829,-0.91093122255132,3.0506078006272e-05,3.7903648013612e-05
1.76675,-0.024719904206885,-0.91031976483667,3.1162022619965e-05,3.7903165584731e-05
1.767,-0.032336220072181,-0.90963968424067,3.1830327524848e-05,3.7905481984597e-05
1.76725,-0.039957848406316,-0.90889064249224,3.2511167815062e-05,3.791102706553e-05
1.7675,-0.047584271555946,-0.90807230090303,3.3204700178226e-05,3.7920262452937e-05
1.76775,-0.055214966050659,-0.90718432036272,3.3911059461767e-05,3.7933682550321e-05
1.768,-0.062849402500099,-0.90622636133496,3.4630354882279e-05,3.7951815353895e-05
1.76825,-0.0704870454882,-0.90519808385376,3.5362665863076e-05,3.7975223024967e-05
1.7685,-0.078127353464612,-0.90409914752063,3.6108037489365e-05,3.8004502161059e-05
1.76875,-0.085769778633054,-0.90292921150229,3.6866475576186e-05,3.8040283699296e-05
1.769,-0.093413766836667,-0.9016879345292,3.763794135171e-05,3.8083232377962e-05
1.76925,-0.10105875744022,-0.90037497489476,3.8422345767788e-05,3.813404567469e-05
1.7695,-0.10870418320901,-0.89898999045545,3.9219543461153e-05,3.8193452132686e-05
1.76975,-0.11634947018456,-0.89753263863179,4.0029326402529e-05,3.8262208980231e-05
1.77,-0.1239940375568,-0.8960025764103,4.0851417287275e-05,3.8341098943826e-05
1.77025,-0.13163729753279,-0.89439946034643,4.1685462740217e-05,3.8430926152464e-05
1.7705,-0.13927865520189,-0.89272294656861,4.2531026428934e-05,3.853251103023e-05
1.77075,-0.14691750839712,-0.89097269078351,4.3387582203888e-05,3.864668407764e-05
1.771,-0.15455324755285,-0.88914834828239,4.4254507410021e-05,3.8774278449597e-05
1.77125,-0.16218525555851,-0.88724957394895,4.5131076542341e-05,3.8916121250628e-05
1.7715,-0.16981290760836,-0.88527602226843,4.6016455446634e-05,3.9073023486955e-05
1.77175,-0.17743557104705,-0.88322734733828,4.6909696294774e-05,3.9245768640986e-05
1.772,-0.18505260521115,-0.88110320288036,4.7809733590634e-05,3.9435099867552e-05
1.77225,-0.19266336126608,-0.87890324225487,4.8715381485511e-05,3.9641705853329e-05
1.7725,-0.20026718203891,-0.87662711847597,4.9625332699203e-05,3.9866205431389e-05
1.77275,-0.20786340184629,-0.87427448422941,5.0538159351915e-05,4.0109131101438e-05
1.773,-0.21545134631789,-0.87184499189199,5.1452316010516e-05,4.0370911672032e-05
1.77325,-0.22303033221504,-0.86933829355332,5.2366145237598e-05,4.065185431224e-05
1.7735,-0.23059966724427,-0.86675404103961,5.3277885900858e-05,4.0952126374222e-05
1.77375,-0.23815864986598,-0.86409188594003,5.4185684451521e-05,4.127173742169e-05
1.774,-0.24570656909775,-0.86135147963538,5.5087609312319e-05,4.1610521967849e-05
1.77425,-0.25324270431248,-0.85853247332958,5.5981668427754e-05,4.196812348521e-05
1.7745,-0.26076632503092,-0.85563451808376,5.6865829922852e-05,4.2343980293077e-05
1.77475,-0.26827669070868,-0.85265726485347,5.7738045693848e-05,4.2737313950881e-05
1.775,-0.27577305051743,-0.84960036452891,5.8596277619671e-05,4.3147120781523e-05
1.77525,-0.28325464312028,-0.84646346797842,5.9438525942495e-05,4.3572167113908e-05
1.7755,-0.29072069644102,-0.84324622609553,6.0262859226831e-05,4.401098876493e-05
1.77575,-0.29817042742721,-0.83994828984954,6.1067445178408e-05,4.4461895177225e-05
1.776,-0.30560304180692,-0.83656931034009,6.1850581495923e-05,4.4922978491468e-05
1.77625,-0.31301773383893,-0.83310893885561,6.2610725850198e-05,4.5392127665215e-05
1.7765,-0.32041368605628,-0.82956682693622,6.3346524044591e-05,4.586704756123e-05
1.77675,-0.32779006900295,-0.82594262644104,6.405683541434e-05,4.6345282726746e-05
1.777,-0.33514604096356,-0.82223598962025,6.4740754574582e-05,4.682424538271e-05
1.77725,-0.34248074768593,-0.81844656919214,6.5397628727347e-05,4.7301246951771e-05
1.7775,-0.34979332209616,-0.81457401842548,6.602706988358e-05,4.7773532288186e-05
1.77775,-0.3570828840064,-0.81061799122731,6.6628961540018e-05,4.8238315643961e-05
1.778,-0.36434853981471,-0.80657814223668,6.7203459562107e-05,4.8692817322454e-05
1.77825,-0.3715893821972,-0.80245412692439,6.7750987250413e-05,4.9134299939728e-05
1.7785,-0.37880448979205,-0.79824560169925,6.8272224794896e-05,4.9560103237197e-05
1.77875,-0.38599292687528,-0.79395222402108,6.8768093534941e-05,4.9967676464681e-05
1.779,-0.39315374302813,-0.78957365252086,6.9239735630282e-05,5.0354607475018e-05
1.77925,-0.40028597279581,-0.78510954712832,6.9688489898355e-05,5.0718647830754e-05
1.7795,-0.40738863533749,-0.78055956920742,7.0115864679959e-05,5.1057733408652e-05
1.77975,-0.41446073406725,-0.77592338170006,7.052350865371e-05,5.1370000186211e-05
1.78,-0.42150125628591,-0.77120064927859,7.0913180530717e-05,5.1653795093347e-05
1.78025,-0.42850917280345,-0.76639103850726,7.1286718527691e-05,5.1907682000284e-05
1.7805,-0.43548343755194,-0.76149421801337,7.1646010445447e-05,5.2130443079882e-05
1.78075,-0.44242298718869,-0.75650985866847,7.199296507864e-05,5.2321075921841e-05
1.781,-0.44932674068944,-0.75143763378012,7.2329485560718e-05,5.2478786883231e-05
1.78125,-0.45619359893157,-0.74627721929463,7.2657445114731e-05,5.2602981232771e-05
1.7815,-0.4630224442668,-0.74102829401164,7.2978665544498e-05,5.2693250686118e-05
1.78175,-0.46981214008365,-0.73569053981071,7.3294898669251e-05,5.2749358938954e-05
1.782,-0.47656153035903,-0.73026364189087,7.3607810784141e-05,5.2771225787894e-05
1.78225,-0.48326943919911,-0.72474728902354,7.3918970123333e-05,5.2758910391578e-05
1.7825,-0.48993467036918,-0.71914117381955,7.4229837214326e-05,5.2712594170859e-05
1.78275,-0.49655600681231,-0.71344499301104,7.454175794277e-05,5.263256378337e-05
1.783,-0.50313221015663,-0.70765844774878,7.4855959096256e-05,5.2519194538569e-05
1.78325,-0.50966202021126,-0.70178124391578,7.5173546122075e-05,5.2372934548978e-05
1.7835,-0.51614415445046,-0.69581309245801,7.5495502815912e-05,5.219428984504e-05
1.78375,-0.52257730748615,-0.68975370973296,7.582269265366e-05,5.1983810617384e-05
1.784,-0.52896015052841,-0.68360281787691,7.6155861484333e-05,5.174207869308e-05
1.78425,-0.53529133083408,-0.67736014519195,7.6495641316205e-05,5.1469696302665e-05
1.7845,-0.54156947114323,-0.67102542655347,7.6842554948246e-05,5.1167276152844e-05
1.78475,-0.54779316910343,-0.66459840383925,7.7197021222854e-05,5.0835432785638e-05
1.785,-0.55396099668175,-0.65807882638123,7.7559360701815e-05,5.0474775178106e-05
1.78525,-0.56007149956456,-0.65146645144074,7.7929801594115e-05,5.0085900516875e-05
1.7855,-0.56612319654482,-0.64476104470879,7.8308485790441e-05,4.9669389067782e-05
1.78575,-0.57211457889722,-0.63796238083199,7.8695474884153e-05,4.9225800052171e-05
1.786,-0.57804410974086,-0.63107024396594,7.9090756081654e-05,4.8755668436844e-05
1.78625,-0.5839102233897,-0.62408442835682,7.9494247926001e-05,4.8259502543634e-05
1.7865,-0.58971132469086,-0.61700473895285,7.9905805776174e-05,4.7737782386122e-05
1.78675,-0.59544578835073,-0.60983099204689,8.0325227000561e-05,4.7190958644692e-05
1.787,-0.60111195824919,-0.6025630159516,8.0752255857056e-05,4.6619452196133e-05
1.78725,-0.60670814674205,-0.59520065170863,8.1186588043696e-05,4.6023654120017e-05
1.7875,-0.61223263395193,-0.58774375383357,8.1627874913356e-05,4.5403926110625e-05
1.78775,-0.61768366704785,-0.58019219109801,8.2075727353696e-05,4.4760601229939e-05
1.788,-0.62305945951392,-0.57254584735074,8.2529719339645e-05,4.4093984944024e-05
1.78825,-0.62835819040736,-0.56480462237952,8.2989391170368e-05,4.3404356391621e-05
1.7885,-0.63357800360645,-0.55696843281546,8.3454252406147e-05,4.2691969840066e-05
1.78875,-0.63871700704878,-0.54903721308191,8.3923784523038e-05,4.1957056289413e-05
1.789,-0.64377327196041,-0.54101091638967,8.4397443304804e-05,4.1199825190998e-05
1.78925,-0.64874483207663,-0.53288951578085,8.4874660992534e-05,4.0420466251561e-05
1.7895,-0.6536296828549,-0.5246730052232,8.5354848212763e-05,3.9619151298334e-05
1.78975,-0.65842578068102,-0.51636140075737,8.5837395704842e-05,3.8796036184428e-05
1.79,-0.66313104206911,-0.5079547416993,8.6321675867924e-05,3.7951262717197e-05
1.79025,-0.66774334285674,-0.49945309190014,8.680704414732e-05,3.708496059524e-05
1.7905,-0.67226051739603,-0.49085654106606,8.7292840279163e-05,3.619724934223e-05
1.79075,-0.67668035774221,-0.48216520614069,8.7778389411348e-05,3.5288240227947e-05
1.791,-0.68100061284073,-0.4733792327527,8.8263003117775e-05,3.4358038168723e-05
1.79125,-0.68521898771469,-0.4644987967312,8.874598032179e-05,3.3406743601043e-05
1.7915,-0.68933314265396,-0.45552410569193,8.9226608143687e-05,3.2434454323327e-05
1.79175,-0.693340692408,-0.44645540069695,8.970416268607e-05,3.1441267301926e-05
1.792,-0.69723920538422,-0.43729295799104,9.0177909769797e-05,3.0427280438241e-05
1.79225,-0.70102620285402,-0.42803709081764,9.0647105632233e-05,2.9392594294469e-05
1.7925,-0.70469915816889,-0.41868815131762,9.1110997598563e-05,2.8337313776003e-05
1.79275,-0.70825549598911,-0.40924653251425,9.1568824735951e-05,2.726154976891e-05
1.793,-0.71169259152771,-0.39971267038734,9.201981849948e-05,2.6165420731084e-05
1.79325,-0.71500776981277,-0.39008704604041,9.2463203377924e-05,2.5049054235921e-05
1.7935,-0.71819830497127,-0.38037018796401,9.289819754661e-05,2.3912588467377e-05
1.79375,-0.72126141953795,-0.37056267439888,9.3324013533881e-05,2.2756173665331e-05
1.794,-0.72419428379303,-0.36066513580268,9.3739858906909e-05,2.1579973520124e-05
1.79425,-0.72699401513281,-0.35067825742376,9.414493698197e-05,2.038416651508e-05
1.7945,-0.72965767747753,-0.34060278198585,9.4538447563577e-05,1.9168947215708e-05
1.79475,-0.73218228072138,-0.3304395124875,9.4919587716292e-05,1.7934527504179e-05
1.795,-0.7345647802295,-0.32018931511988,9.5287552572406e-05,1.6681137757504e-05
1.79525,-0.73680207638775,-0.30985312230697,9.5641536178115e-05,1.5409027967729e-05
1.7955,-0.73889101421087,-0.29943193587196,9.5980732380245e-05,1.4118468802309e-05
1.79575,-0.74082838301546,-0.28892683033355,9.6304335755065e-05,1.2809752602643e-05
1.796,-0.7426109161646,-0.27833895633628,9.6611542580177e-05,1.1483194318715e-05
1.79625,-0.7442352908912,-0.26766954421833,9.690155184998e-05,1.013913237755e-05
1.7965,-0.74569812820792,-0.25691990772074,9.7173566334714e-05,8.7779294831855e-06
1.79675,-0.74699599291189,-0.24609144784163,9.7426793682574e-05,7.3999733457518e-06
1.797,-0.74812539369307,-0.23518565683896,9.7660447563956e-05,6.0056773371585e-06
1.79725,-0.74908278335559,-0.22420412238517,9.7873748856395e-05,4.5954810709257e-06
1.7975,-0.74986455916221,-0.21314853187701,9.8065926868332e-05,3.1698509036248e-06
1.79775,-0.75046706331239,-0.20202067690341,9.8236220599389e-05,1.7292803554619e-06
1.798,-0.75088658356543,-0.19082245787444,9.8383880034415e-05,2.7429044759717e-07
1.79825,-0.75111935402059,-0.1795558888135,9.8508167468153e-05,-1.1945700461534e-06
1.7985,-0.751161556067,-0.16822310231509,9.8608358856984e-05,-2.6767244354283e-06
1.79875,-0.75100931951686,-0.15682635466988,9.8683745193806e-05,-4.1715680392779e-06
1.799,-0.75065872393609,-0.1453680311583,9.8733633901777e-05,-5.67846820385e-06
1.79925,-0.7501058001876,-0.13385065151351,9.8757350242287e-05,-7.1967644134228e-06
1.7995,-0.74934653220315,-0.12227687555404,9.8754238732213e-05,-8.7257684961424e-06
1.79975,-0.74837685900036,-0.1106495089854,9.8723664565241e-05,-1.0264764925582e-05
1.8,-0.74719267696263,-0.098971509369855,9.8665015031743e-05,-1.181301121884e-05
1.80025,-0.74578984240053,-0.087245992262156,9.8577700931518e-05,-1.3369738431621e-05
1.8005,-0.74416417441396,-0.075476237508357,9.8461157973457e-05,-1.4934151750312e-05
1.80075,-0.74231145807542,-0.063665695704037,9.8314848156076e-05,-1.6505431180677e-05
1.801,-0.74022744795584,-0.051817994806623,9.8138261122718e-05,-1.8082732332392e-05
1.80125,-0.73790787201479,-0.039936946895932,9.7930915485157e-05,-1.9665187298152e-05
1.8015,-0.73534843587854,-0.028026555075118,9.7692360109293e-05,-2.125190562568e-05
1.80175,-0.73254482752956,-0.016091020503069,9.7422175356629e-05,-2.2841975380448e-05
1.802,-0.72949272243267,-0.0041347495477406,9.7119974275305e-05,-2.443446429646e-05
1.80225,-0.72618778912325,0.0078376389521858,9.6785403734504e-05,-2.6028421011983e-05
1.8025,-0.72262569528406,0.019821306331519,9.6418145496262e-05,-2.7622876386614e-05
1.80275,-0.71880211433809,0.031811186664931,9.6017917218843e-05,-2.9216844895578e-05
1.803,-0.71471273258495,0.043801979274272,9.5584473386128e-05,-3.0809326096742e-05
1.80325,-0.71035325690966,0.05578814119777,9.5117606157719e-05,-3.2399306165327e-05
1.8035,-0.70571942309255,0.067763879644591,9.4617146134809e-05,-3.3985759490896e-05
1.80375,-0.70080700474969,0.079723144461426,9.4082963037229e-05,-3.5567650330795e-05
1.804,-0.6956118229334,0.091659620640134,9.3514966287521e-05,-3.7143934513827e-05
1.80425,-0.69012975642241,0.10356672089921,9.2913105498293e-05,-3.8713561187623e-05
1.8045,-0.68435675273109,0.11543757837489,9.2277370859649e-05,-4.0275474602842e-05
1.80475,-0.67828883986711,0.12726503946114,9.1607793423967e-05,-4.1828615927069e-05
1.805,-0.67192213886573,0.13904165684215,9.0904445285874e-05,-4.3371925081093e-05
1.80525,-0.66525287712876,0.15075968276391,9.0167439655793e-05,-4.4904342589999e-05
1.8055,-0.65827740259449,0.16241106259676,8.939693082608e-05,-4.6424811441467e-05
1.80575,-0.65099219876368,0.17398742874406,8.8593114029313e-05,-4.7932278943525e-05
1.806,-0.6433939006049,0.18548009495724,8.7756225188944e-05,-4.9425698574011e-05
1.80625,-0.63547931135992,0.19688005112204,8.6886540563113e-05,-5.0904031814033e-05
1.8065,-0.62724542026733,0.20817795858535,8.5984376283043e-05,-5.2366249957789e-05
1.80675,-0.61868942121952,0.21936414609692,8.5050087788042e-05,-5.3811335891227e-05
1.807,-0.60980873236372,0.23042860644544,8.4084069159696e-05,-5.5238285832271e-05
1.80725,-0.60060101665448,0.24136099387316,8.308675235847e-05,-5.6646111025497e-05
1.8075,-0.59106420335893,0.25215062235825,8.2058606366406e-05,-5.8033839384509e-05
1.80775,-0.58119651051141,0.26278646485932,8.1000136240191e-05,-5.9400517075562e-05
1.808,-0.57099646830728,0.27325715362068,7.9911882079333e-05,-6.0745210036335e-05
1.80825,-0.56046294341884,0.28355098164241,7.8794417914627e-05,-6.2067005424243e-05
1.8085,-0.54959516420836,0.29365590542287,7.764835052253e-05,-6.3365012989075e-05
1.80875,-0.53839274680491,0.30355954908578,7.647431817142e-05,-6.4638366365234e-05
1.809,-0.52685572200174,0.31324921000771,7.5272989306043e-05,-6.5886224279434e-05
1.80925,-0.51498456292129,0.32271186606438,7.4045061176752e-05,-6.7107771670144e-05
1.8095,-0.50278021338323,0.33193418461728,7.2791258420326e-05,-6.8302220715746e-05
1.80975,-0.49024411689935,0.34090253336355,7.1512331599395e-05,-6.9468811768841e-05
1.81,-0.47737824620614,0.34960299317266,7.0209055707587e-05,-7.0606814194779e-05
1.81025,-0.46418513323237,0.35802137303393,6.8882228647606e-05,-7.1715527113063e-05
1.8105,-0.45066789938434,0.36614322723701,6.7532669689464e-05,-7.279428004085e-05
1.81075,-0.43683028601695,0.37395387490515,6.6161217916121e-05,-7.3842433438343e-05
1.811,-0.4226766849422,0.38143842199722,6.476873066362e-05,-7.4859379156478e-05
1.81125,-0.40821216881126,0.38858178588846,6.3356081962809e-05,-7.5844540787807e-05
1.8115,-0.39344252118892,0.39536872263312,6.192416098948e-05,-7.6797373922059e-05
1.81175,-0.37837426612274,0.4017838570024,6.0473870529612e-05,-7.7717366308365e-05
1.812,-0.36301469699197,0.40781171538032,5.9006125466161e-05,-7.8604037926603e-05
1.81225,-0.34737190440417,0.41343676158664,5.7521851293534e-05,-7.9456940970814e-05
1.8125,-0.33145480289127,0.41864343568009,5.6021982665613e-05,-8.027565974806e-05
1.81275,-0.31527315614045,0.42341619577746,5.4507461982844e-05,-8.1059810496463e-05
1.813,-0.29883760047986,0.42773956290354,5.2979238023533e-05,-8.1809041126614e-05
1.81325,-0.28215966632574,0.43159816886378,5.1438264624144e-05,-8.2523030890761e-05
1.8135,-0.26525179728443,0.43497680710624,4.9885499412937e-05,-8.3201489984593e-05
1.81375,-0.24812736659209,0.4378604865115,4.8321902600929e-05,-8.3844159086611e-05
1.814,-0.23080069056712,0.44023448801851,4.6748435833692e-05,-8.4450808840348e-05
1.81425,-0.21328703874353,0.4420844239621,4.5166061107079e-05,-8.5021239284872e-05
1.8145,-0.19560264035129,0.44339629996263,4.3575739749534e-05,-8.555527923917e-05
1.81475,-0.17776468681021,0.44415657917184,4.1978431473204e-05,-8.6052785646097e-05
1.815,-0.15979132990773,0.44435224864045,4.0375093495601e-05,-8.6513642881709e-05
1.81525,-0.14170167534044,0.44397088753347,3.8766679733181e-05,-8.6937762035797e-05
1.8155,-0.1235157713111,0.44300073687881,3.7154140067706e-05,-8.7325080169509e-05
1.81575,-0.10525459189174,0.44143077049388,3.5538419685886e-05,-8.7675559555891e-05
1.816,-0.086940014885854,0.43925076669436,3.3920458492369e-05,-8.7989186909195e-05
1.81625,-0.068594793950997,0.43645138034954,3.2301190595719e-05,-8.826597260869e-05
1.8165,-0.050242524776851,0.43302421481039,3.0681543866655e-05,-8.8505949922668e-05
1.81675,-0.031907605153206,0.42896189320039,2.9062439567462e-05,-8.8709174238214e-05
1.817,-0.013615188806172,0.42425812852622,2.7444792051046e-05,-8.8875722302181e-05
1.81725,0.0046088670682267,0.41890779203626,2.5829508527864e-05,-8.9005691478671e-05
1.8175,0.022738060590016,0.41290697922961,2.4217488898506e-05,-8.9099199028172e-05
1.81775,0.040745310257682,0.40625307289983,2.2609625649471e-05,-8.9156381413316e-05
1.818,0.058603026180367,0.39894480258381,2.1006803809327e-05,-8.9177393636034e-05
1.81825,0.076283187306597,0.39098229978014,1.9409900962154e-05,-8.9162408610688e-05
1.8185,0.093757424406159,0.38236714830256,1.7819787314875e-05,-8.9111616577561e-05
1.81875,0.11099710849021,0.37310242914372,1.6237325814857e-05,-8.9025224560837e-05
1.819,0.12797344428298,0.36319275924192,1.4663372313807e-05,-8.8903455875001e-05
1.81925,0.1446575682856,0.35264432357118,1.3098775773858e-05,-8.8746549683339e-05
1.8195,0.16102065090285,0.34146490001041,1.1544378511395e-05,-8.8554760611957e-05
1.81975,0.17703400203555,0.32966387649301,1.0001016473988e-05,-8.8328358422509e-05
1.82,0.19266917947719,0.31725225999273,8.4695195455921e-06,-8.8067627746538e-05
1.82025,0.20789809939601,0.30424267696377,6.9507118748957e-06,-8.7772867884057e-05
1.8205,0.22269314813041,0.29064936492517,5.4454122215631e-06,-8.7444392668734e-05
1.82075,0.23702729448269,0.27648815495695,3.9544343148478e-06,-8.7082530401724e-05
1.821,0.25087420166021,0.26177644496112,2.4785872188918e-06,-8.6687623855896e-05
1.82125,0.26420833798759,0.24653316363067,1.0186756988405e-06,-8.626003035188e-05
1.8215,0.27700508549936,0.23077872516368,-4.2449941832768e-07,-8.5800121907019e-05
1.82175,0.28924084551872,0.21453497485708,-1.8501408944935e-06,-8.530828545796e-05
1.822,0.30089314033687,0.19782512581274,-3.2574547490297e-06,-8.4784923157237e-05
1.82225,0.31194071012778,0.18067368708581,-4.6456499519865e-06,-8.4230452743833e-05
1.8225,0.32236360426629,0.16310638370115,-6.0139381485664e-06,-8.3645307987241e-05
1.82275,0.33214326626133,0.14515006905574,-7.3615334217659e-06,-8.3029939204176e-05
1.823,0.34126261157269,0.12683263031053,-8.6876521002363e-06,-8.2384813846545e-05
1.82325,0.34970609764529,0.10818288745589,-9.9915126184619e-06,-8.1710417158863e-05
1.8235,0.35745978557152,0.089230486804903,-1.1272335436513e-05,-8.1007252902716e-05
1.82375,0.36451139287648,0.070005789731055,-1.2529343026657e-05,-8.0275844145357e-05
1.824,0.37085033701213,0.050539757517543,-1.3761759934166e-05,-7.9516734108928e-05
1.82425,0.37646776924389,0.030863833224431,-1.4968812919683e-05,-7.8730487076154e-05
1.8245,0.38135659871371,0.011009821507655,-1.6149731190447e-05,-7.791768934773e-05
1.82475,0.38551150656721,-0.0089902326623913,-1.7303746727644e-05,-7.7078950245932e-05
1.825,0.38892895013586,-0.029104165432623,-1.8430094717008e-05,-7.6214903158223e-05
1.82525,0.39160715726771,-0.049299814710116,-1.9528014089598e-05,-7.5326206613948e-05
1.8255,0.39354611099992,-0.069545139100255,-2.059674817948e-05,-7.4413545386348e-05
1.82575,0.39474752486101,-0.089808334258513,-2.1635545504694e-05,-7.3477631611375e-05
1.826,0.39521480918038,-0.11005794581955,-2.2643660677501e-05,-7.2519205913964e-05
1.82625,0.39495302886424,-0.13026297812284,-2.3620355449434e-05,-7.153903853153e-05
1.8265,0.39396885317076,-0.15039299801724,-2.4564899896114e-05,-7.0537930423676e-05
1.82675,0.39227049808189,-0.17041823309759,-2.5476573746084e-05,-6.9516714356195e-05
1.827,0.38986766192334,-0.19030966380389,-2.63546678572e-05,-6.8476255946661e-05
1.82725,0.38677145492858,-0.21003910889353,-2.7198485843148e-05,-6.7417454658043e-05
1.8275,0.38299432347613,-0.22957930388179,-2.8007345851722e-05,-6.6341244726042e-05
1.82775,0.37854996975201,-0.24890397213088,-2.8780582495309e-05,-6.5248596005078e-05
1.828,0.37345326760167,-0.26798788835275,-2.9517548932805e-05,-6.4140514717234e-05
1.82825,0.36772017533785,-0.28680693437576,-3.0217619100776e-05,-6.3018044087822e-05
1.8285,0.36136764626341,-0.30533814710585,-3.0880190090201e-05,-6.1882264850817e-05
1.82875,0.3544135376519,-0.32355975869152,-3.1504684663468e-05,-6.0734295606975e-05
1.829,0.34687651890407,-0.34145122897466,-3.2090553904579e-05,-5.9575293017286e-05
1.82925,0.33877597956737,-0.35899327037742,-3.263727999364e-05,-5.8406451814294e-05
1.8295,0.33013193786699,-0.37616786543713,-3.3144379094785e-05,-5.7229004613977e-05
1.82975,0.32096495035455,-0.39295827725653,-3.3611404344653e-05,-5.6044221511161e-05
1.83,0.31129602323294,-0.40934905318488,-3.4037948926408e-05,-5.4853409442023e-05
1.83025,0.30114652586518,-0.42532602208728,-3.4423649212242e-05,-5.3657911297978e-05
1.8305,0.29053810692276,-0.44087628559342,-3.4768187955069e-05,-5.2459104776313e-05
1.83075,0.27949261357478,-0.45598820374433,-3.5071297508072e-05,-5.1258400954241e-05
1.831,0.26803201406434,-0.47065137547646,-3.5332763048646e-05,-5.0057242574624e-05
1.83125,0.25617832396539,-0.48485661439586,-3.5552425781309e-05,-4.8857102033529e-05
1.8315,0.24395353635924,-0.49859592030338,-3.5730186092313e-05,-4.765947906193e-05
1.83175,0.23137955611947,-0.51186244693382,-3.5866006626964e-05,-4.6465898096351e-05
1.832,0.21847813844466,-0.52465046636864,-3.5959915259214e-05,-4.5277905336029e-05
1.83225,0.20527083173175,-0.53695533057434,-3.601200792187e-05,-4.4097065487111e-05
1.8325,0.19177892484026,-0.54877343050645,-3.6022451264811e-05,-4.2924958197777e-05
1.83275,0.17802339875704,-0.56010215320376,-3.5991485108079e-05,-4.1763174191556e-05
1.833,0.1640248826351,-0.57093983727884,-3.5919424656484e-05,-4.061331110983e-05
1.83325,0.14980361414756,-0.58128572718992,-3.580666244261e-05,-3.9476969078306e-05
1.8335,0.13537940406797,-0.5911399266564,-3.5653669965792e-05,-3.8355746016106e-05
1.83375,0.12077160496363,-0.60050335155577,-3.5460998995805e-05,-3.7251232710043e-05
1.834,0.10599908386614,-0.60937768261444,-3.522928251166e-05,-3.6165007680563e-05
1.83425,0.091080198765152,-0.617765318179,-3.4959235248074e-05,-3.5098631869565e-05
1.8345,0.076032778756336,-0.62566932732842,-3.4651653824892e-05,-3.4053643183968e-05
1.83475,0.060874107662629,-0.63309340356122,-3.430741643787e-05,-3.3031550932235e-05
1.835,0.045620910938479,-0.64004181926688,-3.3927482092933e-05,-3.203383019412e-05
1.83525,0.030289345661115,-0.64651938116484,-3.3512889370101e-05,-3.1061916166562e-05
1.8355,0.01489499340829,-0.65253138687127,-3.306475470779e-05,-3.0117198530866e-05
1.83575,-0.00054714417920224,-0.65808358273027,-3.2584270203038e-05,-2.9201015887951e-05
1.836,-0.016022647351606,-0.66318212302453,-3.2072700928346e-05,-2.8314650309619e-05
1.83625,-0.031517677920601,-0.6678335306602,-3.1531381771149e-05,-2.7459322054195e-05
1.8365,-0.047018976841395,-0.6720446594011,-3.0961713807385e-05,-2.6636184494765e-05
1.83675,-0.062513859897706,-0.67582265771027,-3.036516022611e-05,-2.5846319307358e-05
1.837,-0.077990211674337,-0.67917493424013,-2.9743241827536e-05,-2.5090731964823e-05
1.83725,-0.093436477995139,-0.6821091249978,-2.9097532122099e-05,-2.437034757998e-05
1.8375,-0.10884165699692,-0.68463306219889,-2.8429652063166e-05,-2.3686007138598e-05
1.83775,-0.12419528900127,-0.68675474481057,-2.7741264450639e-05,-2.3038464159289e-05
1.838,-0.13948744533773,-0.68848231077452,-2.7034068046882e-05,-2.2428381813214e-05
1.83825,-0.15470871626317,-0.6898240108904,-2.6309791450089e-05,-2.1856330531835e-05
1.8385,-0.16985019811303,-0.69078818433262,-2.5570186773257e-05,-2.1322786125831e-05
1.83875,-0.18490347981076,-0.69138323576588,-2.4817023179363e-05,-2.0828128432826e-05
1.839,-0.19986062885357,-0.69161761401888,-2.4052080325034e-05,-2.0372640505803e-05
1.83925,-0.21471417688282,-0.69149979227082,-2.3277141765986e-05,-1.9956508348179e-05
1.8395,-0.22945710493947,-0.69103824970071,-2.2493988377707e-05,-1.9579821195504e-05
1.83975,-0.24408282849616,-0.69024145454671,-2.1704391844377e-05,-1.9242572337827e-05
1.84,-0.25858518234932,-0.68911784851984,-2.0910108267693e-05,-1.8944660470961e-05
1.84025,-0.27295840544756,-0.68767583251465,-2.0112871945358e-05,-1.868589155929e-05
1.8405,-0.28719712572405,-0.6859237535583,-1.9314389366337e-05,-1.8465981187582e-05
1.84075,-0.30129634499476,-0.68386989293867,-1.8516333466779e-05,-1.8284557374417e-05
1.841,-0.3152514239769,-0.68152245545195,-1.7720338186749e-05,-1.8141163815542e-05
1.84125,-0.32905806747583,-0.67888955971061,-1.6927993363727e-05,-1.803526352169e-05
1.8415,-0.34271230978319,-0.67597922945286,-1.6140839994272e-05,-1.7966242812224e-05
1.84175,-0.35621050032317,-0.67279938579595,-1.5360365890392e-05,-1.7933415623413e-05
1.842,-0.36954928957869,-0.66935784037677,-1.4588001752201e-05,-1.7936028088264e-05
1.84225,-0.38272561532495,-0.66566228932452,-1.3825117673288e-05,-1.7973263343587e-05
1.8425,-0.39573668919322,-0.66172030801191,-1.3073020090147e-05,-1.8044246519338e-05
1.84275,-0.40857998358361,-0.65753934653318,-1.2332949181997e-05,-1.8148049865343e-05
1.843,-0.42125321894244,-0.65312672585879,-1.1606076722456e-05,-1.8283697971081e-05
1.84325,-0.43375435141586,-0.64848963461908,-1.0893504379915e-05,-1.8450173035368e-05
1.8435,-0.44608156088905,-0.64363512647074,-1.0196262459114e-05,-1.8646420144415e-05
1.84375,-0.45823323941709,-0.63857011800217,-9.5153090724375e-06,-1.8871352518843e-05
1.844,-0.47020798005141,-0.63330138713607,-8.8515297258568e-06,-1.9123856692656e-05
1.84425,-0.48200456606356,-0.62783557198936,-8.2057373012233e-06,-1.940279758999e-05
1.8445,-0.49362196056603,-0.62217917015279,-7.5786724139093e-06,-1.9707023468428e-05
1.84475,-0.50505929652824,-0.61633853835467,-6.9710041224438e-06,-2.0035370700907e-05
1.845,-0.51631586718421,-0.61031989247484,-6.3833309649609e-06,-2.038666837153e-05
1.84525,-0.52739111682707,-0.6041293078776,-5.8161822958582e-06,-2.0759742664002e-05
1.8455,-0.53828463198473,-0.5977727200334,-5.270019895051e-06,-2.1153421024752e-05
1.84575,-0.5489961329697,-0.59125592540157,-4.7452398216471e-06,-2.1566536086172e-05
1.846,-0.55952546579533,-0.58458458254803,-4.2421744836468e-06,-2.1997929338622e-05
1.84625,-0.56987259445027,-0.57776421347323,-3.761094895407e-06,-2.2446454542955e-05
1.8465,-0.58003759352196,-0.57080020512784,-3.3022130950803e-06,-2.2910980878276e-05
1.84675,-0.59002064115998,-0.56369781109481,-2.8656846949528e-06,-2.3390395822391e-05
1.847,-0.59982201236923,-0.55646215341805,-2.4516115385903e-06,-2.3883607764947e-05
1.84725,-0.60944207262307,-0.54909822455956,-2.0600444398871e-06,-2.4389548355566e-05
1.8475,-0.61888127178614,-0.54161088946793,-1.6909859804323e-06,-2.4907174591386e-05
1.84775,-0.62814013833633,-0.5340048877427,-1.3443933431241e-06,-2.5435470650221e-05
1.848,-0.63721927387574,-0.52628483588004,-1.0201811615045e-06,-2.5973449477177e-05
1.84825,-0.64611934791995,-0.51845522958639,-7.1822436595499e-07,-2.6520154133919e-05
1.8485,-0.65484109295529,-0.51052044614815,-4.3836100957144e-07,-2.70746589209e-05
1.84875,-0.66338529975384,-0.50248474684579,-1.8039505822365e-07,-2.7636070283803e-05
1.849,-0.67175281293593,-0.49435227940252,5.5900868998081e-08,-2.8203527516125e-05
1.84925,-0.67994452677007,-0.48612708045791,2.707828210962e-07,-2.8776203270367e-05
1.8495,-0.68796138120054,-0.47781307805813,4.6453290878581e-07,-2.9353303890625e-05
1.84975,-0.69580435809294,-0.46941409415486,6.3745677941626e-07,-2.9934069579543e-05
1.85,-0.70347447768822,-0.46093384710614,7.8988118072059e-07,-3.0517774412627e-05
1.85025,-0.71097279525617,-0.45237595417254,9.2215161954095e-07,-3.1103726212826e-05
1.8505,-0.71830039793916,-0.44374393400316,1.0346301203685e-06,-3.1691266298061e-05
1.85075,-0.72545840177771,-0.43504120910627,1.1276930873468e-06,-3.227976911408e-05
1.851,-0.73244794890941,-0.42627110829994,1.2017292722742e-06,-3.2868641764648e-05
1.85125,-0.7392702049328,-0.4174368691388,1.2571378501365e-06,-3.3457323450585e-05
1.8515,-0.7459263564288,-0.40854164031304,1.2943266027949e-06,-3.4045284828708e-05
1.85175,-0.75241760863163,-0.39958848401676,1.313710210634e-06,-3.4632027301123e-05
1.852,-0.75874518324222,-0.39058037828263,1.3157086512593e-06,-3.5217082244795e-05
1.85225,-0.76491031637694,-0.38152021928066,1.3007457036997e-06,-3.5800010190663e-05
1.8525,-0.77091425664485,-0.37241082357884,1.2692475560223e-06,-3.6380399961e-05
1.85275,-0.77675826334704,-0.36325493036395,1.2216415137998e-06,-3.6957867773075e-05
1.853,-0.78244360479178,-0.354055203621,1.1583548064825e-06,-3.7532056316573e-05
1.85325,-0.78797155671949,-0.34481423427014,1.0798134883965e-06,-3.8102633811619e-05
1.8535,-0.79334340083179,-0.33553454225991,9.8644143083316e-07,-3.8669293053668e-05
1.85375,-0.79856042341924,-0.32621857861611,8.7865940149967e-07,-3.9231750450951e-05
1.854,-0.80362391408229,-0.31686872744579,7.5688422743915e-07,-3.9789745059608e-05
1.85425,-0.80853516454081,-0.30748730789566,6.2152803743802e-07,-4.0343037621131e-05
1.8545,-0.81329546752698,-0.29807657606498,4.7299757987714e-07,-4.0891409606223e-05
1.85475,-0.81790611575732,-0.28863872687261,3.1169361195867e-07,-4.1434662268716e-05
1.855,-0.82236840097932,-0.2791758958782,1.3801035625026e-07,-4.1972615712755e-05
1.85525,-0.82668361308863,-0.26969016105794,-4.7664979461898e-08,-4.2505107976004e-05
1.8555,-0.83085303931271,-0.26018354453461,-2.4495262297251e-07,-4.3031994131306e-05
1.85575,-0.8348779634574,-0.2506580142628,-4.5348060297012e-07,-4.3553145408798e-05
1.856,-0.83875966521259,-0.24111548566925,-6.7288506263369e-07,-4.4068448340218e-05
1.85625,-0.84249941951381,-0.23155782324905,-9.0281052516429e-07,-4.4577803926787e-05
1.8565,-0.84609849595631,-0.2219868421182,-1.1429101147746e-06,-4.5081126831802e-05
1.85675,-0.84955815825871,-0.21240430952303,-1.3928457365259e-06,-4.5578344598808e-05
1.857,-0.85287966377328,-0.20281194630723,-1.6522882182648e-06,-4.6069396896009e-05
1.85725,-0.85606426303991,-0.19321142833718,-1.920917417753e-06,-4.6554234787339e-05
1.8575,-0.85911319938145,-0.18360438788622,-2.1984222979516e-06,-4.7032820030466e-05
1.85775,-0.86202770853767,-0.17399241497866,-2.4845009732595e-06,-4.7505124401815e-05
1.858,-0.86480901833557,-0.16437705869438,-2.778860729359e-06,-4.7971129048553e-05
1.85825,-0.86745834839383,-0.15475982843466,-3.0812180191801e-06,-4.8430823867367e-05
1.8585,-0.86997690985928,-0.14514219515027,-3.3912984373379e-06,-4.8884206909727e-05
1.85875,-0.8723659051733,-0.13552559253242,-3.7088366752663e-06,-4.933128381326e-05
1.859,-0.87462652786639,-0.12591141816755,-4.0335764591282e-06,-4.9772067258741e-05
1.85925,-0.87675996237897,-0.11630103465687,-4.3652704724443e-06,-5.0206576452181e-05
1.8595,-0.87876738390684,-0.10669577070119,-4.7036802652631e-06,-5.0634836631384e-05
1.85975,-0.8806499582696,-0.097096922152281,-5.0485761515584e-06,-5.1056878596338e-05
1.86,-0.88240884180053,-0.087505753031376,-5.3997370964395e-06,-5.1472738262724e-05
1.86025,-0.88404518125657,-0.077923496515581,-5.7569505946237e-06,-5.1882456237848e-05
1.8605,-0.88556011374697,-0.068351355893321,-6.1200125415331e-06,-5.2286077418205e-05
1.86075,-0.88695476667928,-0.058790505489348,-6.4887270982664e-06,-5.2683650607949e-05
1.861,-0.88823025772168,-0.049242091560261,-6.8629065516045e-06,-5.3075228157451e-05
1.86125,-0.88938769478022,-0.039707233161421,-7.2423711701115e-06,-5.3460865621183e-05
1.8615,-0.8904281759902,-0.030187022985881,-7.6269490573187e-06,-5.3840621434123e-05
1.86175,-0.89135278972041,-0.020682528176225,-8.0164760028935e-06,-5.4214556605909e-05
1.862,-0.89216261458947,-0.01119479111013,-8.4107953326171e-06,-5.4582734431936e-05
1.86225,-0.89285871949325,-0.0017248301602475,-8.8097577579402e-06,-5.4945220220649e-05
1.8625,-0.89344216364258,0.0077263595706434,-9.2132212258016e-06,-5.5302081036234e-05
1.86275,-0.89391399661048,0.017157805538666,-9.6210507693604e-06,-5.5653385455998e-05
1.863,-0.89427525838803,0.02656855707127,-1.0033118360214e-05,-5.5999203341649e-05
1.86325,-0.89452697944838,0.035957684702267,-1.044930276264e-05,-5.6339605623801e-05
1.8635,-0.89467018081801,0.045324279529002,-1.0869489390353e-05,-5.6674664098959e-05
1.86375,-0.89470587415478,0.054667452590736,-1.1293570166214e-05,-5.7004451238324e-05
1.864,-0.89463506183214,0.063986334267815,-1.1721443385311e-05,-5.7329040007725e-05
1.86425,-0.89445873702889,0.073280073700879,-1.2153013581785e-05,-5.7648503698032e-05
1.8645,-0.89417788382406,0.082547838229441,-1.2588191399738e-05,-5.7962915765409e-05
1.86475,-0.89379347729638,0.091788812849364,-1.302689346855e-05,-5.8272349680805e-05
1.865,-0.89330648362785,0.10100219968858,-1.3469042282902e-05,-5.8576878788044e-05
1.86525,-0.89271786021104,0.1101872175004,-1.3914566087773e-05,-5.8876576169969e-05
1.8655,-0.89202855575975,0.119343101174,-1.4363398768672e-05,-5.9171514522041e-05
1.86575,-0.8912395104225,0.12846910126151,-1.481547974736e-05,-5.9461766032851e-05
1.866,-0.89035165589871,0.13756448352097,-1.5270753883269e-05,-5.9747402271009e-05
1.86625,-0.88936591555706,0.14662852847506,-1.5729171380881e-05,-6.0028494077861e-05
1.8665,-0.88828320455584,0.15566053098461,-1.6190687703243e-05,-6.0305111465547e-05
1.86675,-0.88710442996493,0.16465979983682,-1.6655263491873e-05,-6.0577323519877e-05
1.867,-0.88583049088918,0.1736256573475,-1.7122864493252e-05,-6.0845198307529e-05
1.86725,-0.88446227859297,0.1825574389769,-1.7593461492116e-05,-6.1108802787097e-05
1.8675,-0.88300067662563,0.19145449295874,-1.8067030251796e-05,-6.1368202723488e-05
1.86775,-0.88144656094753,0.20031617994198,-1.8543551461804e-05,-6.1623462605203e-05
1.868,-0.87980080005675,0.20914187264491,-1.9023010692945e-05,-6.1874645564027e-05
1.86825,-0.87806425511598,0.21793095552118,-1.9505398360169e-05,-6.2121813296648e-05
1.8685,-0.87623778007952,0.22668282443735,-1.9990709693469e-05,-6.2365025987733e-05
1.86875,-0.87432222182035,0.23539688636157,-2.0478944717096e-05,-6.2604342233979e-05
1.869,-0.87231842025686,0.24407255906308,-2.0970108237409e-05,-6.2839818968659e-05
1.86925,-0.87022720847943,0.25270927082212,-2.14642098397e-05,-6.3071511386153e-05
1.8695,-0.86804941287637,0.26130646014995,-2.1961263894355e-05,-6.3299472865963e-05
1.86975,-0.86578585325943,0.26986357551857,-2.2461289572766e-05,-6.3523754895688e-05
1.87,-0.86343734298854,0.27838007509986,-2.296431087341e-05,-6.3744406992407e-05
1.87025,-0.86100468909578,0.28685542651397,-2.3470356658598e-05,-6.3961476621907e-05
1.8705,-0.85848869240851,0.29528910658628,-2.3979460702391e-05,-6.4175009115149e-05
1.87075,-0.85589014767146,0.30368060111309,-2.4491661750294e-05,-6.4385047581352e-05
1.871,-0.85320984366783,0.31202940463545,-2.5007003591326e-05,-6.459163281701e-05
1.87125,-0.85044856333927,0.32033502022092,-2.5525535143185e-05,-6.4794803210137e-05
1.8715,-0.84760708390464,0.32859695925309,-2.6047310551275e-05,-6.4994594638967e-05
1.87175,-0.84468617697759,0.33681474122845,-2.6572389302416e-05,-6.5191040364278e-05
1.872,-0.84168660868278,0.34498789356054,-2.71008363542e-05,-6.5384170914439e-05
1.87225,-0.83860913977078,0.35311595139096,-2.7632722280998e-05,-6.5574013962214e-05
1.8725,-0.83545452573164,0.36119845740711,-2.8168123437745e-05,-6.5760594192243e-05
1.87275,-0.83222351690695,0.36923496166645,-2.8707122142774e-05,-6.5943933158031e-05
1.873,-0.82891685860045,0.37722502142698,-2.9249806881051e-05,-6.6124049127168e-05
1.87325,-0.82553529118726,0.38516820098381,-2.9796272529356e-05,-6.6300956913337e-05
1.8735,-0.82207955022142,0.39306407151151,-3.0346620605083e-05,-6.6474667693561e-05
1.87375,-0.81855036654204,0.40091221091225,-3.090095954052e-05,-6.6645188808911e-05
1.874,-0.81494846637779,0.40871220366925,-3.1459404984675e-05,-6.6812523546749e-05
1.87425,-0.81127457144988,0.41646364070559,-3.2022080134939e-05,-6.6976670902319e-05
1.8745,-0.80752939907341,0.42416611924815,-3.2589116101092e-05,-6.713762531725e-05
1.87475,-0.80371366225715,0.43181924269634,-3.3160652304493e-05,-6.7295376392241e-05
1.875,-0.79982806980163,0.43942262049579,-3.3736836915552e-05,-6.7449908570849e-05
1.87525,-0.79587332639576,0.44697586801646,-3.4317827332937e-05,-6.7601200790912e-05
1.8755,-0.79185013271164,0.45447860643528,-3.4903790708404e-05,-6.7749226099695e-05
1.87575,-0.78775918549795,0.46193046262309,-3.5494904521497e-05,-6.789395122831e-05
1.876,-0.78360117767153,0.46933106903566,-3.6091357208925e-05,-6.80353361204e-05
1.87625,-0.77937679840745,0.47668006360882,-3.6693348853934e-05,-6.8173333409327e-05
1.8765,-0.77508673322744,0.48397708965732,-3.7301091941613e-05,-6.8307887837373e-05
1.87675,-0.77073166408669,0.49122179577757,-3.7914812186801e-05,-6.8438935609471e-05
1.877,-0.76631226945903,0.49841383575394,-3.8534749442013e-05,-6.8566403672964e-05
1.87725,-0.76182922442051,0.50555286846843,-3.9161158693724e-05,-6.8690208913577e-05
1.8775,-0.75728320073145,0.51263855781394,-3.9794311156337e-05,-6.8810257256369e-05
1.87775,-0.7526748669168,0.51967057261058,-4.0434495474312e-05,-6.892644265869e-05
1.878,-0.748004888345,0.52664858652522,-4.1082019044231e-05,-6.9038645980165e-05
1.87825,-0.74327392730524,0.53357227799411,-4.1737209470017e-05,-6.9146733712378e-05
1.8785,-0.73848264308323,0.5404413301483,-4.2400416166204e-05,-6.9250556548107e-05
1.87875,-0.73363169203531,0.54725543074205,-4.3072012126047e-05,-6.9349947766729e-05
1.879,-0.72872172766117,0.55401427208382,-4.3752395873381e-05,-6.9444721408456e-05
1.87925,-0.72375340067498,0.56071755097,-4.4441993619586e-05,-6.9534670205496e-05
1.8795,-0.71872735907503,0.5673649686212,-4.5141261649791e-05,-6.9619563232666e-05
1.87975,-0.71364424821193,0.57395623062088,-4.5850688965557e-05,-6.9699143233446e-05
1.88,-0.7085047108553,0.58049104685646,-4.6570800214875e-05,-6.9773123569539e-05
1.88025,-0.70330938725903,0.5869691314627,-4.7302158944339e-05,-6.9841184732546e-05
1.8805,-0.6980589152251,0.5933902027673,-4.8045371212904e-05,-6.9902970344916e-05
1.88075,-0.69275393016602,0.59975398323856,-4.8801089611849e-05,-6.9958082563498e-05
1.881,-0.68739506516582,0.60606019943521,-4.9570017741293e-05,-7.0006076782253e-05
1.88125,-0.68198295103969,0.61230858195816,-5.0352915200156e-05,-7.0046455510207e-05
1.8815,-0.67651821639225,0.6184988654042,-5.1150603153649e-05,-7.0078661275742e-05
1.88175,-0.67100148767447,0.62463078832149,-5.196397055029e-05,-7.0102068377643e-05
1.882,-0.6654333892393,0.63070409316695,-5.2793981069113e-05,-7.0115973265526e-05
1.88225,-0.65981454339588,0.63671852626529,-5.3641680886859e-05,-7.0119583285574e-05
1.8825,-0.65414557046266,0.64267383776967,-5.4508207364494e-05,-7.0112003469468e-05
1.88275,-0.64842708881901,0.64856978162409,-5.5394798761764e-05,-7.0092220972128e-05
1.883,-0.64265971495575,0.65440611552721,-5.6302805097072e-05,-7.0059086673334e-05
1.88325,-0.63684406352441,0.6601826008977,-5.7233700276536e-05,-7.00112933445e-05
1.8835,-0.63098074738518,0.66589900284105,-5.8189095618841e-05,-6.9947349638136e-05
1.88375,-0.62507037765378,0.67155509011774,-5.9170754898554e-05,-6.9865548975253e-05
1.884,-0.61911356374712,0.67715063511276,-6.0180611015593e-05,-6.9763932173678e-05
1.88425,-0.6131109134277,0.6826854138064,-6.122078436575e-05,-6.9640242362984e-05
1.8845,-0.60706303284705,0.6881592057463,-6.2293602926316e-05,-6.9491870349537e-05
1.88475,-0.60097052658787,0.69357179402071,-6.340162396629e-05,-6.9315788101723e-05
1.885,-0.59483399770514,0.69892296523285,-6.4547657118437e-05,-6.9108467385523e-05
1.88525,-0.58865404776618,0.70421250947643,-6.5734788273886e-05,-6.8865779747651e-05
1.8855,-0.58243127688953,0.70944022031226,-6.6966403322969e-05,-6.8582872955392e-05
1.88575,-0.57616628378292,0.71460589474576,-6.8246210081654e-05,-6.8254017576869e-05
1.886,-0.56985966578008,0.71970933320564,-6.9578255677176e-05,-6.7872415514691e-05
1.88625,-0.56351201887658,0.72475033952344,-7.0966935010107e-05,-6.7429959849691e-05
1.8865,-0.5571239377647,0.72972872091391,-7.2416983336114e-05,-6.691693213211e-05
1.88675,-0.55069601586728,0.7346442879565,-7.3933442004128e-05,-6.6321619059494e-05
1.887,-0.54422884537062,0.73949685457743,-7.5521580134224e-05,-6.5629825062368e-05
1.88725,-0.53772301725644,0.74428623803278,-7.7186745224864e-05,-6.4824250457782e-05
1.8875,-0.53117912133287,0.74901225889226,-7.8934100284044e-05,-6.3883696439046e-05
1.88775,-0.52459774626462,0.75367474102379,-8.0768180798069e-05,-6.278204856622e-05
1.888,-0.51797947960213,0.75827351157878,-8.269216646992e-05,-6.1486980933631e-05
1.88825,-0.51132490780996,0.7628084009781,-8.4706701986288e-05,-5.9958317445007e-05
1.8885,-0.50463461629423,0.76727924289873,-8.6808005545033e-05,-5.8145993252394e-05
1.88875,-0.49790918942927,0.77168587426107,-8.8984855126343e-05,-5.5987597584183e-05
1.889,-0.49114921058339,0.77602813521685,-9.1213816317717e-05,-5.3405589687633e-05
1.88925,-0.48435526214391,0.7803058691376,-9.3451747875507e-05,-5.0304546075233e-05
1.8895,-0.4775279255413,0.7845189226038,-9.5624193479751e-05,-4.6569383902366e-05
1.88975,-0.47066778127264,0.78866714539441,-9.7607845098367e-05,-4.2066713576583e-05
1.89,-0.46377540892422,0.79275039047705,-9.9205259881348e-05,-3.665378987943e-05
1.89025,-0.45685138719343,0.79676851399868,-0.00010011162267497,-3.0203514737179e-05
1.8905,-0.44989629390995,0.80072137527664,-9.9879363867697e-05,-2.2659449060003e-05
1.89075,-0.44291070605615,0.80460883679028,-9.7901808591553e-05,-1.4138282530491e-05
1.891,-0.43589519978686,0.808430764173,-9.3465594951775e-05,-5.0858648045289e-06
1.89125,-0.42885035044839,0.81218702620462,-8.5949938549226e-05,3.5596182376181e-06
1.8915,-0.42177673259689,0.81587749480429,-7.5216385340109e-05,1.0351538238816e-05
1.89175,-0.41467492001605,0.81950204502368,-6.2040454836213e-05,1.3689518702695e-05
1.892,-0.40754548573422,0.82306055504057,-4.816940197772e-05,1.2554994187533e-05
1.89225,-0.40038900204076,0.82655290615283,-3.5702576480699e-05,7.1339228704199e-06
1.8925,-0.39320604050189,0.82997898277266,-2.6167807286258e-05,-1.2788438975842e-06
1.89275,-0.38599717197592,0.83333867242118,-2.0047540217621e-05,-1.1005495499177e-05
1.893,-0.37876296662781,0.83663186572339,-1.697629040516e-05,-2.0677009329294e-05
1.89325,-0.37150399394327,0.83985845640328,-1.6215105108238e-05,-2.9489625037622e-05
1.8935,-0.3642208227422,0.84301834127938,-1.7016031694285e-05,-3.712151715158e-05
1.89375,-0.35691402119162,0.84611142026041,-1.8782360735399e-05,-4.3546510525056e-05
1.894,-0.34958415681812,0.84913759634132,-2.1093378268651e-05,-4.887936529777e-05
1.89425,-0.34223179651962,0.85209677559947,-2.3673707134961e-05,-5.3281940509203e-05
1.8945,-0.33485750657686,0.85498886719109,-2.6352145077764e-05,-5.6916478690359e-05
1.89475,-0.32746185266415,0.85781378334792,-2.9026874109102e-05,-5.9926600085278e-05
1.895,-0.32004539985982,0.86057143937409,-3.16403634281e-05,-6.2432211326005e-05
1.89525,-0.3126087126561,0.86326175364314,-3.4162573342049e-05,-6.4530499531553e-05
1.8955,-0.30515235496857,0.86588464759528,-3.6580152302708e-05,-6.629909281211e-05
1.89575,-0.29767689014515,0.86844004573477,-3.8889643029109e-05,-6.7799614145121e-05
1.896,-0.29018288097468,0.87092787562749,-4.1093269314736e-05,-6.9080922437346e-05
1.89625,-0.28267088969504,0.8733480678987,-4.319635095121e-05,-7.0181826014306e-05
1.8965,-0.2751414780009,0.87570055623083,-4.5205734958314e-05,-7.113326127955e-05
1.89675,-0.26759520705103,0.87798527736155,-4.712885751223e-05,-7.1960004628946e-05
1.897,-0.26003263747525,0.88020217108185,-4.8973195706718e-05,-7.2682003262426e-05
1.89725,-0.25245432938099,0.88235118023432,-5.0745959245191e-05,-7.3315405151421e-05
1.8975,-0.24486084235948,0.88443225071153,-5.245392886656e-05,-7.3873355681559e-05
1.89775,-0.23725273549162,0.88644533145445,-5.4103383565553e-05,-7.4366614922405e-05
1.898,-0.22963056735346,0.88839037445106,-5.5700080600773e-05,-7.4804037486047e-05
1.89825,-0.22199489602135,0.89026733473503,-5.7249265952947e-05,-7.5192947146176e-05
1.8985,-0.21434627907686,0.89207617038442,-5.8755701435153e-05,-7.5539430708716e-05
1.89875,-0.20668527361119,0.89381684252059,-6.0223700001924e-05,-7.584856972791e-05
1.899,-0.19901243622955,0.89548931530706,-6.1657164153019e-05,-7.6124624186049e-05
1.89925,-0.19132832305501,0.89709355594852,-6.3059624424389e-05,-7.6371178877167e-05
1.8995,-0.18363348973219,0.89862953468988,-6.4434276267167e-05,-7.6591260690747e-05
1.89975,-0.1759284914307,0.90009722481542,-6.5784014426435e-05,-7.6787433074275e-05
1.9,-0.16821388284822,0.90149660264791,-6.7111464427932e-05,-7.6961872505878e-05
1.90025,-0.16049021821343,0.90282764754791,-6.8419011078667e-05,-7.7116430711903e-05
1.9005,-0.15275805128867,0.90409034191301,-6.9708824059964e-05,-7.7252685530875e-05
1.90075,-0.14501793537233,0.90528467117718,-7.0982880785799e-05,-7.7371982688971e-05
1.901,-0.13727042330108,0.90641062381019,-7.2242986744785e-05,-7.7475470264212e-05
1.90125,-0.12951606745189,0.90746819131695,-7.3490793560301e-05,-7.7564127240706e-05
1.9015,-0.12175541974376,0.90845736823708,-7.472781500171e-05,-7.7638787263179e-05
1.90175,-0.11398903163942,0.90937815214433,-7.5955441168254e-05,-7.7700158475778e-05
1.902,-0.10621745414667,0.91023054364616,-7.7174951050714e-05,-7.774884015212e-05
1.90225,-0.098441237819671,0.91101454638333,-7.8387523657287e-05,-7.7785336684738e-05
1.9025,-0.090660932760046,0.91173016702947,-7.959424787112e-05,-7.7810069392428e-05
1.90275,-0.082877088617787,0.91237741529075,-8.0796131188588e-05,-7.7823386517199e-05
1.903,-0.075090254592078,0.91295630390555,-8.1994107470257e-05,-7.7825571713358e-05
1.90325,-0.067300979431941,0.91346684864416,-8.3189043820831e-05,-7.7816851276061e-05
1.9035,-0.059509811436736,0.91390906830851,-8.4381746700258e-05,-7.7797400312234e-05
1.90375,-0.051717298456616,0.91428298473195,-8.557296735564e-05,-7.7767348021038e-05
1.904,-0.043923987892801,0.91458862277902,-8.6763406652423e-05,-7.7726782222105e-05
1.90425,-0.036130426697759,0.91482601034531,-8.7953719373617e-05,-7.7675753246242e-05
1.9045,-0.02833716137534,0.91499517835729,-8.9144518047151e-05,-7.7614277284157e-05
1.90475,-0.020544737980783,0.91509616077217,-9.0336376354001e-05,-7.7542339273023e-05
1.905,-0.012753702120626,0.91512899457788,-9.1529832163143e-05,-7.7459895387854e-05
1.90525,-0.0049645989526267,0.91509371979299,-9.2725390233651e-05,-7.7366875194017e-05
1.9055,0.0028220268144886,0.91499037946669,-9.3923524619293e-05,-7.7263183508449e-05
1.90575,0.010605630921225,0.91481901967883,-9.5124680806578e-05,-7.7148702009859e-05
1.906,0.018385669557631,0.91457968953996,-9.6329277613444e-05,-7.702329063215e-05
1.90625,0.026161599363653,0.91427244119147,-9.7537708872421e-05,-7.6886788770249e-05
1.9065,0.033932877429463,0.9138973298057,-9.8750344919229e-05,-7.6739016323317e-05
1.90675,0.041698961295888,0.91345441358613,-9.9967533905227e-05,-7.6579774596784e-05
1.907,0.049459308954782,0.91294375376765,-0.0001011896029499,-7.6408847081667e-05
1.90725,0.057213378849459,0.91236541461681,-0.00010241685914763,-7.6226000127166e-05
1.9075,0.064960629875143,0.9117194634322,-0.00010364959044136,-7.6030983520387e-05
1.90775,0.072700521379333,0.91100597054482,-0.00010488806637404,-7.5823530985305e-05
1.908,0.080432513162243,0.91022500931855,-0.00010613253872785,-7.560336061155e-05
1.90825,0.088156065477212,0.90937665615068,-0.0001073832420595,-7.5370175222343e-05
1.9085,0.095870639031022,0.9084609904725,-0.00010864039413939,-7.5123662689836e-05
1.90875,0.10357569498429,0.90747809474995,-0.00010990419630116,-7.4863496205202e-05
1.909,0.11127069495175,0.90642805448442,-0.0001111748337076,-7.4589334510042e-05
1.90925,0.11895510100247,0.90531095821349,-0.00011245247553801,-7.4300822095054e-05
1.9095,0.12662837566018,0.90412689751194,-0.0001137372751017,-7.3997589371342e-05
1.90975,0.1342899819033,0.90287596699265,-0.0001150293698815,-7.3679252819303e-05
1.91,0.14193938316516,0.90155826430781,-0.00011632888151105,-7.3345415119642e-05
1.91025,0.14957604333393,0.90017389015004,-0.00011763591568876,-7.2995665270757e-05
1.9105,0.15719942675267,0.89872294825375,-0.0001189505620314,-7.2629578696479e-05
1.91075,0.16480899821918,0.89720554539655,-0.00012027289386977,-7.2246717347932e-05
1.911,0.17240422298584,0.89562179140081,-0.00012160296798852,-7.1846629803152e-05
1.91125,0.17998456675927,0.89397179913533,-0.00012294082431218,-7.1428851367929e-05
1.9115,0.18754949570007,0.89225568451715,-0.00012428648553908,-7.0992904181269e-05
1.91175,0.19509847642225,0.89047356651349,-0.00012563995672483,-7.0538297328834e-05
1.912,0.20263097599272,0.8886255671439,-0.00012700122481678,-7.0064526967624e-05
1.91225,0.21014646193066,0.88671181148242,-0.00012837025814068,-6.9571076465209e-05
1.9125,0.21764440220667,0.8847324276601,-0.00012974700584112,-6.9057416556777e-05
1.91275,0.22512426524193,0.8826875468675,-0.00013113139727662,-6.8523005523326e-05
1.913,0.23258551990721,0.88057730335753,-0.00013252334137081,-6.7967289394348e-05
1.91325,0.2400276355217,0.87840183444832,-0.00013392272592085,-6.7389702178385e-05
1.9135,0.2474500818518,0.87616128052645,-0.00013532941686431,-6.678966612495e-05
1.91375,0.25485232910973,0.87385578505022,-0.00013674325750572,-6.6166592021327e-05
1.914,0.26223384795204,0.87148549455329,-0.00013816406770431,-6.5519879527867e-05
1.91425,0.26959410947794,0.86905055864838,-0.00013959164302434,-6.4848917555488e-05
1.9145,0.27693258522757,0.86655113003136,-0.00014102575384952,-6.4153084689147e-05
1.91475,0.28424874718005,0.86398736448547,-0.00014246614446345,-6.3431749661175e-05
1.915,0.29154206775145,0.86135942088578,-0.00014391253209789,-6.2684271878427e-05
1.91525,0.29881201979255,0.85866746120407,-0.00014536460595108,-6.1910002007298e-05
1.9155,0.30605807658656,0.85591165051372,-0.00014682202617834,-6.1108282620725e-05
1.91575,0.31327971184657,0.85309215699513,-0.00014828442285787,-6.027844891139e-05
1.916,0.32047639971294,0.85020915194132,-0.00014975139493435,-5.9419829475369e-05
1.91625,0.3276476147505,0.84726280976374,-0.00015122250914386,-5.8531747170546e-05
1.9165,0.33479283194561,0.84425330799863,-0.00015269729892351,-5.7613520054134e-05
1.91675,0.34191152670306,0.84118082731346,-0.00015417526330988,-5.6664462403647e-05
1.917,0.34900317484283,0.83804555151388,-0.00015565586583062,-5.5683885825689e-05
1.91725,0.35606725259666,0.83484766755088,-0.00015713853339393,-5.4671100456858e-05
1.9175,0.36310323660454,0.83158736552848,-0.00015862265518125,-5.3625416260991e-05
1.91775,0.37011060391098,0.82826483871161,-0.00016010758154885,-5.254614442694e-05
1.918,0.37708883196113,0.82488028353449,-0.00016159262294464,-5.1432598870814e-05
1.91825,0.38403739859681,0.82143389960939,-0.00016307704884684,-5.0284097846584e-05
1.9185,0.39095578205227,0.81792588973577,-0.00016456008673196,-4.9099965668571e-05
1.91875,0.39784346094998,0.8143564599099,-0.00016604092107989,-4.7879534549177e-05
1.919,0.40469991429607,0.81072581933483,-0.00016751869242467,-4.6622146554803e-05
1.91925,0.41152462147577,0.80703418043091,-0.00016899249645983,-4.5327155682538e-05
1.9195,0.41831706224865,0.80328175884671,-0.00017046138320819,-4.3993930059707e-05
1.91975,0.42507671674372,0.79946877347044,-0.00017192435626616,-4.2621854267865e-05
1.92,0.43180306545439,0.79559544644191,-0.00017338037213358,-4.1210331792166e-05
1.92025,0.43849558923331,0.79166200316487,-0.00017482833964035,-3.975878759638e-05
1.9205,0.44515376928706,0.78766867232004,-0.00017626711948205,-3.8266670823053e-05
1.92075,0.45177708717072,0.78361568587858,-0.00017769552387691,-3.6733457617391e-05
1.921,0.45836502478234,0.77950327911612,-0.00017911231635715,-3.5158654072583e-05
1.92125,0.46491706435723,0.7753316906274,-0.00018051621170832,-3.3541799293162e-05
1.9215,0.47143268846221,0.77110116234146,-0.00018190587607029,-3.1882468571876e-05
1.92175,0.47791137998968,0.76681193953746,-0.00018327992721415,-3.0180276674385e-05
1.922,0.48435262215169,0.76246427086109,-0.00018463693500935,-2.8434881224652e-05
1.92225,0.49075589847375,0.75805840834169,-0.00018597542209561,-2.6645986182632e-05
1.9225,0.49712069278875,0.75359460740992,-0.00018729386477417,-2.4813345404251e-05
1.92275,0.50344648923065,0.74907312691613,-0.00018859069413265,-2.2936766272177e-05
1.923,0.50973277222815,0.74449422914954,-0.00018986429741778,-2.1016113384226e-05
1.92325,0.51597902649829,0.73985817985792,-0.00019111301966973,-1.9051312284522e-05
1.9235,0.52218473704004,0.73516524826816,-0.00019233516563111,-1.7042353220822e-05
1.92375,0.5283493891277,0.7304157071075,-0.00019352900194307,-1.4989294909639e-05
1.924,0.53447246830448,0.72560983262556,-0.00019469275963989,-1.2892268288973e-05
1.92425,0.54055346037586,0.72074790461714,-0.00019582463695235,-1.075148023669e-05
1.9245,0.54659185140301,0.71583020644576,-0.00019692280242849,-8.5672172308765e-06
1.92475,0.55258712769628,0.71085702506816,-0.00019798539837925,-6.3398489266785e-06
1.925,0.55853877580854,0.70582865105943,-0.00019901054465397,-4.0698316226375e-06
1.92525,0.56444628252863,0.70074537863923,-0.00019999634274926,-1.7577115878998e-06
1.9255,0.57030913487493,0.69560750569868,-0.00020094088025185,5.9587177964362e-07
1.92575,0.57612682008879,0.69041533382828,-0.0002018422356138,2.9901829954348e-06
1.926,0.58189882562818,0.68516916834667,-0.00020269848325548,5.4243877627738e-06
1.92625,0.58762463916133,0.67986931833037,-0.0002035076989888,7.8975505126665e-06
1.9265,0.59330374856052,0.67451609664447,-0.00020426796574975,1.0408632242489e-05
1.92675,0.59893564189595,0.66910981997426,-0.00020497737962619,1.2956488687049e-05
1.927,0.60451980742974,0.66365080885793,-0.00020563405616294,1.5539868855492e-05
1.92725,0.61005573361009,0.65813938772021,-0.00020623613692292,1.8157413966991e-05
1.9275,0.61554290906564,0.65257588490707,-0.00020678179627903,2.0807656817189e-05
1.92775,0.62098082259989,0.64696063272156,-0.00020726924840777,2.3489021605982e-05
1.928,0.62636896318599,0.64129396746063,-0.00020769675445213,2.6199824255484e-05
1.92825,0.63170681996169,0.63557622945306,-0.00020806262981698,2.8938273244682e-05
1.9285,0.63699388222448,0.62980776309864,-0.00020836525155731,3.1702470984555e-05
1.92875,0.64222963942713,0.62398891690833,-0.00020860306581586,3.4490415754272e-05
1.929,0.64741358117338,0.6181200435457,-0.00020877459526362,3.7300004215336e-05
1.92925,0.65254519721411,0.61220149986955,-0.00020887844649407,4.0129034516509e-05
1.9295,0.65762397744376,0.60623364697767,-0.00020891331731948,4.2975209997754e-05
1.92975,0.66264941189714,0.60021685025196,-0.00020887800391548,4.5836143496531e-05
1.93,0.66762099074669,0.59415147940469,-0.00020877140775891,4.8709362254578e-05
1.93025,0.67253820430009,0.5880379085261,-0.00020859254230286,5.1592313417659e-05
1.9305,0.67740054299846,0.58187651613334,-0.00020834053933247,5.4482370115129e-05
1.93075,0.68220749741493,0.57566768522059,-0.00020801465494557,5.7376838100154e-05
1.931,0.68695855825384,0.56941180331073,-0.00020761427510297,6.0272962925455e-05
1.93125,0.69165321635042,0.5631092625082,-0.00020713892069529,6.3167937623534e-05
1.9315,0.69629096267114,0.55676045955338,-0.00020658825207522,6.6058910854402e-05
1.93175,0.70087128831464,0.55036579587827,-0.00020596207300764,6.8942995478153e-05
1.932,0.70539368451335,0.54392567766374,-0.00020526033399354,7.1817277504416e-05
1.93225,0.70985764263586,0.53744051589808,-0.00020448313492841,7.4678825365646e-05
1.9325,0.71426265418993,0.53091072643716,-0.00020363072706069,7.7524699456662e-05
1.93275,0.71860821082645,0.52433673006603,-0.0002027035142217,8.0351961878983e-05
1.933,0.72289380434407,0.51771895256204,-0.00020170205330468,8.3157686325021e-05
1.93325,0.72711892669483,0.51105782475953,-0.00020062705397701,8.5938968034679e-05
1.9335,0.73128306999063,0.50435378261603,-0.00019947937761684,8.8692933754975e-05
1.93375,0.73538572651074,0.49760726728012,-0.00019826003547235,9.1416751632212e-05
1.934,0.73942638871029,0.49081872516079,-0.00019697018604943,9.4107640966093e-05
1.93425,0.74340454922979,0.48398860799854,-0.0001956111317405,9.6762881755673e-05
1.9345,0.74731970090585,0.47711737293803,-0.00019418431471493,9.9379823968641e-05
1.93475,0.75117133678303,0.47020548260242,-0.00019269131209815,0.00010195589646768
1.935,0.75495895012689,0.46325340516939,-0.00019113383047349,0.00010448861553074
1.93525,0.75868203443838,0.45626161444888,-0.00018951369974715,0.00010697559290619
1.9355,0.76234008346954,0.44923058996244,-0.00018783286642224,0.00010941454334798
1.93575,0.76593259124057,0.44216081702447,-0.00018609338633358,0.00011180329158165
1.936,0.76945905205844,0.4350527868251,-0.00018429741689888,0.00011413977865754
1.93625,0.77291896053696,0.42790699651477,-0.00018244720894635,0.00011642206765372
1.9365,0.77631181161844,0.42072394929076,-0.00018054509818145,0.00011864834869798
1.93675,0.77963710059707,0.41350415448533,-0.00017859349635799,0.0001208169432849
1.937,0.78289432314396,0.40624812765579,-0.00017659488222015,0.00012292630787101
1.93725,0.78608297533398,0.39895639067627,-0.00017455179228263,0.00012497503673807
1.9375,0.78920255367455,0.39162947183138,-0.00017246681151596,0.00012696186412158
1.93775,0.79225255513624,0.3842679059117,-0.00017034256400301,0.00012888566560815
1.938,0.79523247718554,0.37687223431103,-0.00016818170363118,0.00013074545881212
1.93825,0.79814181781961,0.36944300512559,-0.00016598690488216,0.00013254040334793
1.9385,0.80098007560324,0.361980773255,-0.00016376085377818,0.00013426980012035
1.93875,0.80374674970816,0.35448610050511,-0.00016150623904032,0.00013593308996024
1.939,0.80644133995457,0.34695955569268,-0.00015922574351009,0.0001375298516379
1.93925,0.80906334685518,0.33940171475201,-0.0001569220358812,0.0001390597992905
1.9395,0.81161227166178,0.33181316084323,-0.00015459776278367,0.00014052277930351
1.93975,0.81408761641437,0.32419448446266,-0.00015225554125747,0.0001419187666889
1.94,0.81648888399311,0.31654628355483,-0.00014989795164758,0.00014324786100534
1.94025,0.81881557817293,0.30886916362645,-0.00014752753094726,0.0001445102818671
1.9405,0.82106720368118,0.30116373786221,-0.00014514676661122,0.00014570636408961
1.94075,0.82324326625822,0.29343062724224,-0.00014275809085493,0.00014683655251997
1.941,0.82534327272111,0.28567046066166,-0.0001403638754516,0.00014790139660063
1.94125,0.82736673103061,0.27788387505161,-0.00013796642703355,0.000148901544714
1.9415,0.82931315036132,0.27007151550228,-0.00013556798289985,0.00014983773835456
1.94175,0.83118204117551,0.26223403538756,-0.00013317070732827,0.00015071080617369
1.942,0.83297291530023,0.25437209649145,-0.00013077668838527,0.00015152165794043
1.94225,0.83468528600829,0.2464863691362,-0.0001283879352244,0.00015227127845948
1.9425,0.83631866810291,0.23857753231206,-0.00012600637586016,0.00015296072148515
1.94275,0.8378725780063,0.23064627380869,-0.00012363385540147,0.00015359110366736
1.943,0.83934653385228,0.22269329034815,-0.00012127213472661,0.00015416359856313
1.94325,0.84074005558299,0.21471928771953,-0.00011892288957905,0.000154679430744
1.9435,0.84205266504995,0.2067249809149,-0.00011658771006237,0.00015513987002687
1.94375,0.84328388611946,0.19871109426697,-0.00011426810051044,0.00015554622585287
1.944,0.84443324478257,0.1906783615879,-0.00011196547970877,0.0001558998418358
1.94425,0.84550026926969,0.18262752630975,-0.00010968118144141,0.00015620209049876
1.9445,0.84648449017006,0.17455934162594,-0.00010741645533819,0.00015645436821485
1.94475,0.84738544055604,0.16647457063413,-0.00010517246799616,0.00015665809036505
1.945,0.84820265611266,0.1583739864802,-0.00010295030434991,0.00015681468672358
1.94525,0.84893567527224,0.1502583725033,-0.00010075096926526,0.00015692559707907
1.9455,0.84958403935445,0.14212852238191,-9.8575389331687e-05,0.00015699226709681
1.94575,0.85014729271187,0.13398524028083,-9.6424414829293e-05,0.00015701614442608
1.946,0.85062498288122,0.12582934099897,-9.4298821847229e-05,0.0001569986750537
1.94625,0.85101666074041,0.11766165011792,-9.219931453124e-05,0.00015694129990391
1.9465,0.85132188067154,0.1094830041511,-9.0126527439186e-05,0.00015684545168254
1.94675,0.85154020073001,0.1012942506934,-8.8081027984486e-05,0.00015671255196214
1.947,0.85167118281994,0.093096248571319,-8.6063318948694e-05,0.00015654400850366
1.94725,0.851714392876,0.084889867993313,-8.4073841045534e-05,0.00015634121280875
1.9475,0.8516694010518,0.076675990700262,-8.2112975520108e-05,0.00015610553789623
1.94775,0.85153578191506,0.068455510116054,-8.0181046768174e-05,0.00015583833629503
1.948,0.85131311464971,0.060229331497928,-7.827832496165e-05,0.00015554093824578
1.94825,0.85100098326498,0.05199837208663,-7.6405028667774e-05,0.00015521465010203
1.9485,0.85059897681175,0.043763561256063,-7.4561327450507e-05,0.00015486075292236
1.94875,0.85010668960634,0.035525840662333,-7.274734444396e-05,0.00015448050124373
1.949,0.84952372146175,0.027286164392082,-7.0963158888768e-05,0.00015407512202676
1.94925,0.84884967792669,0.01904549910974,-6.9208808623338e-05,0.00015364581376302
1.9495,0.84808417053244,0.010804824203728,-6.7484292523021e-05,0.0001531937457349
1.94975,0.84722681704773,0.0025651319312288,-6.5789572881116e-05,0.00015272005741819
1.95,0.84627724174186,-0.0056725724386247,-6.4124577726587e-05,0.00015222585801804
