1.7,0.69039436780219,0.63839285958885,-0.19997303447869,0.058553683619113
1.70025,0.69437549728255,0.63399519138839,-0.19979749149866,0.059718472071956
1.7005,0.69832850060373,0.62957021807647,-0.19961527513682,0.060883603417913
1.70075,0.702253185582,0.62511813819666,-0.19942637558928,0.062049039155021
1.701,0.70614936170165,0.62063915142817,-0.199230783282,0.063214740710199
1.70125,0.7100168401162,0.61613345856818,-0.19902848887073,0.064380669440973
1.7015,0.7138554336494,0.6116012615142,-0.1988194832411,0.065546786637185
1.70175,0.71766495679593,0.60704276324666,-0.19860375750858,0.066713053522696
1.702,0.72144522572194,0.6024581678116,-0.19838130301843,0.067879431257088
1.70225,0.72519605826537,0.59784768030354,-0.19815211134569,0.069045880937351
1.7025,0.72891727393605,0.59321150684852,-0.19791617429511,0.070212363599561
1.70275,0.73260869391561,0.58854985458724,-0.19767348390104,0.071378840220561
1.703,0.73627014105715,0.58386293165844,-0.19742403242739,0.072545271719614
1.70325,0.73990143988477,0.57915094718238,-0.19716781236743,0.073711618960074
1.7035,0.7435024165929,0.57441411124454,-0.19690481644375,0.074877842751019
1.70375,0.74707289904538,0.56965263487946,-0.19663503760802,0.076043903848894
1.704,0.75061271677445,0.5648667300547,-0.19635846904088,0.077209762959146
1.70425,0.75412170097949,0.5600566096551,-0.19607510415175,0.07837538073783
1.7045,0.75759968452565,0.5552224874671,-0.19578493657859,0.079540717793231
1.70475,0.76104650194222,0.55036457816325,-0.19548796018773,0.080705734687455
1.705,0.76446198942093,0.54548309728699,-0.19518416907359,0.081870391938021
1.70525,0.76784598481407,0.54057826123747,-0.19487355755846,0.083034650019443
1.7055,0.7711983276324,0.53565028725466,-0.19455612019222,0.084198469364792
1.70575,0.77451885904293,0.53069939340463,-0.19423185175206,0.085361810367257
1.706,0.77780742186665,0.5257257985649,-0.19390074724217,0.086524633381695
1.70625,0.78106386057595,0.52072972241015,-0.19356280189345,0.087686898726159
1.7065,0.78428802129203,0.515711385398,-0.19321801116315,0.088848566683431
1.70675,0.78747975178216,0.51067100875495,-0.19286637073455,0.09000959750253
1.707,0.79063890145673,0.50560881446265,-0.19250787651658,0.091169951400212
1.70725,0.79376532136628,0.50052502524419,-0.19214252464347,0.092329588562467
1.7075,0.79685886419837,0.49541986455071,-0.19177031147432,0.093488469145989
1.70775,0.79991938427428,0.49029355654812,-0.19139123359274,0.094646553279643
1.708,0.8029467375457,0.48514632610402,-0.19100528780642,0.095803801065927
1.70825,0.80594078159123,0.47997839877487,-0.19061247114666,0.096960172582399
1.7085,0.80890137561284,0.47479000079328,-0.19021278086799,0.098115627883117
1.70875,0.81182838043216,0.46958135905551,-0.18980621444766,0.099270127000051
1.709,0.81472165848674,0.4643527011092,-0.18939276958517,0.10042362994448
1.70925,0.81758107382621,0.45910425514121,-0.18897244420183,0.10157609670841
1.7095,0.82040649210832,0.45383624996578,-0.18854523644021,0.10272748726589
1.70975,0.82319778059492,0.44854891501273,-0.18811114466364,0.10387776157445
1.71,0.82595480814788,0.44324248031596,-0.1876701674557,0.1050268795764
1.71025,0.82867744522493,0.4379171765021,-0.18722230361967,0.10617480120018
1.7105,0.83136556387538,0.43257323477937,-0.186767552178,0.1073214863617
1.71075,0.83401903773586,0.42721088692659,-0.18630591237172,0.10846689496563
1.711,0.83663774202594,0.42183036528246,-0.1858373836599,0.10961098690668
1.71125,0.8392215535437,0.41643190273489,-0.18536196571903,0.11075372207094
1.7115,0.84177035066129,0.41101573271073,-0.18487965844245,0.11189506033708
1.71175,0.84428401332036,0.40558208916546,-0.18439046193974,0.11303496157765
1.712,0.84676242302755,0.40013120657324,-0.18389437653609,0.11417338566028
1.71225,0.84920546284984,0.39466331991703,-0.18339140277169,0.11531029244896
1.7125,0.85161301740993,0.38917866467902,-0.18288154140107,0.11644564180518
1.71275,0.85398497288154,0.38367747683111,-0.18236479339246,0.11757939358919
1.713,0.85632121698473,0.37815999282568,-0.18184115992714,0.11871150766114
1.71325,0.85862163898115,0.37262644958647,-0.18131064239875,0.11984194388226
1.7135,0.86088612966929,0.36707708449972,-0.18077324241263,0.12097066211601
1.71375,0.8631145813797,0.36151213540542,-0.18022896178512,0.12209762222921
1.714,0.86530688797021,0.35593184058878,-0.17967780254284,0.12322278409316
1.71425,0.86746294482113,0.35033643877186,-0.17911976692206,0.12434610758477
1.7145,0.86958264883041,0.34472616910541,-0.17855485736786,0.12546755258762
1.71475,0.8716658984089,0.33910127116083,-0.17798307653354,0.12658707899304
1.715,0.87371259347544,0.33346198492238,-0.17740442727977,0.12770464670119
1.71525,0.87572263545212,0.32780855077948,-0.17681891267393,0.12882021562207
1.7155,0.87769592725945,0.32214120951929,-0.1762265359893,0.1299337456766
1.71575,0.87963237331154,0.31646020231935,-0.17562730070435,0.13104519679757
1.716,0.88153187951135,0.31076577074042,-0.17502121050194,0.1321545289307
1.71625,0.8833943532459,0.30505815671958,-0.17440826926856,0.13326170203555
1.7165,0.88521970338149,0.29933760256337,-0.17378848109356,0.13436667608657
1.71675,0.88700784025903,0.29360435094115,-0.17316185026832,0.13546941107398
1.717,0.88875867568926,0.28785864487863,-0.17252838128552,0.13656986700475
1.71725,0.89047212294813,0.28210072775157,-0.17188807883826,0.13766800390348
1.7175,0.89214809677209,0.2763308432796,-0.17124094781932,0.13876378181334
1.71775,0.89378651335351,0.27054923552023,-0.17058699332032,0.13985716079693
1.718,0.8953872903361,0.26475614886298,-0.16992622063087,0.14094810093716
1.71825,0.89695034681034,0.25895182802375,-0.16925863523778,0.1420365623381
1.7185,0.89847560330896,0.25313651803921,-0.16858424282422,0.14312250512582
1.71875,0.89996298180253,0.24731046426147,-0.16790304926885,0.14420588944922
1.719,0.90141240569502,0.24147391235282,-0.16721506064504,0.14528667548083
1.71925,0.90282379981942,0.2356271082806,-0.16652028321994,0.14636482341758
1.7195,0.90419709043343,0.2297702983123,-0.16581872345368,0.1474402934816
1.71975,0.9055322052152,0.22390372901075,-0.16511038799848,0.14851304592098
1.72,0.90682907325915,0.21802764722941,-0.16439528369783,0.14958304101047
1.72025,0.90808762507178,0.21214230010788,-0.16367341758554,0.15065023905225
1.7205,0.90930779256759,0.20624793506747,-0.16294479688495,0.15171460037662
1.72075,0.9104895090651,0.20034479980695,-0.16220942900801,0.15277608534268
1.721,0.91163270928281,0.19443314229845,-0.16146732155438,0.15383465433901
1.72125,0.91273732933539,0.1885132107834,-0.16071848231058,0.15489026778435
1.7215,0.91380330672981,0.18258525376868,-0.15996291924909,0.1559428861282
1.72175,0.91483058036156,0.1766495200229,-0.15920064052743,0.15699246985148
1.722,0.91581909051105,0.17070625857269,-0.15843165448729,0.15803897946712
1.72225,0.91676877883992,0.16475571869926,-0.15765596965364,0.15908237552068
1.7225,0.91767958838757,0.15879814993497,-0.15687359473378,0.16012261859087
1.72275,0.91855146356768,0.15283380206007,-0.15608453861646,0.16115966929016
1.723,0.91938435016483,0.1468629250995,-0.15528881037098,0.16219348826531
1.72325,0.92017819533124,0.14088576931987,-0.15448641924625,0.16322403619788
1.7235,0.92093294758354,0.13490258522648,-0.15367737466991,0.16425127380475
1.72375,0.92164855679965,0.1289136235605,-0.15286168624737,0.16527516183859
1.724,0.92232497421577,0.1229191352962,-0.15203936376091,0.16629566108839
1.72425,0.92296215242338,0.11691937163832,-0.15121041716877,0.16731273237987
1.7245,0.92356004536646,0.11091458401954,-0.15037485660421,0.16832633657592
1.72475,0.92411860833863,0.10490502409802,-0.14953269237458,0.16933643457705
1.725,0.92463779798053,0.098890943755044,-0.14868393496039,0.17034298732179
1.72525,0.92511757227726,0.092872595092729,-0.14782859501441,0.17134595578709
1.7255,0.9255578905558,0.086850230431903,-0.14696668336068,0.17234530098866
1.72575,0.92595871348273,0.080824102309977,-0.14609821099365,0.17334098398138
1.726,0.92632000306183,0.07479446347893,-0.14522318907718,0.17433296585959
1.72625,0.92664172263194,0.068761566903411,-0.14434162894363,0.17532120775746
1.7265,0.92692383686485,0.062725665758874,-0.14345354209296,0.17630567084925
1.72675,0.92716631176329,0.056687013429789,-0.14255894019172,0.17728631634964
1.727,0.92736911465902,0.05064586350798,-0.14165783507216,0.17826310551401
1.72725,0.92753221421104,0.044602469790955,-0.14075023873128,0.17923599963864
1.7275,0.92765558040389,0.038557086280379,-0.1398361633299,0.18020496006101
1.72775,0.92773918454604,0.032509967180566,-0.13891562119171,0.18116994815999
1.728,0.92778299926841,0.026461366897035,-0.1379886248023,0.18213092535607
1.72825,0.92778699852299,0.020411540035168,-0.13705518680829,0.18308785311152
1.7285,0.92775115758153,0.014360741398889,-0.13611532001633,0.18404069293057
1.72875,0.92767545303436,0.0083092259893863,-0.13516903739216,0.18498940635961
1.729,0.92755986278934,0.0022572490039587,-0.13421635205971,0.18593395498724
1.72925,0.92740436607086,-0.0037949341651818,-0.13325727730012,0.18687430044449
1.7295,0.927208943419,-0.0098470679319696,-0.13229182655082,0.18781040440484
1.72975,0.92697357668876,-0.015898896517554,-0.13132001340457,0.18874222858435
1.73,0.92669824904941,-0.021950163951323,-0.13034185160854,0.18966973474174
1.73025,0.92638294498396,-0.02800061407183,-0.12935735506337,0.1905928846784
1.7305,0.92602765028871,-0.034049990527764,-0.1283665378222,0.19151164023848
1.73075,0.92563235207292,-0.0400980367788,-0.12736941408977,0.19242596330883
1.731,0.92519703875859,-0.046144496096466,-0.12636599822146,0.1933358158191
1.73125,0.92472170008038,-0.052189111564979,-0.12535630472234,0.19424115974165
1.7315,0.92420632708556,-0.058231626082003,-0.12434034824629,0.19514195709152
1.73175,0.92365091213411,-0.064271782359422,-0.12331814359497,0.19603816992642
1.732,0.92305544889897,-0.070309322924095,-0.12228970571697,0.19692976034663
1.73225,0.92241993236634,-0.076343990118529,-0.12125504970684,0.19781669049492
1.7325,0.92174435883609,-0.082375526101581,-0.12021419080416,0.19869892255645
1.73275,0.9210287259223,-0.088403672849148,-0.11916714439259,0.19957641875864
1.733,0.92027303255389,-0.094428172154774,-0.11811392599897,0.20044914137102
1.73325,0.9194772789754,-0.10044876563033,-0.11705455129237,0.20131705270512
1.7335,0.91864146674781,-0.10646519470659,-0.11598903608317,0.20218011511425
1.73375,0.91776559874949,-0.11247720063387,-0.11491739632214,0.20303829099329
1.734,0.91684967917728,-0.11848452448263,-0.11383964809946,0.20389154277854
1.73425,0.91589371354767,-0.12448690714403,-0.11275580764389,0.20473983294746
1.7345,0.91489770869805,-0.13048408933057,-0.11166589132174,0.2055831240184
1.73475,0.9138616727881,-0.13647581157662,-0.11056991563604,0.20642137855036
1.735,0.91278561530127,-0.14246181423903,-0.10946789722556,0.20725455914271
1.73525,0.91166954704635,-0.14844183749771,-0.1083598528639,0.20808262843487
1.7355,0.91051348015919,-0.1544156213562,-0.10724579945859,0.20890554910599
1.73575,0.90931742810445,-0.16038290564225,-0.10612575405017,0.20972328387463
1.736,0.90808140567753,-0.16634343000846,-0.10499973381125,0.21053579549837
1.73625,0.90680542900652,-0.17229693393281,-0.10386775604562,0.21134304677347
1.7365,0.90548951555433,-0.17824315671932,-0.10272983818732,0.21214500053444
1.73675,0.90413368412085,-0.18418183749864,-0.10158599779977,0.21294161965361
1.737,0.90273795484526,-0.19011271522868,-0.10043625257479,0.21373286704077
1.73725,0.9013023492084,-0.1960355286953,-0.099280620331748,0.21451870564263
1.7375,0.89982689003528,-0.2019500165129,-0.098119119016645,0.21529909844239
1.73775,0.89831160149762,-0.20785591712513,-0.096951766701191,0.21607400845923
1.738,0.89675650911655,-0.21375296880561,-0.095778581581916,0.2168433987478
1.73825,0.89516163976538,-0.2196409096586,-0.094599581979266,0.21760723239769
1.7385,0.89352702167245,-0.22551947761977,-0.093414786336697,0.21836547253287
1.73875,0.89185268442409,-0.23138841045691,-0.092224213219787,0.21911808231112
1.739,0.89013865896767,-0.23724744577079,-0.091027881315331,0.21986502492341
1.73925,0.88838497761471,-0.2430963209959,-0.089825809430444,0.22060626359333
1.7395,0.88659167404413,-0.24893477340129,-0.088618016491675,0.22134176157639
1.73975,0.88475878330558,-0.25476254009148,-0.087404521544108,0.22207148215941
1.74,0.88288634182278,-0.2605793580073,-0.086185343750471,0.22279538865982
1.74025,0.88097438739705,-0.2663849639268,-0.084960502390252,0.22351344442497
1.7405,0.87902295921089,-0.27217909446628,-0.083730016858805,0.22422561283136
1.74075,0.8770320978316,-0.27796148608116,-0.082493906666468,0.22493185728396
1.741,0.87500184521502,-0.28373187506708,-0.081252191437675,0.22563214121539
1.74125,0.87293224470939,-0.28948999756091,-0.080004890910073,0.22632642808513
1.7415,0.87082334105918,-0.29523558954185,-0.078752024933642,0.22701468137875
1.74175,0.86867518040914,-0.30096838683251,-0.077493613469814,0.22769686460701
1.742,0.8664878103083,-0.30668812510012,-0.076229676590587,0.22837294130502
1.74225,0.86426127971413,-0.31239453985767,-0.07496023447766,0.22904287503137
1.7425,0.86199563899675,-0.31808736646517,-0.073685307421543,0.22970662936722
1.74275,0.85969093994317,-0.32376634013088,-0.072404915820692,0.23036416791531
1.743,0.85734723576171,-0.32943119591264,-0.07111908018063,0.23101545429907
1.74325,0.85496458108638,-0.33508166871923,-0.069827821113074,0.23166045216159
1.7435,0.85254303198139,-0.3407174933117,-0.068531159335066,0.23229912516461
1.74375,0.85008264594571,-0.34633840430481,-0.067229115668104,0.23293143698751
1.744,0.84758348191771,-0.35194413616853,-0.065921711037266,0.23355735132621
1.74425,0.84504560027988,-0.35753442322947,-0.064608966470353,0.23417683189211
1.7445,0.84246906286355,-0.36310899967248,-0.063290903097013,0.23478984241093
1.74475,0.83985393295376,-0.36866759954222,-0.061967542147881,0.23539634662161
1.745,0.83720027529415,-0.37420995674472,-0.060638904953715,0.23599630827511
1.74525,0.83450815609189,-0.37973580504916,-0.059305012944527,0.23658969113321
1.7455,0.83177764302271,-0.38524487808945,-0.05796588764873,0.23717645896726
1.74575,0.82900880523601,-0.39073690936604,-0.05662155069227,0.23775657555696
1.746,0.8262017133599,-0.39621163224772,-0.055272023797768,0.23833000468902
1.74625,0.82335643950652,-0.40166877997336,-0.053917328783663,0.23889671015587
1.7465,0.82047305727715,-0.40710808565387,-0.05255748756335,0.23945665575429
1.74675,0.81755164176763,-0.41252928227402,-0.051192522144329,0.24000980528404
1.747,0.81459226957362,-0.41793210269443,-0.049822454627345,0.24055612254642
1.74725,0.81159501879605,-0.42331627965353,-0.048447307205533,0.24109557134283
1.7475,0.80855996904658,-0.42868154576957,-0.047067102163567,0.24162811547328
1.74775,0.80548720145309,-0.43402763354267,-0.045681861876807,0.24215371873488
1.748,0.80237679866524,-0.43935427535694,-0.044291608810439,0.2426723449203
1.74825,0.79922884486005,-0.44466120348254,-0.042896365518636,0.24318395781613
1.7485,0.7960434257476,-0.44994815007792,-0.041496154643702,0.24368852120133
1.74875,0.79282062857668,-0.45521484719192,-0.040090998915221,0.24418599884548
1.749,0.78956054214052,-0.46046102676607,-0.038680921149214,0.24467635450718
1.74925,0.78626325678262,-0.46568642063681,-0.037265944247286,0.24515955193222
1.7495,0.78292886440252,-0.47089076053776,-0.035846091195784,0.24563555485188
1.74975,0.77955745846173,-0.47607377810206,-0.034421385064956,0.24610432698104
1.75,0.77614913398955,-0.48123520486472,-0.032991849008093,0.24656583201641
1.75025,0.77270398758909,-0.48637477226494,-0.031557506260702,0.24702003363455
1.7505,0.76922211744322,-0.49149221164856,-0.030118380139653,0.24746689548999
1.75075,0.7657036233206,-0.49658725427041,-0.028674494042345,0.24790638121321
1.751,0.76214860658176,-0.50165963129682,-0.027225871445864,0.24833845440863
1.75125,0.75855717018514,-0.50670907380801,-0.025772535906142,0.24876307865255
1.7515,0.7549294186933,-0.5117353128006,-0.024314511057125,0.249180217491
1.75175,0.75126545827904,-0.51673807919009,-0.022851820609936,0.2495898344376
1.752,0.74756539673161,-0.52171710381337,-0.021384488352036,0.24999189297134
1.75225,0.74382934346295,-0.52667211743122,-0.019912538146402,0.25038635653433
1.7525,0.74005740951399,-0.53160285073086,-0.018435993930681,0.25077318852948
1.75275,0.73624970756091,-0.53650903432845,-0.016954879716376,0.25115235231813
1.753,0.73240635192153,-0.54139039877165,-0.015469219588011,0.25152381121766
1.75325,0.72852745856163,-0.54624667454217,-0.0139790377023,0.251887528499
1.7535,0.72461314510142,-0.55107759205828,-0.012484358287335,0.25224346738411
1.75375,0.72066353082191,-0.55588288167737,-0.01098520564176,0.25259159104343
1.754,0.71667873667145,-0.56066227369849,-0.0094816041339443,0.25293186259322
1.75425,0.7126588852722,-0.56541549836485,-0.0079735782011797,0.25326424509289
1.7545,0.70860410092665,-0.57014228586638,-0.006461152348853,0.2535887015422
1.75475,0.70451450962425,-0.57484236634216,-0.0049443511496452,0.25390519487852
1.755,0.70039023904797,-0.57951546988298,-0.0034231992427194,0.25421368797391
1.75525,0.69623141858095,-0.58416132653377,-0.0018977213329112,0.25451414363218
1.7555,0.69203817931319,-0.58877966629604,-0.0003679421899353,0.25480652458593
1.75575,0.68781065404827,-0.59337021913029,0.0011661133524158,0.25509079349342
1.756,0.68354897731004,-0.59793271495842,0.0027044203970716,0.25536691293549
1.75625,0.67925328534948,-0.60246688366607,0.0042469539844615,0.2556348454123
1.7565,0.67492371615148,-0.60697245510493,0.0057936890933142,0.25589455334013
1.75675,0.67056040944169,-0.61144915909502,0.007344600641426,0.25614599904793
1.757,0.66616350669347,-0.61589672542691,0.0088996634864427,0.25638914477397
1.75725,0.66173315113477,-0.62031488386393,0.010458852426633,0.25662395266233
1.7575,0.65726948775516,-0.62470336414426,0.012022142201647,0.25685038475927
1.75775,0.65277266331285,-0.62906189598303,0.013589507493273,0.25706840300963
1.758,0.64824282634175,-0.63339020907433,0.015160922926201,0.25727796925306
1.75825,0.64368012715861,-0.63768803309311,0.016736363068755,0.2574790452202
1.7585,0.63908471787016,-0.64195509769714,0.018315802433641,0.25767159252877
1.75875,0.6344567523804,-0.64619113252873,0.019899215478666,0.25785557267957
1.759,0.62979638639781,-0.65039586721649,0.021486576607469,0.25803094705238
1.75925,0.62510377744271,-0.65456903137697,0.023077860170233,0.25819767690181
1.7595,0.62037908485465,-0.65871035461619,0.024673040464383,0.258355723353
1.75975,0.61562246979989,-0.6628195665311,0.026272091735279,0.25850504739724
1.76,0.61083409527887,-0.66689639671095,0.027874988176911,0.25864560988753
1.76025,0.60601412613384,-0.67094057473853,0.029481703932553,0.25877737153398
1.7605,0.6011627290565,-0.6749518301913,0.03109221309544,0.25890029289915
1.76075,0.59628007259572,-0.67892989264243,0.032706489709402,0.25901433439327
1.761,0.5913663271654,-0.68287449166171,0.034324507769501,0.25911945626931
1.76125,0.58642166505228,-0.6867853568163,0.03594624122266,0.25921561861805
1.7615,0.58144626042401,-0.69066221767142,0.037571663968255,0.2593027813629
1.76175,0.57644028933714,-0.69450480379082,0.039200749858713,0.25938090425468
1.762,0.57140392974534,-0.69831284473714,0.040833472700082,0.25944994686628
1.76225,0.56633736150765,-0.70208607007215,0.042469806252581,0.25950986858718
1.7625,0.56124076639683,-0.70582420935681,0.044109724231147,0.25956062861783
1.76275,0.55611432810784,-0.70952699215111,0.045753200305942,0.25960218596393
1.763,0.55095823226647,-0.71319414801384,0.047400208102851,0.25963449943057
1.76325,0.54577266643802,-0.71682540650212,0.049050721203963,0.25965752761621
1.7635,0.54055782013616,-0.72042049717076,0.050704713148012,0.25967122890656
1.76375,0.53531388483191,-0.72397914957141,0.052362157430806,0.25967556146827
1.764,0.53004105396272,-0.72750109325159,0.054023027505638,0.25967048324256
1.76425,0.52473952294182,-0.73098605775339,0.055687296783644,0.25965595193855
1.7645,0.51940948916755,-0.73443377261207,0.057354938634165,0.25963192502661
1.76475,0.514051152033,-0.73784396735436,0.059025926385047,0.25959835973143
1.765,0.50866471293574,-0.74121637149663,0.060700233322934,0.25955521302498
1.76525,0.50325037528775,-0.74455071454269,0.062377832693524,0.25950244161929
1.7655,0.49780834452558,-0.74784672598147,0.064058697701771,0.25944000195906
1.76575,0.49233882812061,-0.7511041352844,0.065742801512077,0.25936785021412
1.766,0.48684203558959,-0.75432267190248,0.067430117248426,0.25928594227167
1.76625,0.48131817850543,-0.75750206526321,0.069120617994484,0.25919423372836
1.7665,0.47576747050808,-0.76064204476712,0.070814276793663,0.25909267988218
1.76675,0.47019012731579,-0.76374233978406,0.072511066649127,0.25898123572418
1.767,0.46458636673655,-0.76680267964925,0.074210960523759,0.25885985592997
1.76725,0.45895640867976,-0.76982279365893,0.075913931340084,0.25872849485098
1.7675,0.45330047516828,-0.77280241106577,0.077619951980123,0.2585871065056
1.76775,0.44761879035063,-0.77574126107395,0.07932899528521,0.25843564457003
1.768,0.44191158051356,-0.7786390728339,0.081041034055749,0.25827406236895
1.76825,0.43617907409495,-0.7814955754367,0.082756041050893,0.25810231286598
1.7685,0.43042150169698,-0.78431049790815,0.084473988988192,0.25792034865383
1.76875,0.42463909609966,-0.78708356920245,0.086194850543145,0.25772812194436
1.769,0.41883209227475,-0.78981451819556,0.087918598348698,0.25752558455821
1.76925,0.41300072739997,-0.79250307367816,0.089645204994673,0.25731268791437
1.7695,0.40714524087367,-0.79514896434819,0.091374643027105,0.25708938301938
1.76975,0.40126587432986,-0.79775191880308,0.093106884947522,0.25685562045627
1.77,0.39536287165372,-0.80031166553148,0.094841903212116,0.25661135037331
1.77025,0.38943647899744,-0.80282793290466,0.096579670230848,0.2563565224724
1.7705,0.38348694479661,-0.80530044916737,0.098320158366453,0.25609108599723
1.77075,0.37751451978711,-0.80772894242843,0.10006333993335,0.25581498972116
1.771,0.37151945702237,-0.81011314065066,0.10180918719643,0.25552818193473
1.77125,0.36550201189126,-0.81245277164059,0.10355767236981,0.25523061043296
1.7715,0.35946244213651,-0.81474756303747,0.10530876761538,0.25492222250228
1.77175,0.35340100787366,-0.81699724230196,0.10706244504129,0.25460296490716
1.772,0.34731797161059,-0.81920153670428,0.10881867670032,0.2542727838764
1.77225,0.34121359826772,-0.82136017331185,0.11057743458813,0.25393162508908
1.7725,0.33508815519879,-0.82347287897638,0.1123386906413,0.2535794336602
1.77275,0.32894191221234,-0.82553938032054,0.11410241673536,0.25321615412591
1.773,0.32277514159384,-0.82755940372398,0.11586858468257,0.25284173042845
1.77325,0.31658811812861,-0.82953267530888,0.11763716622959,0.25245610590059
1.7735,0.31038111912543,-0.8314589209249,0.11940813305498,0.25205922324985
1.77375,0.30415442444092,-0.83333786613359,0.12118145676659,0.25165102454221
1.774,0.29790831650482,-0.83516923619216,0.12295710889865,0.25123145118542
1.77425,0.29164308034602,-0.83695275603677,0.12473506090882,0.25080044391198
1.7745,0.28535900361948,-0.83868815026506,0.12651528417499,0.2503579427616
1.77475,0.27905637663417,-0.84037514311822,0.12829774999184,0.24990388706325
1.775,0.27273549238179,-0.84201345846229,0.13008242956724,0.24943821541684
1.77525,0.26639664656661,-0.84360281976895,0.13186929401849,0.24896086567427
1.7755,0.26004013763634,-0.84514295009556,0.13365831436818,0.24847177492022
1.77575,0.25366626681394,-0.84663357206457,0.13544946153997,0.24797087945224
1.776,0.2472753381307,-0.84807440784229,0.13724270635404,0.24745811476052
1.77625,0.24086765846039,-0.84946517911689,0.1390380195223,0.24693341550707
1.7765,0.23444353755457,-0.85080560707581,0.1408353716433,0.24639671550432
1.77675,0.2280032880793,-0.85209541238236,0.14263473319693,0.24584794769331
1.777,0.22154722565298,-0.85333431515169,0.14443607453877,0.24528704412122
1.77725,0.21507566888563,-0.85452203492592,0.14623936589411,0.24471393591839
1.7775,0.20858893941957,-0.85565829064866,0.14804457735173,0.24412855327474
1.77775,0.20208736197148,-0.85674280063867,0.14985167885725,0.24353082541554
1.778,0.19557126437609,-0.8577752825628,0.15166064020618,0.2429206805767
1.77825,0.18904097763135,-0.85875545340817,0.15347143103662,0.24229804597928
1.7785,0.18249683594523,-0.85968302945352,0.15528402082151,0.24166284780343
1.77875,0.17593917678428,-0.86055772623984,0.15709837886053,0.24101501116168
1.779,0.16936834092392,-0.86137925854011,0.15891447427157,0.24035446007148
1.77925,0.16278467250049,-0.8621473403283,0.16073227598173,0.23968111742712
1.7795,0.15618851906532,-0.86286168474753,0.16255175271792,0.23899490497086
1.77975,0.14958023164065,-0.86352200407737,0.16437287299694,0.23829574326338
1.78,0.1429601647777,-0.86412800970038,0.16619560511501,0.23758355165342
1.78025,0.1363286766168,-0.86467941206771,0.1680199171369,0.2368582482467
1.7805,0.12968612894972,-0.86517592066394,0.16984577688442,0.23611974987396
1.78075,0.12303288728433,-0.86561724397101,0.17167315192434,0.2353679720583
1.781,0.11636932091165,-0.86600308943133,0.17350200955572,0.23460282898155
1.78125,0.10969580297525,-0.86633316341001,0.17533231679669,0.23382423344987
1.7815,0.10301271054343,-0.86660717115619,0.17716404037043,0.23303209685841
1.78175,0.096320424683795,-0.86682481676361,0.17899714669059,0.23222632915509
1.782,0.089619330540837,-0.86698580313017,0.18083160184597,0.23140683880345
1.78225,0.082909817416219,-0.86708983191671,0.1826673715844,0.23057353274452
1.7825,0.076192278852089,-0.86713660350495,0.18450442129587,0.22972631635771
1.78275,0.069467112717515,-0.86712581695444,0.18634271599491,0.22886509342069
1.783,0.062734721298081,-0.86705716995879,0.18818222030198,0.2279897660683
1.78325,0.055995511388811,-0.86693035880097,0.19002289842412,0.22710023475025
1.7835,0.049249894390605,-0.86674507830776,0.19186471413453,0.22619639818793
1.78375,0.04249828641017,-0.86650102180338,0.1937076307513,0.2252781533299
1.784,0.035741108363774,-0.8661978810623,0.19555161111499,0.22434539530638
1.78425,0.028978786084792,-0.8658353462612,0.1973966175653,0.22339801738252
1.7845,0.02221175043527,-0.86541310593017,0.19924261191647,0.22243591091043
1.78475,0.015440437421704,-0.8649308469031,0.20108955543164,0.22145896528003
1.785,0.0086652883150885,-0.86438825426729,0.20293740879592,0.22046706786857
1.78525,0.0018867497754464,-0.86378501131239,0.20478613208819,0.21946010398891
1.7855,-0.0048947260189182,-0.86312079947854,0.20663568475164,0.21843795683647
1.78575,-0.011678681237431,-0.86239529830388,0.20848602556281,0.2174005074347
1.786,-0.018464652258147,-0.86160818537138,0.21033711259926,0.21634763457936
1.78625,-0.025252169523506,-0.86075913625507,0.21218890320568,0.21527921478112
1.7865,-0.03204075739068,-0.85984782446566,0.21404135395842,0.2141951222069
1.78675,-0.038829933976261,-0.85887392139569,0.21589442062833,0.21309522861961
1.787,-0.04561921099517,-0.85783709626411,0.21774805814191,0.21197940331632
1.78725,-0.052408093593531,-0.85673701606048,0.21960222054055,0.21084751306494
1.7875,-0.0591960801752,-0.85557334548882,0.22145686093796,0.20969942203922
1.78775,-0.065982662221881,-0.85434574691107,0.22331193147555,0.2085349917521
1.788,-0.072767324106376,-0.85305388029038,0.2251673832757,0.20735408098741
1.78825,-0.079549542898893,-0.85169740313422,0.22702316639295,0.20615654572983
1.7885,-0.086328788166053,-0.85027597043738,0.22887922976273,0.20494223909302
1.78875,-0.093104521762282,-0.848789234625,0.2307355211479,0.20371101124606
1.789,-0.099876197613441,-0.84723684549574,0.23259198708262,0.2024627093379
1.78925,-0.10664326149221,-0.84561845016507,0.23444857281369,0.20119717742006
1.7895,-0.1134051507851,-0.84393369300901,0.23630522223913,0.19991425636733
1.78975,-0.12016129425062,-0.84218221560819,0.23816187784388,0.1986137837965
1.79,-0.12691111176835,-0.84036365669263,0.24001848063249,0.19729559398311
1.79025,-0.13365401407857,-0.83847765208715,0.24187497005869,0.19595951777614
1.7905,-0.14038940251205,-0.83652383465768,0.24373128395166,0.19460538251066
1.79075,-0.14711666870962,-0.83450183425869,0.24558735843882,0.19323301191824
1.791,-0.15383519433119,-0.83241127768182,0.24744312786509,0.19184222603537
1.79125,-0.16054435075382,-0.8302517886059,0.24929852470824,0.19043284110951
1.7915,-0.16724349875829,-0.8280229875487,0.25115347949047,0.189004669503
1.79175,-0.17393198820393,-0.8257244918205,0.25300792068563,0.18755751959472
1.792,-0.1806091576911,-0.82335591547978,0.25486177462231,0.18609119567931
1.79225,-0.18727433421098,-0.82091686929133,0.25671496538223,0.18460549786422
1.7925,-0.19392683278212,-0.81840696068697,0.25856741469396,0.18310022196427
1.79275,-0.20056595607319,-0.81582579372927,0.2604190418216,0.18157515939384
1.793,-0.20719099401159,-0.81317296907855,0.26226976344832,0.18003009705662
1.79325,-0.2138012233772,-0.81044808396352,0.26411949355432,0.17846481723298
1.7935,-0.22039590738085,-0.80765073215596,0.26596814328915,0.17687909746472
1.79375,-0.22697429522681,-0.80478050394975,0.26781562083802,0.17527271043748
1.794,-0.23353562165883,-0.8018369861448,0.26966183128177,0.17364542386053
1.79425,-0.240079106489,-0.79881976203633,0.27150667645031,0.17199700034407
1.7945,-0.24660395410894,-0.79572841140982,0.27335005476914,0.17032719727406
1.79475,-0.25310935298242,-0.79256251054241,0.27519186109864,0.16863576668441
1.795,-0.25959447511899,-0.78932163221117,0.2770319865658,0.16692245512679
1.79525,-0.26605847552782,-0.78600534570882,0.27887031838798,0.16518700353776
1.7955,-0.27250049165082,-0.78261321686767,0.28070673968841,0.16342914710357
1.79575,-0.27891964277472,-0.7791448080924,0.2825411293029,0.16164861512235
1.796,-0.28531502942089,-0.77559967840236,0.28437336157753,0.15984513086402
1.79625,-0.29168573271237,-0.77197738348439,0.28620330615665,0.15801841142764
1.7965,-0.29803081371721,-0.76827747575673,0.28803082776096,0.15616816759656
1.79675,-0.30434931276725,-0.76449950444517,0.28985578595501,0.15429410369124
1.797,-0.31064024875149,-0.7606430156723,0.29167803490378,0.1523959174199
1.79725,-0.31690261838316,-0.75670755256093,0.29349742311759,0.15047329972705
1.7975,-0.32313539543952,-0.7526926553527,0.2953137931851,0.14852593464007
1.79775,-0.32933752997353,-0.74859786154326,0.29712698149349,0.14655349911387
1.798,-0.33550794749627,-0.74442270603509,0.29893681793548,0.1445556628739
1.79825,-0.34164554812933,-0.74016672130941,0.30074312560241,0.14253208825754
1.7985,-0.3477492057259,-0.7358294376186,0.30254572046272,0.14048243005412
1.79875,-0.35381776695972,-0.73141038320074,0.30434441102526,0.13840633534384
1.799,-0.35985005038075,-0.7269090845178,0.30613899798654,0.13630344333565
1.79925,-0.36584484543645,-0.72232506651927,0.30792927386126,0.13417338520456
1.7995,-0.37180091145762,-0.71765785293324,0.30971502259534,0.13201578392853
1.79975,-0.37771697660768,-0.71290696658671,0.31149601916051,0.12983025412525
1.8,-0.38359173679421,-0.70807192975749,0.31327202912976,0.12761640188938
1.80025,-0.38942385454164,-0.70315226455978,0.31504280823255,0.12537382463037
1.8005,-0.39521195782406,-0.69814749336597,0.31680810188904,0.12310211091147
1.80075,-0.40095463885667,-0.69305713926723,0.31856764472217,0.12080084029044
1.801,-0.40665045284518,-0.68788072657563,0.32032116004664,0.11846958316243
1.80125,-0.41229791669154,-0.68261778137078,0.32206835933381,0.11610790060563
1.8015,-0.4178955076552,-0.67726783209405,0.32380894165115,0.11371534423041
1.80175,-0.42344166196868,-0.67183041019378,0.32554259307541,0.11129145603258
1.802,-0.42893477340625,-0.66630505082505,0.32726898607797,0.10883576825172
1.80225,-0.43437319180474,-0.66069129360768,0.32898777888134,0.10634780323524
1.8025,-0.43975522153557,-0.65498868344667,0.3306986147854,0.10382707330927
1.80275,-0.44507911992665,-0.64919677141926,0.33240112146206,0.1012730806574
1.803,-0.45034309563377,-0.64331511573316,0.33409491021686,0.098685317208364
1.80325,-0.45554530696006,-0.6373432827609,0.3357795752162,0.096063264533933
1.8035,-0.46068386012328,-0.63128084815542,0.33745469267843,0.093406393758383
1.80375,-0.46575680746986,-0.62512739805235,0.33911982002761,0.090714165480976
1.804,-0.47076214563548,-0.6188825303649,0.34077449500789,0.087986029713123
1.80425,-0.4756978136516,-0.61254585617749,0.34241823475727,0.085221425831905
1.8045,-0.4805616909978,-0.60611700124465,0.34405053483872,0.082419782551905
1.80475,-0.48535159559983,-0.59959560760239,0.34567086822702,0.079580517917417
1.805,-0.49006528177361,-0.59298133529911,0.34727868424962,0.076703039317225
1.80525,-0.49470043811545,-0.58627386425421,0.34887340747947,0.073786743524466
1.8055,-0.49925468533942,-0.57947289625248,0.35045443657809,0.070831016764149
1.80575,-0.50372557406253,-0.57257815708319,0.35202114308703,0.067835234811217
1.806,-0.50811058253936,-0.56558939883317,0.35357287016555,0.064798763122277
1.80625,-0.51240711434767,-0.55850640234374,0.35510893127282,0.061720957004315
1.8065,-0.51661249602733,-0.55132897984173,0.35662860879256,0.058601161824029
1.80675,-0.52072397467502,-0.54405697775589,0.35813115259817,0.055438713261744
1.807,-0.52473871549818,-0.53669027972993,0.35961577855634,0.052232937614082
1.80725,-0.52865379933178,-0.52922880984454,0.36108166696737,0.048983152150023
1.8075,-0.53246622012263,-0.52167253606131,0.36252796094015,0.04568866552524
1.80775,-0.53617288238638,-0.51402147390183,0.3639537647,0.042348778260046
1.808,-0.53977059864334,-0.50627569037635,0.36535814182767,0.038962783286695
1.80825,-0.54325608684022,-0.49843530817672,0.3667401134278,0.035529966572173
1.8085,-0.54662596776579,-0.49050051014921,0.36809865622523,0.032049607823103
1.80875,-0.54987676246968,-0.48247154406356,0.36943270058791,0.028520981279933
1.809,-0.55300488969479,-0.47434872769499,0.37074112847511,0.024943356607976
1.80925,-0.55600666333522,-0.46613245423718,0.37202277130989,0.021315999893579
1.8095,-0.55887828993281,-0.45782319806425,0.37327640777534,0.017638174754133
1.80975,-0.56161586622767,-0.44942152086097,0.3745007615339,0.013909143571364
1.81,-0.56421537677912,-0.44092807814092,0.37569449886987,0.010128168857966
1.81025,-0.56667269167616,-0.43234362617266,0.37685622625556,0.0062945147682684
1.8105,-0.5689835643582,-0.42366902933501,0.37798448784169,0.0024074487643993
1.81075,-0.57114362956955,-0.41490526792263,0.37907776287376,-0.0015337565498251
1.811,-0.5731484014734,-0.40605344642362,0.38013446303621,-0.0055298214144053
1.81125,-0.57499327195413,-0.39711480229139,0.38115292972728,-0.009581456704189
1.8115,-0.57667350913951,-0.38809071523264,0.38213143126819,-0.013689361510919
1.81175,-0.57818425617783,-0.37898271703418,0.38306816005111,-0.017854220500823
1.812,-0.57952053030841,-0.3697925019503,0.38396122963162,-0.022076701031406
1.81225,-0.58067722226783,-0.36052193767279,0.38480867177234,-0.026357450010324
1.8125,-0.58164909607814,-0.35117307690447,0.385608433446,-0.030697090478245
1.81275,-0.58243078926793,-0.34174816955689,0.38635837380736,-0.035096217896727
1.813,-0.58301681358148,-0.33224967559097,0.38705626114535,-0.039555396121396
1.81325,-0.58340155623653,-0.3226802785184,0.38769976982859,-0.044075153039687
1.8135,-0.58357928179616,-0.31304289957914,0.38828647725916,-0.048655975851823
1.81375,-0.58354413472613,-0.30334071260811,0.38881386085228,-0.053298305972828
1.814,-0.58329014271469,-0.29357715960121,0.38927929506154,-0.058002533532743
1.81425,-0.58281122083815,-0.28375596698676,0.38968004847237,-0.062768991451752
1.8145,-0.58210117666189,-0.27388116260448,0.39001328098919,-0.067597949066404
1.81475,-0.58115371637314,-0.26395709338888,0.39027604114512,-0.072489605282855
1.815,-0.57996245204876,-0.25398844374751,0.3904652635666,-0.077444081233114
1.81525,-0.57852091016821,-0.24398025461828,0.39057776662895,-0.082461412410241
1.8155,-0.57682254148901,-0.23393794318112,0.39061025034338,-0.087541540259099
1.81575,-0.57486073240913,-0.22386732319071,0.39055929452009,-0.092684303199895
1.816,-0.57262881794778,-0.21377462588597,0.39042135725706,-0.097889427062912
1.81625,-0.57012009648284,-0.20366652142038,0.39019277380919,-0.10315651491454
1.8165,-0.56732784638975,-0.19355014074349,0.3898697558978,-0.10848503625676
1.81675,-0.56424534473257,-0.18343309784915,0.38944839152631,-0.11387431558479
1.817,-0.56086588816344,-0.17332351228881,0.38892464537376,-0.1193235202914
1.81725,-0.55718281619083,-0.16323003183017,0.38829435984409,-0.12483164790999
1.8175,-0.55318953698048,-0.15316185512002,0.38755325685561,-0.13039751269388
1.81775,-0.5488795558546,-0.14312875418846,0.38669694046147,-0.13601973153508
1.818,-0.54424650665512,-0.1331410966063,0.38572090039858,-0.14169670923264
1.81825,-0.53928418613468,-0.12320986708124,0.38462051666914,-0.14742662312904
1.8185,-0.53398659153437,-0.11334668824924,0.38339106526523,-0.15320740714215
1.81875,-0.52834796150008,-0.10356384038726,0.38202772515307,-0.1590367352313
1.819,-0.52236282047803,-0.093874279740129,0.38052558663939,-0.16491200434794
1.81925,-0.51602602671529,-0.084291655120778,0.37887966124726,-0.17083031693528
1.8195,-0.50933282397189,-0.074830322406534,0.37708489323314,-0.1767884630566
1.81975,-0.50227889702634,-0.065505356517607,0.37513617287993,-0.18278290224898
1.82,-0.49486043102678,-0.05633256042631,0.3730283517025,-0.18880974521792
1.82025,-0.48707417470317,-0.047328470707566,0.37075625970241,-0.19486473550912
1.8205,-0.4789175074132,-0.038510359104608,0.36831472480634,-0.20094323131551
1.82075,-0.47038850994385,-0.029896229547703,0.36569859461829,-0.207040187602
1.821,-0.46148603893242,-0.021504810030801,0.36290276060851,-0.21315013875547
1.82125,-0.45220980470397,-0.0133555387214,0.35992218485123,-0.21926718199433
1.8215,-0.4425604522472,-0.0054685436539999,0.3567519294091,-0.22538496179982
1.82175,-0.43253964496658,0.0021353846605373,0.35338718844367,-0.23149665565955
1.822,-0.4221501507565,0.0094348283876202,0.34982332310799,-0.2375949614423
1.82225,-0.4113959298415,0.016407785961993,0.34605589924899,-0.24367208675168
1.8225,-0.4002822237187,0.023031724787968,0.34208072791366,-0.24971974063301
1.82275,-0.38881564442228,0.029283643688259,0.33789390861314,-0.25572912803346
1.823,-0.37700426320872,0.035140145701754,0.3334918752532,-0.26169094743785
1.82325,-0.36485769763667,0.040577521770967,0.32887144458751,-0.26759539212118
1.8235,-0.35238719588784,0.045571845780885,0.32402986699182,-0.27343215547254
1.82375,-0.3396057170498,0.050099081309533,0.31896487929304,-0.27919044085229
1.824,-0.32652800596008,0.054135200325983,0.31367475931717,-0.28485897644395
1.82425,-0.31317066109665,0.057656313922437,0.30815838174544,-0.29042603555266
1.8245,-0.29955219389916,0.060638814992241,0.30241527478903,-0.29587946278173
1.82475,-0.28569307782009,0.063059532566082,0.29644567711156,-0.30120670648687
1.825,-0.27161578534299,0.064895897294092,0.29025059434569,-0.30639485786214
1.82525,-0.25734481116958,0.066126117314381,0.28383185446886,-0.31143069695161
1.8255,-0.24290667977499,0.066729363481273,0.27719216122443,-0.31630074580613
1.82575,-0.22832993556654,0.066685962642899,0.27033514470215,-0.32099132891293
1.826,-0.21364511396039,0.065977597363251,0.26326540812785,-0.32548864091946
1.82625,-0.19888469181695,0.064587510184496,0.2559885698605,-0.32977882154992
1.8265,-0.18408301585404,0.062500710228914,0.24851129955796,-0.33384803747624
1.82675,-0.16927620788883,0.059704179655155,0.24084134745505,-0.33768257075482
1.827,-0.15450204604522,0.056187077220006,0.23298756570065,-0.34126891328043
1.82725,-0.13979982140449,0.051940935965432,0.22495992073008,-0.34459386654031
1.8275,-0.12521016996742,0.046959851861626,0.21676949570412,-0.34764464578043
1.82775,-0.11077488023347,0.041240660101458,0.20842848213199,-0.35040898752583
1.828,-0.096536677178498,0.034783095670302,0.19995015991136,-0.35287525923268
1.82825,-0.082538983915831,0.027589934816855,0.1913488651648,-0.35503256969846
1.8285,-0.068825662847504,0.019667114133822,0.18263994542915,-0.35687087872257
1.82875,-0.0554407386349,0.011023824127002,0.173839701958,-0.35838110440024
1.829,-0.042428105829145,0.0016725744115665,0.16496531912604,-0.35955522635287
1.82925,-0.029831224482022,-0.008370771975348,0.15603478117249,-0.36038638315382
1.8295,-0.017692807491321,-0.019086997219461,0.14706677678184,-0.36086896220425
1.82975,-0.0060545038041565,-0.030453561887641,0.13808059226894,-0.36099868035291
1.83,0.0050434181090601,-0.042444673568373,0.129095994402,-0.36077265363851
1.83025,0.015562381902651,-0.055031391320195,0.12013310415393,-0.36018945466433
1.8305,0.025465805428716,-0.068181765571378,0.11121226291078,-0.35924915629075
1.83075,0.034719388562686,-0.081861012412194,0.10235389287686,-0.35795336054933
1.831,0.043291382251436,-0.096031720521071,0.093578353591136,-0.3563052119371
1.83125,0.051152834513538,-0.11065408828831,0.084905796602829,-0.35430939453555
1.8315,0.058277809494606,-0.12568618807001,0.076356020437778,-0.35197211270721
1.83175,0.064643576157181,-0.14108425393891,0.067948328019614,-0.34930105544409
1.832,0.070230763751935,-0.15680298881801,0.059701388686743,-0.346305344768
1.83225,0.075023481858038,-0.17279588650286,0.051633106868455,-0.34299546890055
1.8325,0.079009403474917,-0.18901556381004,0.043760499353604,-0.33938320122259
1.83275,0.082179810374567,-0.20541409794187,0.036099582905976,-0.33548150631711
1.833,0.084529600659274,-0.22194336413248,0.028665273759198,-0.33130443462967
1.83325,0.086057259191929,-0.23855536873717,0.021471300267178,-0.32686700747814
1.8335,0.086764792253323,-0.25520257313974,0.014530129702757,-0.32218509429334
1.83375,0.08665762841287,-0.2718382041698,0.0078529098972251,-0.31727528407194
1.834,0.085744488159663,-0.28841654713127,0.0014494261060944,-0.31215475306978
1.83425,0.084037225315872,-0.30489321802852,-0.0046719268183321,-0.30684113075956
1.8345,0.081550643634552,-0.32122541211781,-0.010504157159865,-0.30135236602322
1.83475,0.07830229226339,-0.33737212649123,-0.01604167446211,-0.29570659545141
1.835,0.0743122439328,-0.35329435499927,-0.021280273774524,-0.2899220154844
1.83525,0.069602859803384,-0.36895525441547,-0.026217106965824,-0.2840167599593
1.8355,0.064198544888999,-0.38432028132903,-0.030850642227255,-0.27800878443253
1.83575,0.058125497866173,-0.3993572997997,-0.035180613026533,-0.27191575843353
1.836,0.051411458898413,-0.41403666031461,-0.039207957872234,-0.2657549665825
1.83625,0.044085458856977,-0.42833125103686,-0.042934752308594,-0.25954321927837
1.8365,0.036177573021375,-0.44221652272436,-0.046364134583526,-0.25329677344111
1.83675,0.027718682005512,-0.45567048902061,-0.049500226421943,-0.24703126357899
1.837,0.018740242292944,-0.46867370407459,-0.052348050295218,-0.24076164325272
1.83725,0.0092740683888462,-0.48120921963569,-0.054913444510547,-0.23450213682795
1.8375,-0.00064787178182014,-0.49326252389436,-0.057202977355855,-0.22826620124743
1.83775,-0.01099364697047,-0.50482146440444,-0.059223861431083,-0.22206649741756
1.838,-0.021731537289875,-0.5158761574335,-0.060983869180208,-0.21591487068993
1.83825,-0.032830192913921,-0.52641888605157,-0.062491250514595,-0.20982233982884
1.8385,-0.044258776521096,-0.53644398919109,-0.063754653290976,-0.20379909378799
1.83875,-0.055987089482351,-0.54594774380001,-0.064783047280485,-0.1978544955739
1.839,-0.067985682032402,-0.55492824207387,-0.065585652141507,-0.19199709244704
1.83925,-0.080225947866476,-0.56338526559539,-0.066171869791175,-0.18623463170339
1.8395,-0.092680203774298,-0.57132015804136,-0.066551221460285,-0.18057408128525
1.83975,-0.10532175505878,-0.57873569793919,-0.066733289615351,-0.17502165449024
1.84,-0.11812494759155,-0.58563597277587,-0.066727664840725,-0.16958283807759
1.84025,-0.13106520743356,-0.59202625558482,-0.066543897693516,-0.16426242310915
1.8405,-0.14411906899797,-0.597912884963,-0.066191455474633,-0.15906453790825
1.84075,-0.15726419275927,-0.60330314930692,-0.06567968380058,-0.15399268256812
1.841,-0.17047937351847,-0.60820517590146,-0.065017772812121,-0.14904976449406
1.84125,-0.18374454022278,-0.61262782535328,-0.064214727817122,-0.14423813451653
1.8415,-0.19704074831345,-0.61658059173084,-0.063279344134963,-0.1395596231652
1.84175,-0.21035016553814,-0.6200735086565,-0.062220185888069,-0.13501557674615
1.842,-0.2236560521184,-0.62311706149271,-0.061045568471547,-0.13060689291395
1.84225,-0.23694273611079,-0.62572210567487,-0.059763544423594,-0.12633405547779
1.8425,-0.25019558474301,-0.627899791165,-0.058381892416515,-0.12219716822488
1.84275,-0.26340097244632,-0.6296614929357,-0.056908109089992,-0.11819598758511
1.843,-0.27654624624527,-0.63101874733895,-0.055349403453726,-0.11432995399786
1.84325,-0.28961968910368,-0.6319831941704,-0.053712693595323,-0.1105982218758
1.8435,-0.3026104817669,-0.63256652420477,-0.05200460544022,-0.10699968808991
1.84375,-0.31550866358142,-0.63278043195171,-0.050231473323353,-0.10353301892646
1.844,-0.32830509271766,-0.63263657336206,-0.04839934214641,-0.10019667548968
1.84425,-0.3409914061694,-0.63214652820178,-0.046513970909384,-0.096988937543458
1.8445,-0.35355997985347,-0.63132176680381,-0.044580837420655,-0.093907925802377
1.84475,-0.36600388908823,-0.63017362090538,-0.042605144005255,-0.090951622696145
1.845,-0.37831686968689,-0.62871325828001,-0.040591824046391,-0.088117891643335
1.84525,-0.39049327986329,-0.62695166087819,-0.038545549210357,-0.085404494879515
1.8455,-0.4025280631132,-0.62489960619798,-0.036470737219399,-0.082809109892157
1.84575,-0.41441671220254,-0.62256765161638,-0.034371560050992,-0.080329344520341
1.846,-0.42615523436606,-0.61996612142353,-0.032251952455128,-0.077962750781259
1.84625,-0.4377401177953,-0.61710509631374,-0.030115620693446,-0.075706837488164
1.8465,-0.44916829947235,-0.61399440510074,-0.027966051415614,-0.073559081726031
1.84675,-0.46043713438751,-0.61064361843787,-0.02580652059891,-0.071516939251662
1.847,-0.47154436616167,-0.60706204433778,-0.023640102486784,-0.069577853884805
1.84725,-0.48248809908047,-0.60325872530012,-0.02146967847112,-0.067739265955918
1.8475,-0.49326677153499,-0.59924243686908,-0.019297945870995,-0.065998619874706
1.84775,-0.50387913085346,-0.59502168745614,-0.017127426568198,-0.064353370881768
1.848,-0.5143242095002,-0.59060471927634,-0.014960475466278,-0.062800991043358
1.84825,-0.52460130261071,-0.58599951025848,-0.012799288745904,-0.061338974546862
1.8485,-0.5347099468265,-0.58121377680197,-0.01064591189459,-0.059964842351941
1.84875,-0.54464990038855,-0.57625497726365,-0.0085022474934837,-0.058676146249463
1.849,-0.55442112444528,-0.5711303160691,-0.0063700627480877,-0.057470472377569
1.84925,-0.56402376552792,-0.5658467483525,-0.0042509967534022,-0.056345444241366
1.8495,-0.57345813914499,-0.56041098503849,-0.0021465674871025,-0.05529872527984
1.84975,-0.58272471444628,-0.55482949828808,-5.817852712355e-05,-0.054328021020861
1.85,-0.59182409990626,-0.54910852723895,0.0020128745075905,-0.053431080862372
1.85025,-0.60075702997721,-0.54325408397731,0.0040653977924984,-0.052605699515222
1.8505,-0.60952435266223,-0.53727195968597,0.0060982934065278,-0.051849718140572
1.85075,-0.6181270179598,-0.53116773091905,0.0081105537109693,-0.051161025212345
1.851,-0.62656606713192,-0.52494676595965,0.010101255993144,-0.050537557132874
1.85125,-0.63484262274951,-0.5186142312221,0.012069557368776,-0.049977298627707
1.8515,-0.64295787947026,-0.51217509766505,0.014014689936335,-0.049478282943444
1.85175,-0.65091309550521,-0.50563414718607,0.015935956175851,-0.049038591870513
1.852,-0.65870958473264,-0.49899597897229,0.017832724584395,-0.048656355610974
1.85225,-0.66634870941912,-0.49226501578505,0.019704425539942,-0.04832975250968
1.8525,-0.67383187350933,-0.4854455101601,0.021550547385181,-0.048057008665597
1.85275,-0.68116051644845,-0.47854155050715,0.02337063272269,-0.047836397438479
1.853,-0.68833610750229,-0.47155706709559,0.025164274912819,-0.047666238864832
1.85325,-0.69536014054209,-0.46449583791546,0.026931114765614,-0.047544898995708
1.8535,-0.70223412926311,-0.45736149440448,0.028670837418266,-0.047470789167762
1.85375,-0.70895960280722,-0.45015752703407,0.030383169389597,-0.047442365217855
1.854,-0.71553810176181,-0.44288729074881,0.032067875803271,-0.047458126650519
1.85425,-0.72197117450873,-0.43555401025517,0.033724757771692,-0.047516615766634
1.8545,-0.7282603738985,-0.42816078515652,0.035353649932586,-0.047616416760843
1.85475,-0.73440725422668,-0.4207105949328,0.036954418130719,-0.047756154794437
1.855,-0.74041336849044,-0.41320630376379,0.038526957237255,-0.047934495049734
1.85525,-0.74628026590506,-0.40565066519612,0.040071189099637,-0.048150141771305
1.8555,-0.75200948966108,-0.39804632665462,0.041587060615112,-0.048401837298852
1.85575,-0.75760257490414,-0.39039583379935,0.043074541921254,-0.048688361095916
1.856,-0.76306104692095,-0.38270163473015,0.044533624697174,-0.049008528778209
1.85625,-0.76838641951547,-0.37496608404098,0.045964320569334,-0.04936119114481
1.8565,-0.77358019356094,-0.36719144672678,0.047366659616169,-0.049745233215126
1.85675,-0.77864385571389,-0.35937990194564,0.048740688965964,-0.050159573274136
1.857,-0.78357887727771,-0.35153354663968,0.050086471482767,-0.050603161928081
1.85725,-0.7883867132036,-0.34365439901804,0.051404084535232,-0.051074981172489
1.8575,-0.79306880121832,-0.33574440190538,0.052693618843725,-0.051574043474136
1.85775,-0.79762656106814,-0.32780542595988,0.053955177401075,-0.05209939086831
1.858,-0.80206139386966,-0.31983927276424,0.055188874462723,-0.052650094072517
1.85825,-0.80637468155874,-0.31184767779369,0.05639483460218,-0.053225251617583
1.8585,-0.81056778642905,-0.30383231326495,0.057573191827929,-0.05382398899691
1.85875,-0.81464205075305,-0.29579479086973,0.058724088758137,-0.054445457834505
1.859,-0.81859879647803,-0.28773666439691,0.059847675849705,-0.055088835072265
1.85925,-0.82243932499079,-0.2796594322472,0.0609441106784,-0.055753322176842
1.8595,-0.82616491694494,-0.2715645398439,0.06201355726699,-0.056438144366352
1.85975,-0.82977683214521,-0.26345338194375,0.063056185458459,-0.057142549857041
1.86,-0.83327630948358,-0.25532730485129,0.064072170331571,-0.057865809129984
1.86025,-0.83666456692247,-0.24718760854052,0.065061691656179,-0.058607214217782
1.8605,-0.8399428015205,-0.23903554868735,0.066024933385842,-0.05936607801116
1.86075,-0.84311218949689,-0.23087233861623,0.066962083185453,-0.06014173358534
1.861,-0.84617388633057,-0.22269915116423,0.067873331991704,-0.060933533545975
1.86125,-0.84912902689066,-0.21451712046604,0.06875887360435,-0.0617408493944
1.8615,-0.85197872559501,-0.20632734366293,0.069618904306346,-0.062563070911942
1.86175,-0.85472407659395,-0.19813088253855,0.070453622511072,-0.063399605562962
1.862,-0.85736615397644,-0.18992876508501,0.071263228434894,-0.064249877916296
1.86225,-0.85990601199631,-0.18172198700148,0.072047923793536,-0.065113329084749
1.8625,-0.86234468531598,-0.17351151312869,0.072807911520672,-0.06598941618225
1.86275,-0.86468318926591,-0.16529827882154,0.073543395507417,-0.06687761179829
1.863,-0.86692252011757,-0.15708319126266,0.074254580361307,-0.067777403489251
1.86325,-0.86906365536837,-0.14886713071931,0.074941671183566,-0.068688293286177
1.8635,-0.87110755403672,-0.14065095174599,0.075604873363491,-0.069609797218636
1.86375,-0.87305515696586,-0.13243548433511,0.076244392388809,-0.070541444854186
1.864,-0.87490738713521,-0.12422153501794,0.076860433671034,-0.071482778853082
1.86425,-0.87666514997769,-0.11600988791783,0.0774532023848,-0.072433354537769
1.8645,-0.87832933370216,-0.10780130575798,0.078022903320292,-0.073392739476747
1.86475,-0.87990080961983,-0.099596530825423,0.078569740747902,-0.074360513082414
1.865,-0.8813804324737,-0.091396285893374,0.079093918294318,-0.075336266222451
1.86525,-0.88276904077024,-0.08320127510353,0.079595638829285,-0.076319600844346
1.8655,-0.88406745711241,-0.075012184810226,0.080075104362333,-0.077310129612664
1.86575,-0.8852764885335,-0.066829684387874,0.080532515948828,-0.07830747555868
1.866,-0.88639692683094,-0.058654427003564,0.080968073604679,-0.079311271741943
1.86625,-0.88742954889975,-0.050487050356036,0.081381976229175,-0.080321160923447
1.8665,-0.88837511706486,-0.04232817738271,0.081774421535367,-0.08133679525
1.86675,-0.88923437941207,-0.034178416936039,0.082145605987483,-0.082357835949428
1.867,-0.89000807011703,-0.026038364430507,0.082495724744932,-0.083383953036298
1.86725,-0.89069690977209,-0.017908602461668,0.082824971612392,-0.084414825027747
1.8675,-0.89130160571045,-0.0097897013982321,0.083133538995614,-0.085450138669139
1.86775,-0.89182285232751,-0.0016822199485926,0.083421617862509,-0.0864895886692
1.868,-0.89226133139905,0.0064132942972615,0.083689397709163,-0.087532877444289
1.86825,-0.89261771239612,0.014496304349396,0.083937066530433,-0.088579714871546
1.8685,-0.89289265279628,0.022566283321927,0.084164810794801,-0.089629818050553
1.86875,-0.8930867983912,0.030622713958652,0.084372815423168,-0.090682911073263
1.869,-0.89320078359034,0.038665088179285,0.084561263771326,-0.091738724801898
1.86925,-0.89323523172067,0.046692906645268,0.084730337615818,-0.092796996654526
1.8695,-0.89319075532224,0.054705678344602,0.084880217142951,-0.093857470398065
1.86975,-0.89306795643962,0.062702920194664,0.085011080940724,-0.094919895948469
1.87,-0.89286742690905,0.070684156662296,0.085123105993454,-0.095984029177805
1.87025,-0.89258974864129,0.078648919400516,0.085216467678889,-0.097049631728021
1.8705,-0.89223549390011,0.086596746900988,0.085291339767629,-0.09811647083114
1.87075,-0.89180522557643,0.094527184161765,0.085347894424657,-0.099184319135684
1.871,-0.891299497458,0.10243978236951,0.085386302212837,-0.10025295453907
1.87125,-0.89071885449478,0.11033409859569,0.085406732098201,-0.10132216002582
1.8715,-0.89006383305979,0.11820969550608,0.085409351456886,-0.10239172351128
1.87175,-0.8893349612057,0.12606614108308,0.085394326083597,-0.10346143769085
1.872,-0.88853275891698,0.13390300836028,0.085361820201437,-0.10453109989425
1.87225,-0.88765773835767,0.14171987516884,0.085311996473027,-0.10560051194488
1.8725,-0.88671040411493,0.14951632389498,0.085245016012765,-0.10666948002404
1.87275,-0.88569125343821,0.15729194124844,0.085161038400144,-0.1077378145397
1.873,-0.8846007764743,0.16504631804128,0.085060221694026,-0.10880532999989
1.87325,-0.883439456498,0.17277904897649,0.084942722447778,-0.1098718448903
1.8735,-0.88220777013889,0.18048973244632,0.084808695725187,-0.11093718155617
1.87375,-0.88090618760373,0.18817797033966,0.084658295117084,-0.11200116608811
1.874,-0.87953517289507,0.19584336785825,0.084491672758585,-0.11306362821194
1.87425,-0.8780951840257,0.20348553334128,0.084308979346899,-0.11412440118213
1.8745,-0.87658667322922,0.21110407809822,0.084110364159633,-0.11518332167895
1.87475,-0.87501008716679,0.2186986162493,0.083895975073531,-0.11624022970914
1.875,-0.87336586712997,0.2262687645736,0.083665958583593,-0.11729496850985
1.87525,-0.87165444923992,0.23381414236423,0.083420459822531,-0.11834738445589
1.8755,-0.86987626464281,0.24133437129054,0.083159622580505,-0.11939732697015
1.87575,-0.86803173970171,0.2488290752669,0.082883589325091,-0.12044464843696
1.876,-0.8661212961848,0.25629788032793,0.082592501221467,-0.1214892041184
1.87625,-0.86414535145013,0.26374041450988,0.08228649815273,-0.12253085207348
1.8765,-0.86210431862705,0.27115630773798,0.081965718740369,-0.12356945307998
1.87675,-0.85999860679403,0.27854519171944,0.081630300364803,-0.12460487055891
1.877,-0.85782862115338,0.28590669984203,0.081280379186001,-0.12563697050154
1.87725,-0.85559476320261,0.29324046707788,0.080916090164124,-0.12666562139881
1.8775,-0.85329743090262,0.30054612989255,0.08053756708018,-0.12769069417321
1.87775,-0.85093701884274,0.30782332615882,0.080144942556666,-0.1287120621128
1.878,-0.84851391840273,0.31507169507542,0.079738348078166,-0.12972960080753
1.87825,-0.84602851791173,0.32229087709032,0.079317914011897,-0.13074318808764
1.8785,-0.84348120280427,0.32948051382832,0.07888376962818,-0.13175270396409
1.87875,-0.84087235577331,0.33664024802315,0.078436043120812,-0.13275803057102
1.879,-0.83820235692059,0.34376972345351,0.077974861627333,-0.13375905211008
1.87925,-0.83547158390395,0.35086858488322,0.077500351249177,-0.13475565479662
1.8795,-0.83268041208213,0.35793647800523,0.077012637071669,-0.13574772680766
1.87975,-0.82982921465671,0.36497304938932,0.076511843183899,-0.13673515823154
1.88,-0.82691836281151,0.37197794643345,0.075998092698417,-0.13771784101936
1.88025,-0.82394822584931,0.3789508173187,0.075471507770769,-0.13869566893784
1.8805,-0.82091917132611,0.38589131096743,0.074932209618856,-0.1396685375239
1.88075,-0.81783156518278,0.39279907700489,0.074380318542109,-0.14063634404064
1.881,-0.81468577187438,0.39967376572399,0.073815953940467,-0.14159898743481
1.88125,-0.81148215449691,0.40651502805307,0.073239234333166,-0.14255636829567
1.8815,-0.80822107491182,0.41332251552679,0.072650277377311,-0.14350838881519
1.88175,-0.80490289386811,0.42009588025988,0.072049199886254,-0.1444549527496
1.882,-0.80152797112213,0.4268347749237,0.071436117847746,-0.14539596538217
1.88225,-0.79809666555517,0.43353885272562,0.070811146441882,-0.14633133348723
1.8825,-0.79460933528878,0.44020776739096,0.07017440005882,-0.14726096529533
1.88275,-0.79106633779791,0.44684117314767,0.069525992316275,-0.14818477045966
1.883,-0.78746803002193,0.45343872471342,0.068866036076797,-0.14910266002341
1.88325,-0.78381476847346,0.46000007728515,0.068194643464811,-0.15001454638837
1.8835,-0.78010690934516,0.46652488653113,0.067511925883435,-0.15092034328443
1.88375,-0.77634480861443,0.47301280858521,0.066817994031066,-0.15181996574018
1.884,-0.77252882214612,0.4794635000434,0.066112957917734,-0.1527133300544
1.88425,-0.76865930579312,0.4858766179627,0.065396926881226,-0.15360035376859
1.8845,-0.76473661549511,0.49225181986202,0.064670009602979,-0.15448095564026
1.88475,-0.76076110737524,0.4985887637252,0.06393231412374,-0.1553550556173
1.885,-0.75673313783493,0.50488710800618,0.063183947858992,-0.15622257481298
1.88525,-0.75265306364671,0.51114651163601,0.06242501761416,-0.15708343548198
1.8855,-0.74852124204522,0.51736663403199,0.061655629599569,-0.15793756099705
1.88575,-0.74433803081631,0.52354713510857,0.060875889445188,-0.15878487582659
1.886,-0.74010378838427,0.52968767529017,0.060085902215142,-0.15962530551283
1.88625,-0.73581887389721,0.53578791552588,0.059285772421986,-0.16045877665089
1.8865,-0.73148364731067,0.54184751730582,0.058475604040772,-0.16128521686843
1.88675,-0.72709846946939,0.54786614267932,0.057655500522871,-0.16210455480603
1.887,-0.72266370218725,0.55384345427478,0.056825564809589,-0.16291672009822
1.88725,-0.71817970832549,0.55977911532115,0.055985899345552,-0.16372164335516
1.8875,-0.71364685186914,0.56567278967114,0.055136606091868,-0.16451925614494
1.88775,-0.70906549800166,0.57152414182587,0.054277786539086,-0.16530949097645
1.888,-0.70443601317787,0.57733283696119,0.05340954171992,-0.1660922812829
1.88825,-0.69975876519511,0.58309854095547,0.052531972221772,-0.16686756140587
1.8885,-0.6950341232627,0.58882092041891,0.051645178199036,-0.16763526657985
1.88875,-0.69026245806967,0.59449964272422,0.050749259385198,-0.16839533291746
1.889,-0.6854441418507,0.60013437603885,0.049844315104715,-0.16914769739502
1.88925,-0.6805795484505,0.60572478935847,0.048930444284706,-0.16989229783877
1.8895,-0.67566905338628,0.61127055254197,0.04800774546642,-0.17062907291145
1.88975,-0.67071303390874,0.61677133634762,0.047076316816515,-0.17135796209947
1.89,-0.66571186906115,0.62222681247064,0.046136256138133,-0.17207890570045
1.89025,-0.66066593973687,0.62763665358205,0.045187660881773,-0.17279184481123
1.8905,-0.65557562873514,0.63300053336869,0.044230628155974,-0.17349672131638
1.89075,-0.6504413208151,0.63831812657453,0.043265254737803,-0.17419347787699
1.891,-0.64526340274827,0.64358910904309,0.042291637083145,-0.17488205792004
1.89125,-0.64004226336916,0.64881315776111,0.041309871336819,-0.17556240562802
1.8915,-0.63477829362431,0.65398995090328,0.040320053342482,-0.17623446592903
1.89175,-0.62947188661955,0.65911916787812,0.039322278652377,-0.17689818448721
1.892,-0.62412343766565,0.66420048937488,0.038316642536873,-0.17755350769356
1.89225,-0.61873334432216,0.66923359741162,0.037303239993835,-0.17820038265708
1.8925,-0.61330200643963,0.67421817538413,0.036282165757817,-0.17883875719631
1.89275,-0.60782982620007,0.679153908116,0.035253514309072,-0.17946857983115
1.893,-0.60231720815574,0.68404048190961,0.034217379882388,-0.18008979977505
1.89325,-0.59676455926615,0.68887758459805,0.033173856475755,-0.18070236692747
1.8935,-0.59117228893344,0.69366490559798,0.03212303785885,-0.18130623186672
1.89375,-0.58554080903593,0.69840213596336,0.03106501758137,-0.18190134584299
1.894,-0.57987053396002,0.70308896844006,0.029999888981181,-0.18248766077184
1.89425,-0.57416188063027,0.70772509752134,0.028927745192306,-0.18306512922777
1.8945,-0.56841526853783,0.71231021950404,0.027848679152754,-0.18363370443824
1.89475,-0.562631119767,0.7168440325457,0.026762783612182,-0.18419334027789
1.895,-0.55680985902015,0.72132623672231,0.025670151139397,-0.18474399126298
1.89525,-0.5509519136408,0.72575653408683,0.0245708741297,-0.18528561254618
1.8955,-0.54505771363492,0.73013462872845,0.023465044812069,-0.18581815991154
1.89575,-0.53912769169051,0.73446022683248,0.022352755256198,-0.18634158976972
1.896,-0.53316228319535,0.73873303674089,0.021234097379366,-0.18685585915347
1.89625,-0.52716192625292,0.7429527690135,0.020109162953159,-0.18736092571333
1.8965,-0.52112706169659,0.74711913648969,0.018978043610055,-0.18785674771355
1.89675,-0.51505813310198,0.75123185435077,0.017840830849835,-0.18834328402824
1.897,-0.50895558679739,0.75529064018282,0.016697616045862,-0.18882049413773
1.89725,-0.50281987187263,0.75929521404,0.015548490451216,-0.18928833812513
1.8975,-0.49665144018574,0.76324529850843,0.014393545204663,-0.18974677667309
1.89775,-0.49045074636809,0.7671406187704,0.013232871336509,-0.19019577106079
1.898,-0.4842182478275,0.77098090266912,0.012066559774287,-0.19063528316111
1.89825,-0.47795440474954,0.77476588077374,0.01089470134831,-0.19106527543791
1.8985,-0.47165968009698,0.77849528644478,0.0097173867970931,-0.19148571094364
1.89875,-0.46533453960731,0.78216885589986,0.0085347067726176,-0.19189655331701
1.899,-0.45897945178842,0.78578632827978,0.0073467518454755,-0.19229776678088
1.89925,-0.45259488791238,0.78934744571477,0.0061536125098648,-0.19268931614031
1.8995,-0.44618132200731,0.792851953391,0.0049553791884493,-0.19307116678078
1.89975,-0.43973923084734,0.79629959961738,0.0037521422370934,-0.19344328466659
1.9,-0.43326909394069,0.79969013589232,0.0025439919494519,-0.19380563633937
1.90025,-0.42677139351578,0.80302331697085,0.0013310185614281,-0.19415818891681
1.9005,-0.42024661450541,0.80629890093173,0.00011331225550672,-0.19450091009145
1.90075,-0.4136952445291,0.80951664924455,-0.0011090368350509,-0.19483376812973
1.901,-0.40711777387338,0.81267632683704,-0.0023359386221438,-0.19515673187108
1.90125,-0.40051469547016,0.81577770216224,-0.0035673030588902,-0.19546977072719
1.9015,-0.39388650487319,0.81882054726569,-0.0048030401358239,-0.19577285468147
1.90175,-0.38723370023256,0.82180463785256,-0.006043059877212,-0.19606595428853
1.902,-0.38055678226715,0.82472975335467,-0.0072872723375053,-0.19634904067385
1.90225,-0.37385625423525,0.82759567699737,-0.0085355875979148,-0.19662208553363
1.9025,-0.36713262190312,0.83040219586624,-0.0097879157631092,-0.19688506113467
1.90275,-0.36038639351157,0.83314910097364,-0.011044166958048,-0.19713794031438
1.903,-0.35361807974064,0.83583618732494,-0.012304251324927,-0.197380696481
1.90325,-0.34682819367222,0.83846325398455,-0.013568079020258,-0.19761330361381
1.9035,-0.34001725075075,0.84103010414164,-0.014835560212075,-0.19783573626352
1.90375,-0.33318576874188,0.84353654517544,-0.016106605077247,-0.19804796955281
1.904,-0.3263342676892,0.84598238872025,-0.017381123798931,-0.19824997917682
1.90425,-0.31946326986894,0.84836745073004,-0.018659026564146,-0.19844174140393
1.9045,-0.31257329974273,0.85069155154253,-0.019940223561455,-0.19862323307652
1.90475,-0.30566488390833,0.85295451594281,-0.021224624978782,-0.19879443161186
1.905,-0.2987385510484,0.85515617322655,-0.022512141001351,-0.19895531500307
1.90525,-0.29179483187726,0.85729635726252,-0.023802681809731,-0.19910586182027
1.9055,-0.28483425908574,0.85937490655458,-0.025096157578022,-0.19924605121164
1.90575,-0.27785736728394,0.86139166430309,-0.026392478472141,-0.19937586290476
1.906,-0.27086469294213,0.86334647846562,-0.027691554648244,-0.19949527720789
1.90625,-0.26385677432957,0.86523920181697,-0.028993296251261,-0.19960427501142
1.9065,-0.25683415145143,0.86706969200851,-0.030297613413545,-0.19970283778934
1.90675,-0.24979736598374,0.86883781162673,-0.03160441625365,-0.19979094760083
1.907,-0.24274696120637,0.87054342825102,-0.032913614875221,-0.19986858709188
1.90725,-0.23568348193401,0.87218641451063,-0.034225119366004,-0.19993573949707
1.9075,-0.22860747444532,0.87376664814076,-0.035538839796979,-0.19999238864126
1.90775,-0.22151948640998,0.87528401203781,-0.036854686221599,-0.20003851894155
1.908,-0.21442006681401,0.87673839431362,-0.038172568675159,-0.20007411540912
1.90825,-0.20730976588293,0.87812968834892,-0.039492397174286,-0.20009916365126
1.9085,-0.20018913500322,0.87945779284563,-0.040814081716523,-0.20011364987339
1.90875,-0.19305872664173,0.88072261187827,-0.042137532280061,-0.20011756088118
1.909,-0.18591909426328,0.88192405494428,-0.043462658823566,-0.20011088408268
1.90925,-0.17877079224631,0.8830620370133,-0.044789371286131,-0.20009360749058
1.9095,-0.17161437579671,0.88413647857534,-0.046117579587351,-0.20006571972441
1.90975,-0.16445040085977,0.88514730568783,-0.047447193627501,-0.20002721001292
1.91,-0.15727942403025,0.88609445002156,-0.048778123287843,-0.19997806819638
1.91025,-0.15010200246068,0.88697784890537,-0.050110278431043,-0.19991828472902
1.9105,-0.14291869376777,0.88779744536971,-0.051443568901705,-0.19984785068148
1.91075,-0.13573005593704,0.88855318818896,-0.052777904527031,-0.1997667577433
1.911,-0.12853664722568,0.8892450319225,-0.054113195117578,-0.19967499822541
1.91125,-0.1213390260636,0.88987293695454,-0.055449350468147,-0.19957256506274
1.9115,-0.11413775095268,0.8904368695326,-0.056786280358789,-0.19945945181682
1.91175,-0.10693338036439,0.89093680180477,-0.05812389455591,-0.19933565267836
1.912,-0.0997264726356,0.89137271185557,-0.059462102813513,-0.19920116246998
1.91225,-0.092517585862625,0.89174458374053,-0.060800814874544,-0.19905597664885
1.9125,-0.085307277793724,0.89205240751941,-0.062139940472348,-0.19890009130941
1.91275,-0.078096105719776,0.89229617928797,-0.063479389332262,-0.19873350318615
1.913,-0.070884626363409,0.89247590120851,-0.064819071173296,-0.19855620965633
1.91325,-0.063673395766438,0.89259158153882,-0.066158895709951,-0.19836820874277
1.9135,-0.056462969175669,0.89264323465996,-0.067498772654141,-0.19816949911666
1.91375,-0.04925390092718,0.89263088110239,-0.068838611717235,-0.19796008010036
1.914,-0.042046744328946,0.89255454757091,-0.07017832261221,-0.19773995167026
1.91425,-0.034842051541964,0.89241426696798,-0.071517815055921,-0.19750911445957
1.9145,-0.027640373459832,0.8922100784158,-0.072856998771486,-0.19726756976119
1.91475,-0.020442259586789,0.89194202727683,-0.074195783490784,-0.19701531953058
1.915,-0.013248257914337,0.89161016517295,-0.075534078957068,-0.1967523663886
1.91525,-0.0060589147963157,0.89121455000323,-0.076871794927691,-0.19647871362439
1.9155,0.0011252251774223,0.89075524596025,-0.078208841176951,-0.1961943651982
1.91575,0.0083036193087104,0.89023232354499,-0.079545127499038,-0.1958993257443
1.916,0.015475726920235,0.88964585958047,-0.080880563711105,-0.19559360057381
1.91625,0.022641009486076,0.8889959372238,-0.082215059656452,-0.19527719567752
1.9165,0.029798930763438,0.88828264597708,-0.083548525207814,-0.19495011772882
1.91675,0.036948956925949,0.88750608169688,-0.08488087027077,-0.19461237408644
1.917,0.044090556698027,0.88666634660228,-0.086212004787263,-0.19426397279735
1.91725,0.051223201490583,0.88576354928184,-0.087541838739222,-0.19390492259952
1.9175,0.05834636553805,0.88479780469918,-0.088870282152317,-0.19353523292473
1.91775,0.065459526036479,0.88376923419723,-0.090197245099796,-0.19315491390133
1.918,0.072562163282954,0.88267796550156,-0.091522637706469,-0.19276397635702
1.91825,0.079653760816012,0.88152413272215,-0.092846370152759,-0.19236243182155
1.9185,0.086733805557321,0.8803078763544,-0.094168352678902,-0.19195029252945
1.91875,0.093801787954436,0.87902934327888,-0.09548849558924,-0.19152757142269
1.919,0.10085720212451,0.87768868676002,-0.096806709256619,-0.19109428215332
1.91925,0.10789954599921,0.87628606644388,-0.098122904126896,-0.19065043908613
1.9195,0.11492832147045,0.87482164835497,-0.099436990723574,-0.19019605730118
1.91975,0.12194303453736,0.87329560489224,-0.10074887965252,-0.18973115259638
1.92,0.12894319545385,0.87170811482414,-0.10205848160678,-0.18925574149
1.92025,0.13592831887737,0.87005936328302,-0.10336570737156,-0.18876984122313
1.9205,0.14289792401843,0.86834954175894,-0.10467046782925,-0.18827346976209
1.92075,0.14985153479102,0.86657884809271,-0.10597267396457,-0.18776664580085
1.921,0.15678867996368,0.86474748646847,-0.10727223686982,-0.18724938876336
1.92125,0.16370889331147,0.86285566740593,-0.10856906775027,-0.18672171880581
1.9215,0.17061171376871,0.86090360775214,-0.1098630779296,-0.18618365681887
1.92175,0.17749668558222,0.8588915306731,-0.11115417885545,-0.18563522442992
1.922,0.18436335846543,0.85681966564513,-0.11244228210512,-0.18507644400512
1.92225,0.19121128775284,0.85468824844626,-0.11372729939133,-0.18450733865151
1.9225,0.19804003455528,0.85249752114768,-0.11500914256804,-0.18392793221904
1.92275,0.20484916591557,0.8502477321053,-0.11628772363649,-0.18333824930247
1.923,0.21163825496454,0.84793913595178,-0.1175629547512,-0.18273831524329
1.92325,0.21840688107761,0.84557199358855,-0.11883474822616,-0.18212815613156
1.9235,0.22515463003164,0.84314657217913,-0.12010301654107,-0.18150779880759
1.92375,0.23188109416231,0.84066314514225,-0.12136767234772,-0.18087727086372
1.924,0.2385858725211,0.83812199214664,-0.12262862847637,-0.18023660064585
1.92425,0.24526857103321,0.83552339910611,-0.12388579794237,-0.17958581725499
1.9245,0.25192880265516,0.8328676581763,-0.12513909395272,-0.17892495054877
1.92475,0.25856618753242,0.83015506775236,-0.12638842991283,-0.17825403114274
1.925,0.26518035315719,0.82738593246847,-0.1276337194333,-0.17757309041175
1.92525,0.27177093452564,0.82456056319852,-0.12887487633681,-0.1768821604911
1.9255,0.27833757429567,0.82167927705909,-0.13011181466515,-0.17618127427769
1.92575,0.28487992294353,0.81874239741428,-0.13134444868623,-0.17547046543112
1.926,0.29139763892074,0.81575025388259,-0.13257269290126,-0.17474976837454
1.92625,0.2978903888098,0.81270318234658,-0.13379646205196,-0.17401921829562
1.9265,0.30435784747986,0.80960152496469,-0.13501567112792,-0.17327885114726
1.92675,0.31079969824178,0.80644563018652,-0.13623023537393,-0.17252870364827
1.927,0.31721563300121,0.80323585277041,-0.13744007029749,-0.17176881328397
1.92725,0.32360535241227,0.79997255380521,-0.13864509167636,-0.17099921830668
1.9275,0.32996856602853,0.79665610073471,-0.13984521556617,-0.17021995773605
1.92775,0.33630499245398,0.79328686738652,-0.1410403583081,-0.1694310713594
1.928,0.34261435949147,0.78986523400467,-0.14223043653667,-0.16863259973185
1.92825,0.34889640429015,0.78639158728662,-0.14341536718756,-0.16782458417639
1.9285,0.35515087349096,0.78286632042468,-0.14459506750553,-0.16700706678388
1.92875,0.36137752336965,0.77928983315236,-0.14576945505238,-0.16618009041281
1.929,0.36757611997801,0.77566253179598,-0.14693844771497,-0.16534369868914
1.92925,0.37374643928247,0.77198482933149,-0.14810196371334,-0.16449793600585
1.9295,0.37988826729971,0.76825714544658,-0.14925992160886,-0.16364284752247
1.92975,0.38600140022925,0.76447990660975,-0.15041224031242,-0.16277847916446
1.93,0.39208564458308,0.76065354614467,-0.15155883909274,-0.1619048776225
1.93025,0.39814081731131,0.75677850431158,-0.15269963758468,-0.16102209035162
1.9305,0.40416674592364,0.75285522839529,-0.15383455579758,-0.16013016557022
1.93075,0.41016326860715,0.74888417280071,-0.15496351412377,-0.159229152259
1.931,0.4161302343389,0.74486579915549,-0.15608643334697,-0.15831910015971
1.93125,0.42206750299342,0.74080057642063,-0.15720323465084,-0.15740005977382
1.9315,0.42797494544494,0.73668898100893,-0.15831383962756,-0.15647208236104
1.93175,0.43385244366334,0.73253149691235,-0.15941817028642,-0.15553521993769
1.932,0.43969989080396,0.72832861583705,-0.16051614906244,-0.15458952527499
1.93225,0.44551719128977,0.72408083734872,-0.16160769882512,-0.15363505189715
1.9325,0.45130426088702,0.71978866902592,-0.16269274288709,-0.15267185407943
1.93275,0.45706102677199,0.71545262662394,-0.16377120501289,-0.1516999868459
1.933,0.46278742758894,0.71107323424731,-0.16484300942774,-0.15071950596726
1.93325,0.46848341349896,0.70665102453384,-0.16590808082636,-0.14973046795834
1.9335,0.47414894621936,0.7021865388476,-0.16696634438176,-0.14873293007561
1.93375,0.47978399905078,0.69768032748316,-0.16801772575414,-0.14772695031444
1.934,0.48538855689404,0.69313294988033,-0.16906215109972,-0.14671258740626
1.93425,0.49096261625374,0.68854497484922,-0.17009954707964,-0.14568990081562
1.9345,0.4965061852292,0.68391698080787,-0.17112984086887,-0.14465895073702
1.93475,0.50201928349114,0.67924955602893,-0.17215296016512,-0.14361979809166
1.935,0.50750194224257,0.6745432988993,-0.17316883319773,-0.14257250452402
1.93525,0.51295420416472,0.66979881819003,-0.17417738873664,-0.14151713239832
1.9355,0.51837612334467,0.66501673333776,-0.17517855610129,-0.14045374479475
1.93575,0.52376776518598,0.66019767473752,-0.17617226516955,-0.1393824055057
1.936,0.52912920629875,0.65534228404621,-0.17715844638667,-0.1383031790317
1.93625,0.53446053437001,0.65045121449739,-0.17813703077417,-0.13721613057725
1.9365,0.53976184801189,0.64552513122644,-0.17910794993878,-0.13612132604657
1.93675,0.5450332565872,0.64056471160682,-0.18007113608132,-0.1350188320391
1.937,0.55027488000962,0.63557064559482,-0.18102652200559,-0.1339087158449
1.93725,0.55548684851979,0.63054363608562,-0.18197404112726,-0.13279104543992
1.9375,0.56066930243252,0.62548439927696,-0.1829136274827,-0.13166588948106
1.93775,0.56582239185709,0.62039366504228,-0.18384521573781,-0.13053331730112
1.938,0.57094627638558,0.61527217730989,-0.18476874119683,-0.12939339890358
1.93825,0.57604112475155,0.61012069445046,-0.18568413981111,-0.12824620495724
1.9385,0.58110711445488,0.60493998966958,-0.18659134818786,-0.12709180679071
1.93875,0.58614443135065,0.5997308514038,-0.18749030359881,-0.12593027638669
1.939,0.59115326920394,0.59449408372141,-0.18838094398893,-0.12476168637621
1.93925,0.59613382920575,0.58923050672452,-0.18926320798504,-0.12358611003261
1.9395,0.60108631944885,0.58394095695099,-0.19013703490438,-0.12240362126541
1.93975,0.60601095436387,0.5786262877755,-0.19100236476316,-0.12121429461404
1.94,0.61090795411245,0.57328736980665,-0.19185913828501,-0.1200182052414
1.94025,0.61577754393538,0.56792509127848,-0.19270729690947,-0.11881542892727
1.9405,0.62061995345701,0.56254035843498,-0.1935467828003,-0.11760604206155
1.94075,0.62543541594128,0.55713409590319,-0.19437753885385,-0.1163901216374
1.941,0.63022416750021,0.5517072470542,-0.19519950870725,-0.11516774524419
1.94125,0.6349864462521,0.54626077434682,-0.19601263674665,-0.11393899106028
1.9415,0.63972249143057,0.54079565965411,-0.19681686811531,-0.11270393784571
1.94175,0.6444325424406,0.53531290456573,-0.19761214872165,-0.1114626649347
1.942,0.64911683786267,0.52981353066526,-0.1983984252472,-0.110215252228
1.94225,0.65377561440397,0.52429857977694,-0.19917564515452,-0.1089617801851
1.9425,0.65840910579601,0.51876911417967,-0.19994375669498,-0.10770232981631
1.94275,0.66301754163821,0.51322621678157,-0.20070270891651,-0.10643698267469
1.943,0.66760114618834,0.50767099125279,-0.20145245167121,-0.10516582084778
1.94325,0.67216013709907,0.50210456211121,-0.2021929356229,-0.10388892694929
1.9435,0.67669472410197,0.49652807475504,-0.20292411225461,-0.10260638411055
1.94375,0.68120510764059,0.49094269543949,-0.20364593387586,-0.10131827597187
1.944,0.68569147745152,0.48534961119022,-0.20435835362999,-0.10002468667376
1.94425,0.69015401109929,0.47975002964898,-0.20506132550125,-0.098725700847981
1.9445,0.69459287246257,0.47414517884627,-0.2057548043219,-0.097421403608496
1.94475,0.69900821017915,0.4685363068948,-0.20643874577911,-0.096111880542257
1.945,0.70340015604911,0.46292468159883,-0.20711310642179,-0.094797217699882
1.94525,0.70776882340204,0.45731158997235,-0.20777784366731,-0.093477501586163
1.9455,0.71211430543248,0.45169833766219,-0.20843291580811,-0.0921528191505
1.94575,0.71643667350761,0.44608624826868,-0.20907828201811,-0.09082325777714
1.946,0.7207359754541,0.4404766625602,-0.20971390235913,-0.08948890527535
1.94625,0.72501223382873,0.43487093757376,-0.2103397377871,-0.088149849869416
1.9465,0.72926544418153,0.42927044559996,-0.21095575015809,-0.086806180188557
1.94675,0.73349557331719,0.42367657304344,-0.21156190223437,-0.085457985256682
1.947,0.7377025575647,0.41809071915816,-0.21215815769017,-0.084105354482066
1.94725,0.741886301062,0.41251429465085,-0.21274448111739,-0.082748377646879
1.9475,0.74604667406771,0.40694872015033,-0.21332083803116,-0.081387144896607
1.94775,0.75018351130802,0.40139542453964,-0.21388719487524,-0.080021746729373
1.948,0.75429661037107,0.39585584314876,-0.21444351902729,-0.078652273985137
1.94825,0.75838573015914,0.39033141580651,-0.21498977880401,-0.077278817834786
1.9485,0.76245058941166,0.3848235847507,-0.21552594346604,-0.075901469769127
1.94875,0.76649086531056,0.37933379239754,-0.21605198322287,-0.074520321587773
1.949,0.77050619218192,0.37386347897143,-0.21656786923744,-0.073135465387928
1.94925,0.77449616030605,0.36841407999742,-0.21707357363064,-0.071746993553072
1.9495,0.77846031485045,0.36298702366055,-0.21756906948571,-0.070354998741563
1.94975,0.78239815493884,0.35758372803653,-0.21805433085237,-0.068959573875132
1.95,0.78630913287015,0.35220559820052,-0.21852933275089,-0.06756081212729
