1.7,0.6812639167402,0.6877123981321,-2.4987962879287e-05,1.745335283992e-05
1.70025,0.68553637678548,0.6833615673802,-2.4928261521933e-05,1.7616680258441e-05
1.7005,0.6897816976087,0.67898384867785,-2.4867835263232e-05,1.7780012759094e-05
1.70075,0.69399970997474,0.67457940025715,-2.480668176665e-05,1.7943348040883e-05
1.701,0.69819024548502,0.67014838134955,-2.4744798691021e-05,1.8106683786327e-05
1.70125,0.70235313658202,0.66569095218222,-2.4682183690551e-05,1.8270017661347e-05
1.7015,0.70648821655377,0.66120727397437,-2.4618834414817e-05,1.8433347315152e-05
1.70175,0.71059531953838,0.65669750893372,-2.4554748508775e-05,1.859667038012e-05
1.702,0.71467428052841,0.65216182025288,-2.4489923612757e-05,1.8759984471687e-05
1.70225,0.71872493537559,0.6476003721056,-2.4424357362474e-05,1.8923287188224e-05
1.7025,0.72274712079512,0.64301332964327,-2.4358047389025e-05,1.9086576110924e-05
1.70275,0.72674067437022,0.63840085899129,-2.4290991318892e-05,1.9249848803675e-05
1.703,0.73070543455652,0.63376312724533,-2.422318677395e-05,1.9413102812945e-05
1.70325,0.73464124068671,0.62910030246772,-2.4154631371468e-05,1.9576335667659e-05
1.7035,0.73854793297491,0.62441255368389,-2.4085322724111e-05,1.9739544879075e-05
1.70375,0.74242535252111,0.6197000508787,-2.4015258439949e-05,1.990272794066e-05
1.704,0.74627334131565,0.61496296499265,-2.3944436122458e-05,2.0065882327966e-05
1.70425,0.75009174224379,0.6102014679184,-2.3872853370526e-05,2.0229005498503e-05
1.7045,0.75388039909009,0.60541573249698,-2.3800507778457e-05,2.0392094891612e-05
1.70475,0.7576391565427,0.60060593251433,-2.3727396935976e-05,2.0555147928337e-05
1.705,0.76136786019822,0.59577224269717,-2.3653518428238e-05,2.0718162011295e-05
1.70525,0.76506635656578,0.59091483870991,-2.3578869835831e-05,2.0881134524545e-05
1.7055,0.76873449307177,0.5860338971505,-2.350344873478e-05,2.1044062833458e-05
1.70575,0.77237211806397,0.58112959554695,-2.3427252696559e-05,2.1206944284579e-05
1.706,0.77597908081637,0.57620211235361,-2.3350279288094e-05,2.1369776205501e-05
1.70625,0.77955523153345,0.57125162694732,-2.3272526071771e-05,2.1532555904722e-05
1.7065,0.78310042135447,0.56627831962407,-2.3193990605441e-05,2.1695280671511e-05
1.70675,0.78661450235815,0.56128237159479,-2.3114670442434e-05,2.1857947775773e-05
1.707,0.79009732756725,0.55626396498174,-2.3034563131561e-05,2.2020554467905e-05
1.70725,0.79354875095244,0.5512232828152,-2.2953666217124e-05,2.2183097978661e-05
1.7075,0.79696862743746,0.54616050902914,-2.2871977238925e-05,2.2345575519004e-05
1.70775,0.80035681290313,0.5410758284577,-2.2789493732277e-05,2.250798427997e-05
1.708,0.80371316419155,0.53596942683185,-2.270621322801e-05,2.2670321432519e-05
1.70825,0.80703753911153,0.53084149077451,-2.2622133252484e-05,2.2832584127392e-05
1.7085,0.8103297964418,0.52569220779802,-2.2537251327595e-05,2.2994769494964e-05
1.70875,0.81358979593636,0.52052176629944,-2.2451564970792e-05,2.3156874645096e-05
1.709,0.81681739832864,0.51533035555723,-2.2365071695079e-05,2.3318896666983e-05
1.70925,0.82001246533566,0.51011816572727,-2.2277769009037e-05,2.3480832629007e-05
1.7095,0.82317485966297,0.50488538783892,-2.2189654416826e-05,2.3642679578585e-05
1.70975,0.8263044450088,0.49963221379136,-2.2100725418201e-05,2.3804434542011e-05
1.71,0.82940108606838,0.49435883634959,-2.2010979508528e-05,2.3966094524306e-05
1.71025,0.83246464853891,0.48906544914075,-2.192041417879e-05,2.412765650906e-05
1.7105,0.83549499912324,0.48375224665015,-2.1829026915606e-05,2.4289117458274e-05
1.71075,0.83849200553503,0.47841942421715,-2.1736815201241e-05,2.4450474312201e-05
1.711,0.84145553650263,0.47306717803163,-2.1643776513624e-05,2.4611723989185e-05
1.71125,0.8443854617742,0.46769570512972,-2.1549908326359e-05,2.47728633855e-05
1.7115,0.84728165212124,0.46230520339037,-2.1455208108742e-05,2.4933889375187e-05
1.71175,0.85014397934388,0.45689587153067,-2.1359673325776e-05,2.5094798809887e-05
1.712,0.85297231627479,0.45146790910255,-2.1263301438188e-05,2.5255588518675e-05
1.71225,0.85576653678384,0.44602151648837,-2.1166089902444e-05,2.5416255307894e-05
1.7125,0.85852651578256,0.44055689489747,-2.1068036170769e-05,2.5576795960982e-05
1.71275,0.86125212922855,0.43507424636129,-2.0969137691159e-05,2.5737207238305e-05
1.713,0.86394325412944,0.42957377373045,-2.0869391907406e-05,2.589748587698e-05
1.71325,0.86659976854866,0.42405568066947,-2.0768796259111e-05,2.6057628590704e-05
1.7135,0.8692215516082,0.41852017165385,-2.0667348181706e-05,2.6217632069576e-05
1.71375,0.87180848349424,0.41296745196532,-2.0565045106472e-05,2.6377492979922e-05
1.714,0.87436044546099,0.40739772768802,-2.0461884460562e-05,2.6537207964111e-05
1.71425,0.87687731983555,0.40181120570439,-2.0357863667016e-05,2.6696773640379e-05
1.7145,0.879358990022,0.39620809369081,-2.0252980144789e-05,2.6856186602645e-05
1.71475,0.88180534050602,0.39058860011366,-2.014723130877e-05,2.7015443420326e-05
1.715,0.8842162568591,0.38495293422547,-2.0040614569803e-05,2.7174540638152e-05
1.71525,0.88659162574333,0.37930130605995,-1.9933127334711e-05,2.7333474775976e-05
1.7155,0.88893133491564,0.37363392642855,-1.9824767006322e-05,2.7492242328588e-05
1.71575,0.89123527323187,0.36795100691614,-1.971553098349e-05,2.7650839765523e-05
1.716,0.89350333065219,0.36225275987601,-1.9605416661121e-05,2.7809263530866e-05
1.71625,0.89573539824416,0.35653939842676,-1.9494421430199e-05,2.7967510043057e-05
1.7165,0.89793136818827,0.35081113644742,-1.9382542677813e-05,2.8125575694699e-05
1.71675,0.90009113378197,0.3450681885731,-1.926977778718e-05,2.8283456852354e-05
1.717,0.90221458944405,0.33931077019081,-1.9156124137679e-05,2.8441149856347e-05
1.71725,0.90430163071876,0.33353909743519,-1.9041579104873e-05,2.859865102056e-05
1.7175,0.90635215428093,0.32775338718414,-1.8926140060541e-05,2.8755956632231e-05
1.71775,0.90836605793992,0.32195385705421,-1.8809804372708e-05,2.8913062951746e-05
1.718,0.91034324064373,0.31614072539708,-1.8692569405671e-05,2.9069966212432e-05
1.71825,0.91228360248406,0.31031421129362,-1.8574432520038e-05,2.9226662620348e-05
1.7185,0.9141870447004,0.30447453455092,-1.8455391072752e-05,2.9383148354069e-05
1.71875,0.91605346968429,0.29862191569691,-1.8335442417127e-05,2.9539419564477e-05
1.719,0.91788278098383,0.29275657597671,-1.8214583902883e-05,2.9695472374544e-05
1.71925,0.91967488330806,0.28687873734716,-1.8092812876175e-05,2.985130287911e-05
1.7195,0.9214296825313,0.28098862247316,-1.7970126679635e-05,3.0006907144669e-05
1.71975,0.92314708569759,0.27508645472233,-1.78465226524e-05,3.016228120914e-05
1.72,0.92482700102519,0.26917245816133,-1.7721998130154e-05,3.0317421081649e-05
1.72025,0.92646933791025,0.26324685755084,-1.7596550445164e-05,3.04723227423e-05
1.7205,0.92807400693211,0.25730987834063,-1.7470176926317e-05,3.0626982141944e-05
1.72075,0.92964091985713,0.25136174666543,-1.734287489916e-05,3.0781395201952e-05
1.721,0.93116998964293,0.24540268934019,-1.7214641685941e-05,3.093555781398e-05
1.72125,0.93266113044308,0.23943293385509,-1.7085474605647e-05,3.1089465839733e-05
1.7215,0.93411425761114,0.23345270837117,-1.6955370974048e-05,3.124311511073e-05
1.72175,0.93552928770511,0.22746224171579,-1.682432810374e-05,3.1396501428063e-05
1.722,0.93690613849163,0.22146176337713,-1.6692343304188e-05,3.1549620562151e-05
1.72225,0.93824472895029,0.21545150350036,-1.6559413881769e-05,3.1702468252503e-05
1.7225,0.93954497927829,0.20943169288188,-1.642553713982e-05,3.1855040207465e-05
1.72275,0.94080681089406,0.20340256296544,-1.6290710378683e-05,3.2007332103974e-05
1.723,0.94203014644205,0.19736434583672,-1.6154930895753e-05,3.2159339587303e-05
1.72325,0.9432149097967,0.19131727421884,-1.6018195985526e-05,3.2311058270812e-05
1.7235,0.94436102606707,0.18526158146681,-1.5880502939651e-05,3.2462483735687e-05
1.72375,0.9454684216005,0.17919750156338,-1.5741849046977e-05,3.2613611530681e-05
1.724,0.94653702398734,0.17312526911392,-1.5602231593607e-05,3.2764437171856e-05
1.72425,0.94756676206505,0.16704511934113,-1.546164786295e-05,3.2914956142315e-05
1.7245,0.94855756592225,0.16095728808012,-1.5320095135778e-05,3.3065163891938e-05
1.72475,0.94950936690307,0.15486201177396,-1.5177570690274e-05,3.321505583711e-05
1.725,0.9504220976113,0.14875952746798,-1.5034071802094e-05,3.3364627360452e-05
1.72525,0.95129569191453,0.14265007280503,-1.4889595744425e-05,3.3513873810543e-05
1.7255,0.95213008494811,0.13653388602055,-1.4744139788039e-05,3.3662790501645e-05
1.72575,0.95292521311995,0.13041120593693,-1.4597701201356e-05,3.3811372713421e-05
1.726,0.95368101411382,0.1242822719591,-1.4450277250503e-05,3.3959615690656e-05
1.72625,0.95439742689405,0.1181473240688,-1.4301865199378e-05,3.4107514642964e-05
1.7265,0.9550743917094,0.11200660281956,-1.4152462309713e-05,3.4255064744507e-05
1.72675,0.95571185009714,0.10586034933187,-1.4002065841138e-05,3.4402261133699e-05
1.727,0.95630974488723,0.099708805287293,-1.3850673051248e-05,3.4549098912914e-05
1.72725,0.95686802020618,0.093552212924039,-1.3698281195667e-05,3.4695573148187e-05
1.7275,0.95738662148141,0.087390815030769,-1.3544887528124e-05,3.4841678868914e-05
1.72775,0.95786549544485,0.081224854942276,-1.3390489300515e-05,3.4987411067551e-05
1.728,0.95830459013736,0.075054576533225,-1.323508376298e-05,3.5132764699304e-05
1.72825,0.95870385491253,0.068880224213605,-1.3078668163972e-05,3.5277734681823e-05
1.7285,0.95906324044051,0.062702042922997,-1.2921239750334e-05,3.5422315894887e-05
1.72875,0.95938269871213,0.056520278125158,-1.2762795767375e-05,3.5566503180091e-05
1.729,0.95966218304286,0.050335175802697,-1.2603333458945e-05,3.5710291340525e-05
1.72925,0.95990164807665,0.044146982451822,-1.2442850067514e-05,3.5853675140453e-05
1.7295,0.96010104978994,0.037955945076487,-1.2281342834256e-05,3.5996649304986e-05
1.72975,0.96026034549517,0.031762311183379,-1.2118808999125e-05,3.6139208519758e-05
1.73,0.9603794938451,0.025566328776124,-1.1955245800943e-05,3.6281347430589e-05
1.73025,0.96045845483636,0.019368246349785,-1.1790650477483e-05,3.6423060643151e-05
1.7305,0.96049718981335,0.013168312885746,-1.1625020265555e-05,3.6564342722632e-05
1.73075,0.96049566147202,0.006966777845265,-1.1458352401098e-05,3.670518819339e-05
1.731,0.96045383386348,0.0007638911650024,-1.1290644119265e-05,3.6845591538612e-05
1.73125,0.96037167239808,-0.0054400967494635,-1.1121892654517e-05,3.6985547199959e-05
1.7315,0.96024914384887,-0.01164493502883,-1.0952095240718e-05,3.7125049577217e-05
1.73175,0.96008621635529,-0.01785037234566,-1.0781249111227e-05,3.7264093027941e-05
1.732,0.95988285942695,-0.024056156920236,-1.0609351498999e-05,3.7402671867092e-05
1.73225,0.95963904394733,-0.030262036526301,-1.0436399636677e-05,3.7540780366677e-05
1.7325,0.95935474217706,-0.036467758496421,-1.0262390756703e-05,3.7678412755377e-05
1.73275,0.95902992775804,-0.042673069727908,-1.0087322091409e-05,3.7815563218178e-05
1.733,0.95866457571654,-0.048877716688465,-9.9111908731309e-06,3.7952225895999e-05
1.73325,0.95825866246705,-0.055081445422129,-9.7339943343097e-06,3.8088394885304e-05
1.7335,0.95781216581556,-0.061284001554796,-9.5557297076017e-06,3.8224064237728e-05
1.73375,0.95732506496329,-0.067485130300127,-9.3763942259884e-06,3.8359227959685e-05
1.734,0.95679734050999,-0.073684576465219,-9.1959851228888e-06,3.8493880011979e-05
1.73425,0.95622897445737,-0.079882084456541,-9.0144996322746e-06,3.8628014309404e-05
1.7345,0.95561995021265,-0.086077398285767,-8.831934988786e-06,3.8761624720353e-05
1.73475,0.95497025259172,-0.092270261575526,-8.648288427851e-06,3.8894705066406e-05
1.735,0.9542798678227,-0.098460417565149,-8.4635571858065e-06,3.9027249121926e-05
1.73525,0.9535487835491,-0.10464760911688,-8.2777385000204e-06,3.9159250613648e-05
1.7355,0.95277698883329,-0.11083157872148,-8.0908296090182e-06,3.9290703220256e-05
1.73575,0.95196447415944,-0.11701206850416,-7.9028277526102e-06,3.9421600571972e-05
1.736,0.9511112314371,-0.1231888202304,-7.7137301720211e-06,3.955193625012e-05
1.73625,0.95021725400418,-0.12936157531222,-7.523534110023e-06,3.9681703786703e-05
1.7365,0.94928253663016,-0.13553007481372,-7.3322368110695e-06,3.9810896663965e-05
1.73675,0.94830707551932,-0.14169405945705,-7.1398355214337e-06,3.9939508313953e-05
1.737,0.94729086831359,-0.1478532696286,-6.946327489347e-06,4.0067532118071e-05
1.73725,0.94623391409585,-0.15400744538462,-6.7517099651416e-06,4.0194961406632e-05
1.7375,0.94513621339296,-0.16015632645749,-6.5559802013954e-06,4.0321789458406e-05
1.73775,0.9439977681786,-0.1662996522617,-6.3591354530792e-06,4.0448009500157e-05
1.738,0.94281858187628,-0.17243716189925,-6.1611729777061e-06,4.0573614706184e-05
1.73825,0.94159865936241,-0.1785685941664,-5.9620900354855e-06,4.0698598197848e-05
1.7385,0.94033800696898,-0.18469368755911,-5.7618838894764e-06,4.0822953043101e-05
1.73875,0.93903663248665,-0.19081218027917,-5.5605518057476e-06,4.0946672256006e-05
1.739,0.93769454516733,-0.19692381024043,-5.3580910535377e-06,4.106974879625e-05
1.73925,0.93631175572717,-0.20302831507433,-5.1544989054181e-06,4.1192175568659e-05
1.7395,0.93488827634921,-0.2091254321363,-4.9497726374613e-06,4.13139454227e-05
1.73975,0.93342412068616,-0.21521489851142,-4.7439095294097e-06,4.1435051151979e-05
1.74,0.93191930386292,-0.22129645102069,-4.5369068648477e-06,4.1555485493738e-05
1.74025,0.93037384247949,-0.22736982622687,-4.3287619313788e-06,4.1675241128339e-05
1.7405,0.92878775461334,-0.23343476044042,-4.1194720208028e-06,4.1794310678752e-05
1.74075,0.92716105982206,-0.23949098972562,-3.9090344292995e-06,4.1912686710027e-05
1.741,0.92549377914592,-0.2455382499063,-3.6974464576124e-06,4.2030361728764e-05
1.74125,0.92378593511032,-0.25157627657222,-3.4847054112377e-06,4.2147328182583e-05
1.7415,0.92203755172828,-0.25760480508449,-3.2708086006162e-06,4.2263578459576e-05
1.74175,0.92024865450277,-0.26362357058204,-3.0557533413283e-06,4.2379104887767e-05
1.742,0.91841927042923,-0.2696323079871,-2.839536954292e-06,4.2493899734551e-05
1.74225,0.91654942799774,-0.27563075201161,-2.6221567659661e-06,4.2607955206137e-05
1.7425,0.91463915719543,-0.28161863716266,-2.403610108554e-06,4.2721263446984e-05
1.74275,0.91268848950875,-0.28759569774864,-2.1838943202148e-06,4.2833816539223e-05
1.743,0.91069745792556,-0.29356166788537,-1.9630067452747e-06,4.2945606502082e-05
1.74325,0.90866609693747,-0.29951628150138,-1.7409447344438e-06,4.3056625291297e-05
1.7435,0.90659444254186,-0.30545927234426,-1.5177056450367e-06,4.3166864798519e-05
1.74375,0.90448253224402,-0.31139037398632,-1.2932868411966e-06,4.3276316850718e-05
1.744,0.90233040505925,-0.31730931983047,-1.0676856941229e-06,4.3384973209569e-05
1.74425,0.90013810151478,-0.32321584311602,-8.4089958230392e-07,4.3492825570843e-05
1.7445,0.89790566365186,-0.3291096769243,-6.1292589175196e-07,4.3599865563786e-05
1.74475,0.89563313502762,-0.3349905541846,-3.837620162446e-07,4.3706084750486e-05
1.745,0.893320560717,-0.34085820767983,-1.5340535756858e-07,4.3811474625243e-05
1.74525,0.89096798731456,-0.34671237005234,7.8146674232302e-08,4.391602661392e-05
1.7455,0.88857546293639,-0.35255277380927,3.1089666060309e-07,4.4019732073294e-05
1.74575,0.8861430372218,-0.35837915132857,5.4484717422073e-07,4.4122582290398e-05
1.746,0.8836707613351,-0.36419123486445,7.8000077873321e-07,4.4224568481852e-05
1.74625,0.88115868796732,-0.36998875655284,1.0163600284915e-06,4.4325681793189e-05
1.7465,0.87860687133774,-0.37577144841713,1.2539274682804e-06,4.4425913298172e-05
1.74675,0.87601536719566,-0.38153904237368,1.4927056330414e-06,4.4525253998102e-05
1.747,0.87338423282189,-0.38729127023705,1.7326970475927e-06,4.4623694821119e-05
1.74725,0.87071352703034,-0.39302786372568,1.9739042263444e-06,4.4721226621493e-05
1.7475,0.86800331016943,-0.39874855446718,2.2163296730075e-06,4.4817840178906e-05
1.74775,0.86525364412364,-0.40445307400372,2.4599758802984e-06,4.4913526197728e-05
1.748,0.86246459231484,-0.41014115379722,2.7048453296395e-06,4.5008275306281e-05
1.74825,0.85963621970376,-0.41581252523472,2.9509404908519e-06,4.5102078056096e-05
1.7485,0.85676859279126,-0.42146691963355,3.1982638218462e-06,4.5194924921157e-05
1.74875,0.85386177961963,-0.42710406824648,3.446817768304e-06,4.5286806297143e-05
1.749,0.85091584977395,-0.43272370226668,3.6966047633573e-06,4.537771250065e-05
1.74925,0.84793087438314,-0.43832555283306,3.9476272272612e-06,4.5467633768415e-05
1.7495,0.84490692612131,-0.443909351035,4.1998875670591e-06,4.5556560256519e-05
1.74975,0.84184407920884,-0.44947482791735,4.4533881762447e-06,4.5644482039589e-05
1.75,0.8387424094135,-0.45502171448533,4.7081314344173e-06,4.5731389109982e-05
1.75025,0.83560199405153,-0.46054974170929,4.9641197069293e-06,4.5817271376966e-05
1.7505,0.83242291198865,-0.46605864052945,5.2213553445308e-06,4.5902118665885e-05
1.75075,0.82920524364113,-0.47154814186057,5.4798406830047e-06,4.5985920717317e-05
1.751,0.82594907097673,-0.47701797659651,5.7395780427971e-06,4.6068667186215e-05
1.75125,0.82265447751565,-0.48246787561482,6.0005697286423e-06,4.6150347641046e-05
1.7515,0.81932154833137,-0.48789756978116,6.2628180291781e-06,4.623095156291e-05
1.75175,0.81595037005164,-0.49330678995357,6.5263252165571e-06,4.6310468344653e-05
1.752,0.81254103085921,-0.49869526698692,6.7910935460507e-06,4.6388887289966e-05
1.75225,0.80909362049275,-0.50406273173692,7.0571252556442e-06,4.6466197612473e-05
1.7525,0.8056082302475,-0.50940891506441,7.3244225656278e-06,4.6542388434806e-05
1.75275,0.80208495297613,-0.5147335478393,7.5929876781776e-06,4.6617448787666e-05
1.753,0.79852388308941,-0.52003636094447,7.8628227769306e-06,4.6691367608877e-05
1.75325,0.79492511655692,-0.52531708527971,8.1339300265529e-06,4.6764133742421e-05
1.7535,0.79128875090773,-0.53057545176533,8.4063115722976e-06,4.6835735937465e-05
1.75375,0.787614885231,-0.53581119134591,8.6799695395578e-06,4.6906162847369e-05
1.754,0.78390362017666,-0.5410240349938,8.9549060334103e-06,4.6975403028686e-05
1.75425,0.78015505795595,-0.54621371371253,9.2311231381502e-06,4.7043444940145e-05
1.7545,0.77636930234202,-0.5513799585402,9.5086229168198e-06,4.7110276941622e-05
1.75475,0.77254645867048,-0.55652250055253,9.7874074107259e-06,4.7175887293094e-05
1.755,0.76868663383996,-0.56164107086618,1.0067478638951e-05,4.7240264153582e-05
1.75525,0.76478993631258,-0.5667354006415,1.0348838597854e-05,4.7303395580076e-05
1.7555,0.76085647611445,-0.57180522108556,1.0631489260564e-05,4.7365269526446e-05
1.75575,0.75688636483623,-0.57685026345473,1.0915432576463e-05,4.7425873842337e-05
1.756,0.75287971563347,-0.58187025905741,1.1200670470657e-05,4.7485196272054e-05
1.75625,0.74883664322721,-0.58686493925637,1.1487204843446e-05,4.7543224453418e-05
1.7565,0.74475726390433,-0.59183403547115,1.1775037569775e-05,4.759994591662e-05
1.75675,0.74064169551802,-0.59677727918022,1.2064170498677e-05,4.765534808305e-05
1.757,0.73649005748823,-0.60169440192303,1.2354605452713e-05,4.7709418264112e-05
1.75725,0.7323024708021,-0.60658513530189,1.2646344227392e-05,4.7762143660017e-05
1.7575,0.72807905801431,-0.61144921098373,1.2939388590586e-05,4.7813511358571e-05
1.75775,0.72381994324767,-0.61628636070164,1.3233740281932e-05,4.7863508333925e-05
1.758,0.71952525219334,-0.62109631625637,1.3529401012225e-05,4.7912121445327e-05
1.75825,0.71519511211144,-0.62587880951752,1.3826372462799e-05,4.7959337435844e-05
1.7585,0.71082965183139,-0.63063357242468,1.4124656284894e-05,4.8005142931065e-05
1.75875,0.70642900175238,-0.63536033698832,1.4424254099015e-05,4.8049524437787e-05
1.759,0.70199329384383,-0.64005883529054,1.4725167494277e-05,4.8092468342686e-05
1.75925,0.69752266164586,-0.64472879948564,1.5027398027737e-05,4.8133960910956e-05
1.7595,0.69301724026977,-0.6493699618005,1.5330947223715e-05,4.8173988284938e-05
1.75975,0.68847716639857,-0.65398205453471,1.5635816573104e-05,4.8212536482725e-05
1.76,0.68390257828748,-0.65856481006067,1.594200753266e-05,4.8249591396739e-05
1.76025,0.67929361576449,-0.66311796082324,1.6249521524285e-05,4.8285138792299e-05
1.7605,0.67465042023095,-0.66764123933943,1.6558359934297e-05,4.8319164306154e-05
1.76075,0.66997313466217,-0.67213437819772,1.686852411268e-05,4.8351653445001e-05
1.761,0.66526190360809,-0.67659711005721,1.7180015372322e-05,4.8382591583972e-05
1.76125,0.66051687319397,-0.6810291676466,1.7492834988245e-05,4.841196396511e-05
1.7615,0.65573819112105,-0.68543028376283,1.7806984196806e-05,4.8439755695806e-05
1.76175,0.65092600666741,-0.68980019126963,1.81224641949e-05,4.846595174722e-05
1.762,0.64608047068875,-0.6941386230957,1.8439276139128e-05,4.8490536952677e-05
1.76225,0.64120173561929,-0.69844531223269,1.8757421144968e-05,4.8513496006028e-05
1.7625,0.63628995547265,-0.70271999173305,1.9076900285916e-05,4.8534813459997e-05
1.76275,0.63134528584292,-0.70696239470737,1.9397714592614e-05,4.8554473724494e-05
1.763,0.62636788390567,-0.71117225432172,1.9719865051962e-05,4.8572461064895e-05
1.76325,0.62135790841909,-0.71534930379459,2.0043352606214e-05,4.8588759600308e-05
1.7635,0.61631551972525,-0.7194932763935,2.0368178152049e-05,4.8603353301798e-05
1.76375,0.61124087975131,-0.72360390543151,2.0694342539629e-05,4.8616225990585e-05
1.764,0.60613415201095,-0.72768092426326,2.1021846571639e-05,4.8627361336214e-05
1.76425,0.60099550160585,-0.73172406628082,2.1350691002301e-05,4.8636742854694e-05
1.7645,0.59582509522718,-0.73573306490924,2.1680876536375e-05,4.8644353906606e-05
1.76475,0.59062310115735,-0.7397076536017,2.2012403828132e-05,4.8650177695173e-05
1.765,0.58538968927177,-0.74364756583443,2.2345273480317e-05,4.8654197264304e-05
1.76525,0.58012503104068,-0.74755253510133,2.2679486043077e-05,4.8656395496602e-05
1.7655,0.57482929953123,-0.75142229490816,2.3015042012875e-05,4.8656755111334e-05
1.76575,0.56950266940959,-0.75525657876644,2.335194183138e-05,4.8655258662374e-05
1.766,0.56414531694323,-0.75905512018706,2.3690185884335e-05,4.8651888536097e-05
1.76625,0.55875742000331,-0.76281765267343,2.4029774500392e-05,4.8646626949251e-05
1.7665,0.55333915806728,-0.76654390971436,2.4370707949939e-05,4.8639455946776e-05
1.76675,0.54789071222159,-0.77023362477649,2.4712986443882e-05,4.86303573996e-05
1.767,0.54241226516455,-0.77388653129642,2.5056610132418e-05,4.8619313002382e-05
1.76725,0.53690400120941,-0.77750236267238,2.540157910377e-05,4.860630427122e-05
1.7675,0.53136610628757,-0.78108085225555,2.5747893382901e-05,4.8591312541319e-05
1.76775,0.52579876795207,-0.78462173334095,2.6095552930194e-05,4.8574318964615e-05
1.768,0.5202021753811,-0.78812473915792,2.644455764011e-05,4.8555304507354e-05
1.76825,0.51457651938195,-0.79158960286018,2.679490733981e-05,4.8534249947628e-05
1.7685,0.50892199239499,-0.79501605751542,2.7146601787749e-05,4.8511135872868e-05
1.76875,0.50323878849795,-0.79840383609451,2.7499640672238e-05,4.8485942677283e-05
1.769,0.49752710341048,-0.80175267146017,2.7854023609974e-05,4.845865055926e-05
1.76925,0.49178713449883,-0.80506229635526,2.8209750144538e-05,4.8429239518708e-05
1.7695,0.48601908078095,-0.80833244339053,2.856681974485e-05,4.8397689354357e-05
1.76975,0.48022314293176,-0.81156284503188,2.8925231803604e-05,4.8363979661004e-05
1.77,0.47439952328869,-0.81475323358717,2.9284985635652e-05,4.8328089826704e-05
1.77025,0.4685484258576,-0.81790334119247,2.9646080476358e-05,4.8289999029911e-05
1.7705,0.46267005631893,-0.82101289979783,3.0008515479913e-05,4.8249686236559e-05
1.77075,0.45676462203421,-0.82408164115242,3.0372289717607e-05,4.8207130197095e-05
1.771,0.4508323320529,-0.82710929678927,3.0737402176063e-05,4.8162309443443e-05
1.77125,0.44487339711957,-0.83009559800933,3.1103851755426e-05,4.8115202285919e-05
1.7715,0.43888802968146,-0.833040275865,3.1471637267513e-05,4.8065786810076e-05
1.77175,0.4328764438964,-0.83594306114304,3.1840757433912e-05,4.8014040873497e-05
1.772,0.42683885564113,-0.83880368434696,3.2211210884041e-05,4.7959942102512e-05
1.77225,0.42077548252007,-0.84162187567871,3.2582996153151e-05,4.7903467888862e-05
1.7725,0.41468654387444,-0.84439736501975,3.2956111680293e-05,4.7844595386285e-05
1.77275,0.40857226079193,-0.84712988191157,3.3330555806218e-05,4.7783301507042e-05
1.773,0.40243285611677,-0.84981915553539,3.3706326771238e-05,4.7719562918365e-05
1.77325,0.39626855446023,-0.85246491469135,3.4083422713023e-05,4.7653356038842e-05
1.7735,0.39007958221179,-0.85506688777692,3.4461841664353e-05,4.7584657034714e-05
1.77375,0.38386616755066,-0.8576248027646,3.48415815508e-05,4.7513441816113e-05
1.774,0.37762854045797,-0.86013838717896,3.5222640188361e-05,4.7439686033209e-05
1.77425,0.37136693272946,-0.86260736807286,3.5605015281021e-05,4.7363365072281e-05
1.7745,0.36508157798879,-0.86503147200301,3.5988704418263e-05,4.7284454051708e-05
1.77475,0.35877271170144,-0.86741042500466,3.6373705072499e-05,4.7202927817877e-05
1.775,0.3524405711893,-0.8697439525656,3.6760014596444e-05,4.7118760940998e-05
1.77525,0.34608539564588,-0.87203177959925,3.7147630220417e-05,4.7031927710838e-05
1.7755,0.33970742615223,-0.87427363041699,3.7536549049567e-05,4.6942402132361e-05
1.77575,0.33330690569354,-0.87646922869964,3.7926768061025e-05,4.6850157921275e-05
1.776,0.32688407917663,-0.87861829746804,3.8318284100984e-05,4.6755168499484e-05
1.77625,0.320439193448,-0.88072055905279,3.8711093881687e-05,4.6657406990446e-05
1.7765,0.31397249731287,-0.88277573506301,3.9105193978349e-05,4.6556846214421e-05
1.77675,0.30748424155498,-0.88478354635429,3.9500580825975e-05,4.6453458683625e-05
1.777,0.30097467895732,-0.88674371299557,3.9897250716103e-05,4.6347216597276e-05
1.77725,0.29444406432367,-0.88865595423513,4.029519979345e-05,4.6238091836531e-05
1.7775,0.28789265450122,-0.89051998846556,4.0694424052459e-05,4.612605595931e-05
1.77775,0.28132070840403,-0.8923355331877,4.1094919333759e-05,4.6011080195007e-05
1.778,0.27472848703768,-0.89410230497358,4.1496681320508e-05,4.5893135439089e-05
1.77825,0.26811625352484,-0.89582001942826,4.1899705534643e-05,4.5772192247566e-05
1.7785,0.26148427313198,-0.89748839115063,4.2303987333015e-05,4.5648220831343e-05
1.77875,0.25483281329731,-0.89910713369303,4.270952190341e-05,4.5521191050446e-05
1.779,0.24816214365981,-0.90067595951979,4.3116304260454e-05,4.5391072408116e-05
1.77925,0.24147253608954,-0.90219457996461,4.3524329241396e-05,4.5257834044769e-05
1.7795,0.23476426471931,-0.90366270518669,4.3933591501768e-05,4.5121444731825e-05
1.77975,0.22803760597756,-0.90508004412573,4.4344085510904e-05,4.4981872865386e-05
1.78,0.22129283862277,-0.90644630445561,4.4755805547338e-05,4.4839086459785e-05
1.78025,0.21453024377923,-0.90776119253687,4.5168745694044e-05,4.4693053140971e-05
1.7805,0.20775010497436,-0.90902441336779,4.558289983355e-05,4.4543740139755e-05
1.78075,0.20095270817759,-0.91023567053428,4.5998261642879e-05,4.4391114284892e-05
1.781,0.19413834184089,-0.91139466615827,4.6414824588348e-05,4.4235141996014e-05
1.78125,0.18730729694098,-0.91250110084482,4.6832581920199e-05,4.4075789276381e-05
1.7815,0.18045986702329,-0.91355467362773,4.725152666706e-05,4.3913021705488e-05
1.78175,0.17359634824781,-0.91455508191376,4.7671651630227e-05,4.3746804431475e-05
1.782,0.16671703943679,-0.91550202142533,4.8092949377768e-05,4.357710216338e-05
1.78225,0.15982224212446,-0.91639518614173,4.8515412238437e-05,4.3403879163197e-05
1.7825,0.15291226060881,-0.91723426823875,4.8939032295387e-05,4.3227099237754e-05
1.78275,0.14598740200551,-0.91801895802673,4.9363801379677e-05,4.3046725730399e-05
1.783,0.1390479763041,-0.91874894388704,4.9789711063575e-05,4.2862721512491e-05
1.78325,0.13209429642642,-0.91942391220686,5.0216752653629e-05,4.2675048974682e-05
1.7835,0.12512667828759,-0.92004354731231,5.0644917183511e-05,4.2483670018006e-05
1.78375,0.11814544085939,-0.92060753139979,5.107419540663e-05,4.2288546044743e-05
1.784,0.11115090623631,-0.92111554446565,5.1504577788479e-05,4.2089637949076e-05
1.78425,0.10414339970432,-0.92156726423402,5.1936054498741e-05,4.1886906107519e-05
1.7845,0.097123249812494,-0.92196236608279,5.2368615403114e-05,4.1680310369118e-05
1.78475,0.090090788447547,-0.92230052296778,5.2802250054862e-05,4.1469810045419e-05
1.785,0.083046350911483,-0.92258140534493,5.3236947686071e-05,4.1255363900197e-05
1.78525,0.075990276002401,-0.92280468109062,5.3672697198605e-05,4.1036930138933e-05
1.7855,0.068922906098693,-0.92297001541991,5.4109487154742e-05,4.0814466398047e-05
1.78575,0.061844587246615,-0.9230770708029,5.4547305767488e-05,4.0587929733862e-05
1.786,0.054755669251574,-0.92312550687887,5.4986140890539e-05,4.0357276611318e-05
1.78625,0.04765650577309,-0.92311498036844,5.54259800079e-05,4.0122462892395e-05
1.7865,0.04054745442369,-0.92304514498354,5.5866810223121e-05,3.9883443824274e-05
1.78675,0.033428876871915,-0.92291565133521,5.6308618248153e-05,3.9640174027206e-05
1.787,0.026301138949529,-0.9227261468392,5.67513903918e-05,3.9392607482087e-05
1.78725,0.019164610763147,-0.92247627561927,5.7195112547753e-05,3.9140697517739e-05
1.7875,0.012019666810515,-0.92216567840826,5.7639770182182e-05,3.8884396797884e-05
1.78775,0.0048666861015211,-0.9217939924468,5.8085348320882e-05,3.8623657307799e-05
1.788,-0.002293947715728,-0.92136085137964,5.8531831535932e-05,3.8358430340659e-05
1.78825,-0.0094618462236669,-0.9208658851496,5.8979203931871e-05,3.8088666483543e-05
1.7885,-0.016636616098609,-0.92030871988903,5.942744913135e-05,3.7814315603117e-05
1.78875,-0.023817858968368,-0.9196889778089,5.9876550260252e-05,3.7535326830958e-05
1.789,-0.031005171264068,-0.91900627708526,6.0326489932242e-05,3.725164854854e-05
1.78925,-0.038198144065726,-0.91826023174323,6.0777250232744e-05,3.6963228371857e-05
1.7895,-0.045396362941475,-0.91745045153842,6.1228812702295e-05,3.6670013135683e-05
1.78975,-0.052599407780123,-0.91657654183568,6.1681158319272e-05,3.6371948877451e-05
1.79,-0.059806852616669,-0.91563810348533,6.213426748195e-05,3.6068980820757e-05
1.79025,-0.067018265450634,-0.91463473269664,6.2588119989862e-05,3.5761053358479e-05
1.7905,-0.0742332080568,-0.91356602090866,6.3042695024445e-05,3.5448110035484e-05
1.79075,-0.081451235787992,-0.91243155465842,6.3497971128924e-05,3.5130093530952e-05
1.791,-0.088671897369686,-0.9112309154463,6.3953926187403e-05,3.4806945640267e-05
1.79125,-0.095894734686004,-0.90996367959877,6.4410537403143e-05,3.44786072565e-05
1.7915,-0.10311928255668,-0.90862941812836,6.4867781275967e-05,3.4145018351468e-05
1.79175,-0.11034506850476,-0.90722769659092,6.532563357878e-05,3.3806117956349e-05
1.792,-0.11757161251444,-0.90575807494004,6.5784069333137e-05,3.3461844141864e-05
1.79225,-0.12479842677876,-0.90422010737893,6.6243062783839e-05,3.3112133998008e-05
1.7925,-0.1320250154367,-0.90261334220937,6.6702587372505e-05,3.2756923613326e-05
1.79275,-0.13925087429901,-0.9009373216781,6.7162615710066e-05,3.2396148053733e-05
1.793,-0.14647549056266,-0.89919158182047,6.7623119548149e-05,3.202974134086e-05
1.79325,-0.15369834251303,-0.89737565230148,6.8084069749289e-05,3.1657636429939e-05
1.7935,-0.16091889921345,-0.89548905625422,6.8545436255911e-05,3.1279765187202e-05
1.79375,-0.1681366201817,-0.8935313101157,6.9007188058055e-05,3.0896058366801e-05
1.794,-0.17535095505255,-0.89150192346029,6.9469293159739e-05,3.050644558725e-05
1.79425,-0.18256134322598,-0.88940039883067,6.9931718543946e-05,3.0110855307371e-05
1.7945,-0.18976721350037,-0.88722623156651,7.0394430136142e-05,2.9709214801755e-05
1.79475,-0.19696798368996,-0.88497890963087,7.0857392766268e-05,2.930145013573e-05
1.795,-0.20416306022592,-0.88265791343458,7.1320570129137e-05,2.8887486139836e-05
1.79525,-0.21135183774023,-0.88026271565849,7.1783924743155e-05,2.8467246383814e-05
1.7955,-0.21853369863173,-0.87779278107408,7.2247417907299e-05,2.8040653150099e-05
1.79575,-0.22570801261335,-0.87524756636226,7.2711009656267e-05,2.7607627406833e-05
1.796,-0.23287413623986,-0.87262651993077,7.3174658713708e-05,2.7168088780394e-05
1.79625,-0.24003141241517,-0.86992908173033,7.3638322443457e-05,2.6721955527452e-05
1.7965,-0.24717916987819,-0.86715468306972,7.4101956798674e-05,2.6269144506552e-05
1.79675,-0.25431672266649,-0.86430274643016,7.4565516268786e-05,2.5809571149254e-05
1.797,-0.26144336955647,-0.8613726852792,7.502895382414e-05,2.5343149430813e-05
1.79725,-0.2685583934793,-0.85836390388451,7.5492220858245e-05,2.4869791840444e-05
1.7975,-0.27566106091118,-0.85527579712789,7.5955267127512e-05,2.4389409351166e-05
1.79775,-0.28275062123711,-0.85210775031985,7.641804068835e-05,2.3901911389255e-05
1.798,-0.28982630608663,-0.84885913901542,7.6880487831516e-05,2.3407205803338e-05
1.79825,-0.29688732864055,-0.84552932883133,7.7342553013568e-05,2.2905198833135e-05
1.7985,-0.30393288290716,-0.84211767526542,7.7804178785314e-05,2.2395795077897e-05
1.79875,-0.31096214296656,-0.8386235235187,7.8265305717079e-05,2.187889746457e-05
1.799,-0.31797426218174,-0.8350462083207,7.8725872320673e-05,2.1354407215722e-05
1.79925,-0.32496837237484,-0.83138505375888,7.918581496789e-05,2.0822223817278e-05
1.7995,-0.33194358296697,-0.82763937311289,7.9645067805366e-05,2.0282244986117e-05
1.79975,-0.33889898008003,-0.82380846869437,8.0103562665644e-05,1.9734366637587e-05
1.8,-0.34583362559867,-0.81989163169347,8.0561228974254e-05,1.9178482852992e-05
1.80025,-0.35274655619074,-0.81588814203284,8.1017993652617e-05,1.8614485847135e-05
1.8005,-0.35963678228422,-0.81179726823036,8.1473781016587e-05,1.8042265935977e-05
1.80075,-0.36650328699865,-0.80761826727178,8.1928512670419e-05,1.7461711504519e-05
1.801,-0.37334502502919,-0.80335038449453,8.2382107395946e-05,1.6872708974979e-05
1.80125,-0.38016092148084,-0.79899285348417,8.2834481036737e-05,1.627514277539e-05
1.8015,-0.38694987065093,-0.79454489598503,8.3285546377014e-05,1.566889530872e-05
1.80175,-0.39371073475731,-0.79000572182673,8.3735213015059e-05,1.5053846922646e-05
1.802,-0.40044234260994,-0.78537452886841,8.4183387230872e-05,1.4429875880134e-05
1.80225,-0.4071434882232,-0.78065050296267,8.4629971847795e-05,1.3796858330955e-05
1.8025,-0.41381292936654,-0.77583281794141,8.5074866087837e-05,1.3154668284334e-05
1.80275,-0.42044938605046,-0.77092063562593,8.5517965420382e-05,1.2503177582899e-05
1.803,-0.42705153894515,-0.76591310586384,8.5959161403995e-05,1.1842255878148e-05
1.80325,-0.43361802772881,-0.76080936659553,8.6398341520992e-05,1.1171770607643e-05
1.8035,-0.44014744936252,-0.75560854395334,8.6835389004441e-05,1.0491586974195e-05
1.80375,-0.44663835628856,-0.75030975239651,8.7270182657246e-05,9.8015679272932e-06
1.804,-0.45308925454888,-0.74491209488574,8.7702596662947e-05,9.1015741470798e-06
1.80425,-0.4594986018203,-0.73941466310083,8.8132500387871e-05,8.3914640311905e-06
1.8045,-0.46586480536297,-0.73381653770601,8.8559758174214e-05,7.6710936848054e-06
1.80475,-0.47218621987838,-0.72811678866708,8.898422912367e-05,6.9403169143073e-06
1.805,-0.47846114527337,-0.72231447562555,8.9405766871166e-05,6.1989852249448e-06
1.80525,-0.48468782432616,-0.71640864833487,8.9824219348269e-05,5.4469478229777e-06
1.8055,-0.4908644402505,-0.71039834716472,9.0239428535803e-05,4.6840516227843e-06
1.80575,-0.49698911415405,-0.70428260367922,9.0651230205204e-05,3.9101412594787e-06
1.806,-0.50305990238669,-0.69806044129618,9.1059453648126e-05,3.1250591076351e-06
1.80625,-0.50907479377475,-0.69173087603436,9.1463921393782e-05,2.3286453067492e-06
1.8065,-0.51503170673696,-0.68529291735662,9.1864448913515e-05,1.5207377941428e-06
1.80675,-0.52092848627754,-0.67874556911768,9.2260844312046e-05,7.0117234608121e-07
1.807,-0.52676290085262,-0.67208783062526,9.2652908004855e-05,-1.3021737208541e-07
1.80725,-0.53253263910515,-0.66531869782492,9.304043238113e-05,-9.7359974583222e-07
1.8075,-0.53823530646446,-0.65843716461891,9.3423201451702e-05,-1.8291451404579e-06
1.80775,-0.54386842160592,-0.65144222433086,9.3800990481384e-05,-2.6970258180961e-06
1.808,-0.54942941276661,-0.64433287132855,9.4173565605095e-05,-3.5774158415722e-06
1.80825,-0.55491561391306,-0.63710810281827,9.4540683427189e-05,-4.4704909638554e-06
1.8085,-0.56032426075708,-0.62976692082521,9.4902090603345e-05,-5.3764285017289e-06
1.80875,-0.56565248661595,-0.62230833437548,9.5257523404422e-05,-6.2954071921765e-06
1.809,-0.57089731811377,-0.61473136189646,9.5606707261649e-05,-7.2276070298857e-06
1.80925,-0.57605567072076,-0.60703503385367,9.5949356292536e-05,-8.173209084081e-06
1.8095,-0.5811243441279,-0.59921839564346,9.6285172806901e-05,-9.1323952927924e-06
1.80975,-0.586100017455,-0.59128051076244,9.6613846792418e-05,-1.0105348232473e-05
1.81,-0.59097924429029,-0.58322046427618,9.6935055379104e-05,-1.1092250860694e-05
1.81025,-0.59575844756123,-0.57503736661113,9.7248462282191e-05,-1.2093286229486e-05
1.8105,-0.6004339142363,-0.56673035769568,9.7553717222865e-05,-1.3108637166634e-05
1.81075,-0.60500178985882,-0.55829861147807,9.7850455326382e-05,-1.4138485922038e-05
1.811,-0.60945807291537,-0.54974134085083,9.8138296497135e-05,-1.5183013775999e-05
1.81125,-0.61379860904189,-0.54105780301344,9.8416844770279e-05,-1.6242400605981e-05
1.8115,-0.61801908507309,-0.53224730530728,9.8685687639627e-05,-1.7316824408156e-05
1.81175,-0.62211502294171,-0.52330921155893,9.8944395361582e-05,-1.8406460769668e-05
1.812,-0.62608177343671,-0.5142429489707,9.9192520234975e-05,-1.9511482287218e-05
1.81225,-0.62991450983179,-0.50504801559935,9.9429595856811e-05,-2.0632057927195e-05
1.8125,-0.63360822139788,-0.49572398846681,9.9655136354024e-05,-2.1768352322136e-05
1.81275,-0.63715770681684,-0.48627053234959,9.9868635591509e-05,-2.2920524997832e-05
1.813,-0.64055756751648,-0.47668740929578,0.00010006956635687,-2.4088729524932e-05
1.81325,-0.64380220095115,-0.46697448892204,0.00010025737952251,-2.5273112588277e-05
1.8135,-0.64688579385643,-0.45713175954539,0.00010043150318588,-2.6473812966624e-05
1.81375,-0.6498023155112,-0.44715934020778,0.00010059134178897,-2.769096041475e-05
1.814,-0.65254551104592,-0.4370574936542,0.00010073627521842,-2.8924674439119e-05
1.81425,-0.65510889484207,-0.42682664032791,0.00010086565788773,-3.017506295753e-05
1.8145,-0.65748574407432,-0.41646737344922,0.00010097881780372,-3.1442220832205e-05
1.81475,-0.65966909245475,-0.40598047524681,0.00010107505561925,-3.2726228264695e-05
1.815,-0.66165172424684,-0.3953669344128,0.00010115364367497,-3.4027149039912e-05
1.81525,-0.66342616862603,-0.38462796485522,0.00010121382503296,-3.5345028605157e-05
1.8155,-0.66498469447422,-0.37376502582273,0.00010125481250564,-3.6679891968604e-05
1.81575,-0.66631930570679,-0.36277984347811,0.00010127578768349,-3.8031741399958e-05
1.816,-0.66742173724305,-0.35167443399734,0.00010127589996561,-3.940055391399e-05
1.81625,-0.66828345174498,-0.34045112827096,0.0001012542655973,-4.0786278515468e-05
1.8165,-0.66889563726365,-0.32911259828309,0.00010120996671886,-4.2188833181261e-05
1.81675,-0.66924920594918,-0.31766188524179,0.0001011420504301,-4.3608101552328e-05
1.817,-0.66933479399765,-0.30610242952994,0.00010104952787427,-4.5043929304641e-05
1.81725,-0.66914276302709,-0.29443810254146,0.00010093137334504,-4.6496120163678e-05
1.8175,-0.66866320309552,-0.28267324045995,0.0001007865234187,-4.7964431521932e-05
1.81775,-0.66788593759528,-0.27081268002786,0.00010061387611195,-4.9448569612563e-05
1.818,-0.66680053028136,-0.2588617963424,0.00010041229006299,-5.0948184184604e-05
1.81825,-0.66539629471594,-0.24682654269945,0.00010018058372955,-5.2462862615825e-05
1.8185,-0.66366230643656,-0.23471349248858,9.9917534591027e-05,-5.3992123387765e-05
1.81875,-0.66158741818254,-0.22252988312061,9.9621878333994e-05,-5.5535408833161e-05
1.819,-0.65916027854096,-0.21028366194202,9.9292307987298e-05,-5.7092077048258e-05
1.81925,-0.6563693544018,-0.1979835340603,9.8927472956198e-05,-5.8661392840209e-05
1.8195,-0.6532029576392,-0.18563901196654,9.8525977880199e-05,-6.0242517551915e-05
1.81975,-0.64964927646316,-0.1732604667998,9.8086381204854e-05,-6.1834497571468e-05
1.82,-0.64569641191181,-0.1608591810477,9.7607193309156e-05,-6.3436251288999e-05
1.82025,-0.64133241997842,-0.14844740242156,9.708687396121e-05,-6.5046554207727e-05
1.8205,-0.63654535988794,-0.1360383985798,9.6523828777107e-05,-6.6664021845219e-05
1.82075,-0.63132334905473,-0.12364651230062,9.5916404218162e-05,-6.8287089972064e-05
1.821,-0.62565462526414,-0.11128721662355,9.5262880461013e-05,-6.9913991624263e-05
1.82125,-0.61952761662449,-0.098977169389145,9.4561461184788e-05,-7.154273018928e-05
1.8215,-0.61293101983096,-0.086734266505789,9.3810258896539e-05,-7.3171047702129e-05
1.82175,-0.60585388726687,-0.074577693164071,9.3007273794876e-05,-7.4796387299903e-05
1.822,-0.59828572343826,-0.062527972101328,9.2150363251691e-05,-7.6415848585041e-05
1.82225,-0.59021659119254,-0.050607007892575,9.1237197618273e-05,-7.8026134477801e-05
1.8225,-0.58163722810806,-0.038838126111339,9.0265195995469e-05,-7.9623488085621e-05
1.82275,-0.57253917335595,-0.027246106065357,8.9231432477221e-05,-8.1203618373789e-05
1.823,-0.56291490522608,-0.01585720566999,8.8132498612932e-05,-8.2761614390292e-05
1.82325,-0.55275798937142,-0.0046991768807648,8.696430057565e-05,-8.4291850303048e-05
1.8235,-0.54206323765738,0.0061987300327448,8.5721758520275e-05,-8.5787889228806e-05
1.82375,-0.53082687730204,0.016805775219674,8.4398359212204e-05,-8.7242406161302e-05
1.824,-0.51904672975693,0.027089752952295,8.2985489495344e-05,-8.8647176048517e-05
1.82425,-0.50672239850442,0.037017032364404,8.1471447415215e-05,-8.9993225702568e-05
1.8245,-0.49385546463742,0.046552617354769,7.983999667491e-05,-9.1271353678298e-05
1.82475,-0.48044968873775,0.055660227820532,7.8068328328559e-05,-9.2473427293895e-05
1.825,-0.46651121718622,0.064302404372925,7.6124416294642e-05,-9.3595242546725e-05
1.82525,-0.45204879062115,0.072440638620188,7.3964260670674e-05,-9.4642342267973e-05
1.8255,-0.43707395182023,0.080035530969374,7.1531009316128e-05,-9.5640871302383e-05
1.82575,-0.42160124982093,0.087046977688892,6.8761448452457e-05,-9.6655178093118e-05
1.826,-0.4056484366286,0.093434388677856,6.5611016907598e-05,-9.7808669092277e-05
1.82625,-0.389236652402,0.099156936997572,6.2109609647731e-05,-9.9287602374102e-05
1.8265,-0.37239059457183,0.1041738407272,5.8433706841694e-05,-0.00010128335354519
1.82675,-0.35513866595759,0.10844467710591,5.4911583442146e-05,-0.0001038510084634
1.827,-0.3375130966249,0.11192972821681,5.1869244509352e-05,-0.00010679262637952
1.82725,-0.31955003399502,0.11459035665613,4.9418533515483e-05,-0.00010974154155029
1.8275,-0.30128959560541,0.11638940872489,4.7425037636213e-05,-0.00011238830623996
1.82775,-0.28277587895303,0.11729164169362,4.5658105744925e-05,-0.00011460319285091
1.828,-0.26405692305624,0.11726417064532,4.3927422237305e-05,-0.00011639770989384
1.82825,-0.24518461676748,0.1162769293278,4.212218402972e-05,-0.00011784063661827
1.8285,-0.22621454947986,0.1143031383782,4.0194126807643e-05,-0.000119004580184
1.82875,-0.20720580070385,0.11131977326374,3.8131233624711e-05,-0.00011994663682714
1.829,-0.18822066605202,0.10730802335995,3.5939037615062e-05,-0.00012070634837857
1.82925,-0.16932431845173,0.10225373281356,3.3630264407446e-05,-0.00012130923088193
1.8295,-0.15058440488845,0.096147813263079,3.12198303836e-05,-0.00012177092591172
1.82975,-0.13207058063497,0.088986618167926,2.8722690524151e-05,-0.00012210053127046
1.83,-0.1138539846986,0.080772268472764,2.6153055988865e-05,-0.00012230296426779
1.83025,-0.096006662060532,0.071512919643895,2.3524218481051e-05,-0.0001223805591723
1.8305,-0.078600940122453,0.061222960786392,2.0848615392217e-05,-0.00012233412931606
1.83075,-0.061708768536431,0.049923137593097,1.8137969323295e-05,-0.00012216367311405
1.831,-0.045401033193577,0.037640592282134,1.5403430974342e-05,-0.00012186884742868
1.83125,-0.029746856505469,0.024408815422188,1.2655698390363e-05,-0.00012144928902206
1.8315,-0.014812897149983,0.010267506575765,9.9051050890519e-06,-0.00012090483572779
1.83175,-0.00066266310690455,-0.0047376570540768,7.1616777830546e-06,-0.00012023568005837
1.832,0.012644147974783,-0.020555342391603,4.4351674622072e-06,-0.00011944247593536
1.83225,0.025052267288008,-0.037128968646214,1.7350584195969e-06,-0.0001185264116535
1.8325,0.03651141919517,-0.054397195446602,-9.2944028335527e-07,-0.00011748925744221
1.83275,0.046976819501213,-0.072294482308321,-3.5494168237734e-06,-0.00011633339302743
1.833,0.056409597412998,-0.090751708817486,-6.1162884821053e-06,-0.00011506181876756
1.83325,0.06477713289746,-0.10969684328257,-8.6218402017366e-06,-0.00011367815282688
1.8335,0.072053303400895,-0.1290556463889,-1.1058267082266e-05,-0.00011218661619714
1.83375,0.078218636323355,-0.14875239563448,-1.3418218400067e-05,-0.00011059200701716
1.834,0.083260366152571,-0.16871061605637,-1.569484106871e-05,-0.00010889966546124
1.83425,0.087172397645037,-0.18885380297526,-1.7881820746763e-05,-0.00010711543039959
1.8345,0.089955178796358,-0.2091061231639,-1.9973419080551e-05,-0.00010524558902862
1.83475,0.091615489478743,-0.22939308193965,-2.1964505841046e-05,-0.00010329682069249
1.835,0.092166153465017,-0.24964214512588,-2.3850584979655e-05,-0.00010127613614794
1.83525,0.091625683049044,-0.26978330654232,-2.5627813887296e-05,-9.9190813545555e-05
1.8355,0.090017866576919,-0.2897495935876,-2.7293015392887e-05,-9.7048332403438e-05
1.83575,0.087371309906622,-0.30947750547698,-2.8843682277436e-05,-9.4856306827593e-05
1.836,0.083718943122338,-0.3289073807105,-3.0277974304383e-05,-9.2622419184513e-05
1.83625,0.079097503766361,-0.34798369229535,-3.1594707971294e-05,-9.0354355356347e-05
1.8365,0.073547007455283,-0.36665527106003,-3.2793339368393e-05,-8.8059742609386e-05
1.83675,0.067110216066615,-0.38487545902828,-3.3873940682721e-05,-8.5746090986232e-05
1.837,0.059832112773729,-0.40260219622454,-3.4837171010465e-05,-8.3420738995899e-05
1.83725,0.051759392130157,-0.41979804543757,-3.5684242233182e-05,-8.1090804229297e-05
1.8375,0.042939972217181,-0.43643016036481,-3.6416880776331e-05,-7.8763139375637e-05
1.83775,0.033422534627621,-0.45247020319724,-3.7037286101669e-05,-7.6444293963714e-05
1.838,0.023256096812832,-0.46789421809737,-3.7548086790903e-05,-7.4140482005496e-05
1.83825,0.012489620111776,-0.48268246719194,-3.7952295059347e-05,-7.1857555582112e-05
1.8385,0.0011716556458142,-0.49681923567147,-3.8253260498611e-05,-6.9600984287872e-05
1.83875,-0.010649970774043,-0.51029261239247,-3.845462379045e-05,-6.7375840338573e-05
1.839,-0.022928434501303,-0.52309425204703,-3.8560271063734e-05,-6.5186789057816e-05
1.83925,-0.035618149236167,-0.53521912452785,-3.8574289487007e-05,-6.3038084380296e-05
1.8395,-0.0486749667651,-0.5466652566082,-3.8500924603989e-05,-6.0933568953796e-05
1.83975,-0.062056341019602,-0.55743347049984,-3.8344539832027e-05,-5.8876678381548e-05
1.84,-0.075721458625388,-0.56752712327417,-3.8109578456908e-05,-5.6870449122514e-05
1.84025,-0.089631338408665,-0.57695185055195,-3.7800528373972e-05,-5.4917529557256e-05
1.8405,-0.10374890251795,-0.58571531730209,-3.7421889747228e-05,-5.3020193730022e-05
1.84075,-0.11803902192289,-0.59382697805341,-3.6978145686513e-05,-5.1180357291035e-05
1.841,-0.13246853907662,-0.6012978483239,-3.6473735978743e-05,-4.9399595185186e-05
1.84125,-0.14700627049048,-0.60814028861684,-3.5913033853506e-05,-4.7679160662186e-05
1.8415,-0.16162299188116,-0.61436780192633,-3.5300325715854e-05,-4.6020005216922e-05
1.84175,-0.17629140842182,-0.61999484533664,-3.4639793740104e-05,-4.4422799105824e-05
1.842,-0.19098611247217,-0.62503665599124,-3.3935501187377e-05,-4.2887952123716e-05
1.84225,-0.20568353098566,-0.62950909144651,-3.3191380285927e-05,-4.1415634364831e-05
1.8425,-0.22036186460436,-0.63342848420855,-3.2411222496489e-05,-4.0005796730321e-05
1.84275,-0.23500102025813,-0.63681151007642,-3.1598670974016e-05,-3.8658190981833e-05
1.843,-0.24958253889318,-0.63967506977772,-3.0757215031629e-05,-3.7372389175839e-05
1.84325,-0.26408951976559,-0.64203618327788,-2.989018641155e-05,-3.6147802346187e-05
1.8435,-0.27850654255639,-0.64391189606952,-2.9000757170372e-05,-3.4983698332065e-05
1.84375,-0.29281958839396,-0.64531919669832,-2.8091938991742e-05,-3.3879218675551e-05
1.844,-0.30701596071125,-0.64627494475283,-2.7166583747474e-05,-3.2833394536675e-05
1.84425,-0.32108420672049,-0.64679580853532,-2.6227385137889e-05,-3.1845161594773e-05
1.8445,-0.3350140401548,-0.64689821163384,-2.5276881253184e-05,-3.0913373922819e-05
1.84475,-0.34879626580791,-0.64659828763128,-2.4317457909367e-05,-3.0036816836601e-05
1.845,-0.3624227062964,-0.64591184221143,-2.3351352624519e-05,-2.9214218733208e-05
1.84525,-0.37588613137554,-0.64485432195314,-2.23806591134e-05,-2.8444261943624e-05
1.8455,-0.38918019005774,-0.64344078913998,-2.1407332190518e-05,-2.7725592632356e-05
1.84575,-0.40229934571148,-0.64168590195189,-2.0433192983544e-05,-2.7056829783366e-05
1.846,-0.41523881425761,-0.6396038994471,-1.9459934370186e-05,-2.6436573316245e-05
1.84625,-0.42799450552814,-0.63720859078455,-1.8489126562222e-05,-2.5863411379783e-05
1.8465,-0.44056296780891,-0.63451334817954,-1.7522222770351e-05,-2.5335926872124e-05
1.84675,-0.45294133555143,-0.63153110312669,-1.6560564892648e-05,-2.4852703237693e-05
1.847,-0.46512728020955,-0.62827434546474,-1.5605389177831e-05,-2.4412329591185e-05
1.84725,-0.47711896413228,-0.62475512489653,-1.4657831822231e-05,-2.4013405218394e-05
1.8475,-0.48891499742607,-0.6209850546138,-1.3718934466193e-05,-2.3654543502475e-05
1.84775,-0.50051439768422,-0.61697531671157,-1.2789649561887e-05,-2.3334375322713e-05
1.848,-0.51191655247118,-0.61273666910899,-1.1870845589961e-05,-2.3051551970956e-05
1.84825,-0.52312118444145,-0.60827945372353,-1.0963312107336e-05,-2.2804747628739e-05
1.8485,-0.53412831896775,-0.60361360567363,-1.0067764612731e-05,-2.2592661445808e-05
1.84875,-0.54493825415085,-0.59874866331002,-9.1848492201439e-06,-2.2414019258369e-05
1.849,-0.55555153308227,-0.59369377889971,-8.3151471338007e-06,-2.2267574982921e-05
1.84925,-0.56596891823179,-0.5884577298078,-7.459178920765e-06,-2.215211171908e-05
1.8495,-0.57619136783396,-0.58304893004165,-6.6174085797594e-06,-2.2066442592388e-05
1.84975,-0.5862200141503,-0.57747544203945,-5.7902474067094e-06,-2.2009411365724e-05
1.85,-0.59605614348771,-0.57174498860119,-4.9780576591601e-06,-2.1979892845662e-05
1.85025,-0.60570117785815,-0.56586496487369,-4.1811560230348e-06,-2.197679310793e-05
1.8505,-0.61515665816871,-0.55984245031474,-3.3998168863288e-06,-2.1999049564042e-05
1.85075,-0.62442422883683,-0.55368422057193,-2.6342754251563e-06,-2.2045630889221e-05
1.851,-0.63350562372992,-0.5473967592224,-1.8847305082618e-06,-2.2115536829864e-05
1.85125,-0.64240265333437,-0.54098626932829,-1.1513474266073e-06,-2.220779790709e-05
1.8515,-0.65111719306391,-0.5344586847706,-4.342604549796e-07,-2.2321475031301e-05
1.85175,-0.65965117262229,-0.52781968133126,2.6642474716715e-07,-2.2455659041186e-05
1.852,-0.66800656634091,-0.52107468749892,9.5062888832533e-07,-2.2609470179235e-05
1.85225,-0.6761853844163,-0.51422889497965,1.6182969436299e-06,-2.2782057514544e-05
1.8525,-0.68418966497752,-0.50728726889817,2.2693961922935e-06,-2.2972598322549e-05
1.85275,-0.69202146691816,-0.50025455767921,2.9039143865432e-06,-2.318029743025e-05
1.853,-0.69968286343195,-0.49313530260213,3.5218580449405e-06,-2.3404386534514e-05
1.85325,-0.70717593619506,-0.48593384702494,4.1232508631472e-06,-2.364412350017e-05
1.8535,-0.71450277014241,-0.47865434527624,4.7081322354144e-06,-2.3898791643799e-05
1.85375,-0.72166544878896,-0.47130077121606,5.2765558802922e-06,-2.416769900841e-05
1.854,-0.72866605005045,-0.46387692646791,5.8285885642975e-06,-2.4450177633508e-05
1.85425,-0.73550664252157,-0.45638644832652,6.3643089175564e-06,-2.474558282451e-05
1.8545,-0.74218928217253,-0.44883281734636,6.8838063356723e-06,-2.5053292424893e-05
1.85475,-0.74871600942801,-0.44121936461759,7.3871799623648e-06,-2.5372706094003e-05
1.855,-0.75508884659536,-0.43354927873653,7.8745377476768e-06,-2.5703244593035e-05
1.85525,-0.76130979561116,-0.42582561247874,8.3459955768126e-06,-2.6044349081282e-05
1.8555,-0.76738083607809,-0.41805128918298,8.8016764649479e-06,-2.639548042444e-05
1.85575,-0.77330392356586,-0.41022910885497,9.2417098135809e-06,-2.6756118516448e-05
1.856,-0.77908098815234,-0.40236175399999,9.6662307242725e-06,-2.7125761616055e-05
1.85625,-0.78471393318289,-0.3944517951935,1.0075379365841e-05,-2.7503925699103e-05
1.8565,-0.7902046342274,-0.38650169639921,1.046930039132e-05,-2.7890143827267e-05
1.85675,-0.79555493821676,-0.37851382004389,1.0848142401205e-05,-2.8283965533851e-05
1.857,-0.80076666274137,-0.37049043185814,1.121205744974e-05,-2.8684956227034e-05
1.85725,-0.80584159549624,-0.36243370549251,1.1561200591176e-05,-2.909269661086e-05
1.8575,-0.81078149385825,-0.35434572691788,1.1895729463151e-05,-2.9506782124116e-05
1.85775,-0.81558808458239,-0.34622849861899,1.2215803904511e-05,-2.9926822397148e-05
1.858,-0.82026306360501,-0.33808394359006,1.2521585605059e-05,-3.0352440726573e-05
1.85825,-0.824808095943,-0.3299139091406,1.2813237784911e-05,-3.0783273567756e-05
1.8585,-0.82922481567894,-0.32172017052014,1.3090924901262e-05,-3.1218970044881e-05
1.85875,-0.83351482602291,-0.31350443436943,1.3354812380525e-05,-3.1659191478344e-05
1.859,-0.83767969944259,-0.30526834200619,1.360506637396e-05,-3.2103610929207e-05
1.85925,-0.84172097785412,-0.29701347255278,1.3841853534996e-05,-3.2551912760348e-05
1.8595,-0.84564017286654,-0.28874134591301,1.406534081663e-05,-3.3003792213976e-05
1.85975,-0.84943876607362,-0.2804534256051,1.4275695287344e-05,-3.3458955005087e-05
1.86,-0.85311820938715,-0.27215112145745,1.4473083964133e-05,-3.391711693048e-05
1.86025,-0.85667992540658,-0.26383579217359,1.4657673661308e-05,-3.4378003492896e-05
1.8605,-0.86012530782008,-0.25550874777272,1.4829630853838e-05,-3.4841349539836e-05
1.86075,-0.86345572183281,-0.2471712519114,1.4989121554108e-05,-3.5306898916623e-05
1.861,-0.8666725046183,-0.23882452409236,1.5136311200999e-05,-3.5774404133266e-05
1.86125,-0.86977696578956,-0.2304697417657,1.5271364560341e-05,-3.6243626044653e-05
1.8615,-0.87277038788652,-0.22210804232768,1.5394445635786e-05,-3.6714333543649e-05
1.86175,-0.87565402687701,-0.21374052502204,1.5505717589289e-05,-3.7186303266644e-05
1.862,-0.87842911266855,-0.2053682527487,1.5605342670388e-05,-3.7659319311092e-05
1.86225,-0.88109684962864,-0.19699225378411,1.5693482153559e-05,-3.8133172964645e-05
1.8625,-0.88365841711138,-0.1886135234178,1.5770296282984e-05,-3.8607662445406e-05
1.86275,-0.88611496998845,-0.18023302550907,1.5835944224092e-05,-3.9082592652918e-05
1.863,-0.8884676391829,-0.17185169396778,1.5890584021302e-05,-3.9557774929467e-05
1.86325,-0.89071753220392,-0.16347043416297,1.5934372561444e-05,-4.0033026831285e-05
1.8635,-0.89286573368153,-0.15509012426287,1.5967465542338e-05,-4.0508171909286e-05
1.86375,-0.8949133058997,-0.14671161650959,1.599001744611e-05,-4.0983039498928e-05
1.864,-0.89686128932694,-0.1383357384318,1.6002181516787e-05,-4.1457464518858e-05
1.86425,-0.89871070314344,-0.12996329399837,1.600410974181e-05,-4.193128727797e-05
1.8645,-0.90046254576371,-0.12159506471599,1.5995952837091e-05,-4.2404353290517e-05
1.86475,-0.90211779535421,-0.11323181067338,1.5977860235284e-05,-4.2876513098969e-05
1.865,-0.90367741034515,-0.10487427153476,1.5949980076969e-05,-4.3347622104271e-05
1.86525,-0.90514232993591,-0.096523167485252,1.5912459204463e-05,-4.3817540403196e-05
1.8655,-0.90651347459367,-0.088179200130305,1.5865443158e-05,-4.4286132632491e-05
1.86575,-0.90779174654476,-0.079843053351547,1.5809076174038e-05,-4.4753267819531e-05
1.866,-0.90897803025839,-0.071515394121268,1.5743501185485e-05,-4.5218819239183e-05
1.86625,-0.91007319292237,-0.063196873277398,1.5668859823618e-05,-4.5682664276637e-05
1.8665,-0.91107808491077,-0.054888126261086,1.5585292421542e-05,-4.614468429592e-05
1.86675,-0.91199354024315,-0.046589773818594,1.5492938018985e-05,-4.6604764513861e-05
1.867,-0.91282037703517,-0.038302422669255,1.5391934368297e-05,-4.706279387926e-05
1.86725,-0.91355939794069,-0.03002666614132,1.5282417941501e-05,-4.7518664957032e-05
1.8675,-0.91421139058494,-0.021763084776964,1.5164523938264e-05,-4.797227381711e-05
1.86775,-0.91477712798899,-0.0135122469083,1.5038386294663e-05,-4.8423519927887e-05
1.868,-0.91525736898536,-0.0052747092054949,1.4904137692652e-05,-4.8872306054009e-05
1.86825,-0.9156528586247,0.0029489828014494,1.4761909570115e-05,-4.9318538158305e-05
1.8685,-0.91596432857375,0.011158294225994,1.4611832131417e-05,-4.9762125307688e-05
1.86875,-0.91619249750437,0.019352700352367,1.4454034358374e-05,-5.0202979582831e-05
1.869,-0.91633807147394,0.027531686185547,1.4288644021563e-05,-5.0641015991466e-05
1.86925,-0.91640174429697,0.035694746022872,1.411578769191e-05,-5.1076152385124e-05
1.8695,-0.91638419790817,0.04384138304632,1.3935590752475e-05,-5.150830937917e-05
1.86975,-0.91628610271703,0.051971108934382,1.3748177410407e-05,-5.1937410275987e-05
1.87,-0.91610811795388,0.06008344349256,1.3553670708993e-05,-5.2363380991154e-05
1.87025,-0.91585089200778,0.068177914301725,1.3352192539765e-05,-5.2786149982495e-05
1.8705,-0.91551506275613,0.076254056383321,1.3143863654632e-05,-5.3205648181855e-05
1.87075,-0.91510125788634,0.084311411880728,1.292880367798e-05,-5.3621808929487e-05
1.871,-0.91461009520942,0.09234952975603,1.2707131118733e-05,-5.4034567910935e-05
1.87125,-0.91404218296594,0.10036796550127,1.2478963382325e-05,-5.4443863096278e-05
1.8715,-0.9133981201242,0.10836628086376,1.2244416782565e-05,-5.4849634681657e-05
1.87175,-0.91267849667103,0.11634404358463,1.2003606553378e-05,-5.525182503295e-05
1.872,-0.91188389389512,0.12430082714993,1.1756646860393e-05,-5.5650378631519e-05
1.87225,-0.91101488466313,0.13223621055394,1.1503650812367e-05,-5.6045242021922e-05
1.8725,-0.91007203368885,0.14014977807384,1.1244730472426e-05,-5.6436363761503e-05
1.87275,-0.90905589779529,0.1480411190553,1.0979996869119e-05,-5.6823694371775e-05
1.873,-0.90796702617005,0.15590982770866,1.070956000726e-05,-5.7207186291509e-05
1.87325,-0.90680596061411,0.16375550291484,1.0433528878563e-05,-5.7586793831454e-05
1.8735,-0.90557323578406,0.17157774804089,1.0152011472059e-05,-5.7962473130617e-05
1.87375,-0.90426937942802,0.17937617076451,9.8651147842846e-06,-5.8334182114021e-05
1.874,-0.90289491261539,0.18715038290718,9.5729448292456e-06,-5.870188045188e-05
1.87425,-0.90145034996055,0.19490000027557,9.2756066481458e-06,-5.9065529520129e-05
1.8745,-0.8999361998406,0.20262464251065,8.9732043188863e-06,-5.9425092362234e-05
1.87475,-0.8983529646074,0.21032393294447,8.6658409653296e-06,-5.9780533652242e-05
1.875,-0.89670114079396,0.21799749846393,8.3536187663291e-06,-6.0131819658996e-05
1.87525,-0.89498121931532,0.22564496938134,8.0366389645303e-06,-6.0478918211475e-05
1.8755,-0.89319368566407,0.23326597931165,7.7150018749383e-06,-6.0821798665199e-05
1.87575,-0.89133902010073,0.24086016505562,7.3888068932612e-06,-6.1160431869655e-05
1.876,-0.88941769783888,0.24842716648911,7.0581525040272e-06,-6.1494790136699e-05
1.87625,-0.88743018922546,0.25596662645792,6.7231362884818e-06,-6.1824847209884e-05
1.8765,-0.88537695991616,0.26347819067801,6.3838549322712e-06,-6.2150578234679e-05
1.87675,-0.88325847104609,0.27096150764091,6.0404042329125e-06,-6.2471959729531e-05
1.877,-0.88107517939588,0.27841622852398,5.6928791070576e-06,-6.2788969557745e-05
1.87725,-0.87882753755327,0.2858420071054,5.3413735975595e-06,-6.3101586900123e-05
1.8775,-0.8765159940703,0.29323849968361,4.9859808803395e-06,-6.3409792228363e-05
1.87775,-0.87414099361634,0.30060536500101,4.6267932710697e-06,-6.3713567279143e-05
1.878,-0.87170297712686,0.30794226417177,4.2639022316704e-06,-6.4012895028894e-05
1.87825,-0.8692023819482,0.31524886061352,3.8973983766303e-06,-6.4307759669216e-05
1.8785,-0.86663964197847,0.32252481998276,3.5273714791606e-06,-6.4598146582909e-05
1.87875,-0.86401518780448,0.32976981011381,3.1539104771803e-06,-6.4884042320601e-05
1.879,-0.86132944683507,0.33698350096117,2.7771034791503e-06,-6.5165434577931e-05
1.87925,-0.85858284343071,0.34416556454509,2.397037769754e-06,-6.5442312173289e-05
1.8795,-0.85577579902961,0.3513156749003,2.0137998154343e-06,-6.5714665026066e-05
1.87975,-0.85290873227034,0.35843350802764,1.6274752697972e-06,-6.59824841354e-05
1.88,-0.84998205911114,0.36551874184853,1.2381489788828e-06,-6.6245761559404e-05
1.88025,-0.84699619294587,0.37257105616213,8.459049863131e-07,-6.6504490394853e-05
1.8805,-0.8439515447169,0.3795901326051,4.5082653832606e-07,-6.6758664757307e-05
1.88075,-0.84084852302477,0.38657565461382,5.299608869713e-08,-6.7008279761655e-05
1.881,-0.83768753423492,0.39352730738895,-3.4750469644269e-07,-6.725333150307e-05
1.88125,-0.8344689825814,0.4004447778622,-7.5059493388206e-07,-6.7493817038347e-05
1.8815,-0.83119327026778,0.40732775466536,-1.1561945187003e-06,-6.7729734367627e-05
1.88175,-0.82786079756524,0.41417592810126,-1.5642241197175e-06,-6.7961082416467e-05
1.882,-0.8244719629079,0.42098899011675,-1.9746051750253e-06,-6.8187861018276e-05
1.88225,-0.82102716298562,0.42776663427755,-2.387259887591e-06,-6.8410070897072e-05
1.8825,-0.81752679283404,0.43450855574487,-2.8021112209227e-06,-6.8627713650572e-05
1.88275,-0.81397124592231,0.44121445125375,-3.2190828948011e-06,-6.8840791733592e-05
1.883,-0.81036091423819,0.44788401909302,-3.6380993810595e-06,-6.9049308441752e-05
1.88325,-0.80669618837092,0.45451695908684,-4.0590858994168e-06,-6.925326789547e-05
1.8835,-0.80297745759165,0.4611129725777,-4.4819684133542e-06,-6.9452675024245e-05
1.88375,-0.79920510993166,0.46767176241085,-4.9066736260261e-06,-6.9647535551208e-05
1.884,-0.79537953225843,0.47419303292008,-5.3331289762081e-06,-6.9837855977954e-05
1.88425,-0.79150111034943,0.48067648991485,-5.7612626342724e-06,-7.0023643569613e-05
1.8845,-0.78757022896395,0.48712184066853,-6.1910034981837e-06,-7.0204906340194e-05
1.88475,-0.78358727191285,0.49352879390794,-6.6222811895161e-06,-7.0381653038158e-05
1.885,-0.77955262212628,0.49989705980399,-7.0550260494851e-06,-7.0553893132246e-05
1.88525,-0.77546666171954,0.50622634996329,-7.4891691349838e-06,-7.0721636797524e-05
1.8855,-0.77132977205702,0.51251637742097,-7.9246422146309e-06,-7.088489490167e-05
1.88575,-0.76714233381429,0.51876685663429,-8.361377764814e-06,-7.1043678991479e-05
1.886,-0.76290472703847,0.52497750347727,-8.7993089657332e-06,-7.1198001279584e-05
1.88625,-0.75861733120674,0.53114803523625,-9.2383696974385e-06,-7.1347874631396e-05
1.8865,-0.75428052528328,0.53727817060614,-9.6784945358519e-06,-7.1493312552251e-05
1.88675,-0.74989468777449,0.54336762968766,-1.0119618748782e-05,-7.1634329174765e-05
1.887,-0.74546019678259,0.54941613398523,-1.0561678291915e-05,-7.177093924639e-05
1.88725,-0.74097743005769,0.55542340640557,-1.1004609804789e-05,-7.1903158117173e-05
1.8875,-0.73644676504829,0.5613891712571,-1.1448350606739e-05,-7.2031001727712e-05
1.88775,-0.73186857895032,0.56731315424988,-1.1892838692824e-05,-7.2154486597303e-05
1.888,-0.72724324875471,0.57319508249626,-1.2338012729713e-05,-7.2273629812282e-05
1.88825,-0.72257115129354,0.57903468451209,-1.2783812051544e-05,-7.2388449014556e-05
1.8885,-0.71785266328482,0.58483169021845,-1.3230176655748e-05,-7.2498962390327e-05
1.88875,-0.71308816137593,0.59058583094403,-1.3677047198833e-05,-7.2605188658994e-05
1.889,-0.70827802218573,0.5962968394279,-1.4124364992125e-05,-7.2707147062246e-05
1.88925,-0.70342262234541,0.6019644498228,-1.4572071997471e-05,-7.280485735334e-05
1.8895,-0.69852233853807,0.60758839769892,-1.5020110822893e-05,-7.2898339786556e-05
1.88975,-0.69357754753712,0.61316842004802,-1.5468424718197e-05,-7.2987615106841e-05
1.89,-0.68858862624348,0.61870425528809,-1.5916957570528e-05,-7.3072704539629e-05
1.89025,-0.68355595172162,0.62419564326824,-1.6365653899878e-05,-7.3153629780845e-05
1.8905,-0.67847990123449,0.62964232527407,-1.6814458854542e-05,-7.3230412987087e-05
1.89075,-0.67336085227735,0.63504404403331,-1.7263318206513e-05,-7.3303076765991e-05
1.891,-0.66819918261054,0.6404005437218,-1.7712178346824e-05,-7.337164416677e-05
1.89125,-0.66299527029118,0.64571156996977,-1.8160986280831e-05,-7.3436138670945e-05
1.8915,-0.6577494937039,0.65097686986842,-1.860968962344e-05,-7.3496584183243e-05
1.89175,-0.65246223159058,0.65619619197669,-1.9058236594261e-05,-7.3553005022686e-05
1.892,-0.6471338630791,0.66136928632838,-1.9506576012717e-05,-7.3605425913854e-05
1.89225,-0.64176476771115,0.66649590443938,-1.9954657293071e-05,-7.3653871978336e-05
1.8925,-0.63635532546918,0.67157579931524,-2.0402430439402e-05,-7.369836872636e-05
1.89275,-0.63090591680242,0.67660872545878,-2.0849846040503e-05,-7.373894204861e-05
1.893,-0.62541692265201,0.68159443887805,-2.1296855264726e-05,-7.3775618208221e-05
1.89325,-0.61988872447538,0.68653269709431,-2.1743409854738e-05,-7.3808423832967e-05
1.8935,-0.61432170426971,0.69142325915026,-2.2189462122232e-05,-7.3837385907636e-05
1.89375,-0.60871624459465,0.69626588561832,-2.2634964942542e-05,-7.3862531766586e-05
1.894,-0.60307272859427,0.70106033860915,-2.3079871749211e-05,-7.3883889086499e-05
1.89425,-0.59739154001817,0.70580638178016,-2.3524136528466e-05,-7.3901485879322e-05
1.8945,-0.59167306324199,0.71050378034419,-2.3967713813633e-05,-7.3915350485406e-05
1.89475,-0.58591768328709,0.71515230107829,-2.4410558679474e-05,-7.3925511566833e-05
1.895,-0.58012578583961,0.71975171233253,-2.4852626736449e-05,-7.393199810095e-05
1.89525,-0.57429775726879,0.72430178403887,-2.52938741249e-05,-7.3934839374092e-05
1.8955,-0.56843398464467,0.72880228772019,-2.5734257509165e-05,-7.3934064975515e-05
1.89575,-0.5625348557552,0.73325299649921,-2.6173734071612e-05,-7.3929704791533e-05
1.896,-0.55660075912259,0.73765368510756,-2.6612261506591e-05,-7.3921788999851e-05
1.89625,-0.55063208401922,0.74200412989486,-2.7049798014317e-05,-7.3910348064126e-05
1.8965,-0.54462922048287,0.74630410883778,-2.7486302294667e-05,-7.3895412728721e-05
1.89675,-0.5385925593314,0.75055340154911,-2.7921733540896e-05,-7.3877014013687e-05
1.897,-0.53252249217688,0.75475178928691,-2.8356051433285e-05,-7.3855183209963e-05
1.89725,-0.52641941143923,0.75889905496354,-2.8789216132691e-05,-7.3829951874786e-05
1.8975,-0.52028371035926,0.76299498315476,-2.922118827403e-05,-7.3801351827343e-05
1.89775,-0.5141157830113,0.76703936010875,-2.9651928959669e-05,-7.376941514464e-05
1.898,-0.50791602431528,0.77103197375517,-3.008139975274e-05,-7.3734174157606e-05
1.89825,-0.50168483004836,0.77497261371411,-3.050956267037e-05,-7.3695661447438e-05
1.8985,-0.49542259685617,0.77886107130502,-3.0936380176822e-05,-7.3653909842182e-05
1.89875,-0.48912972226347,0.78269713955568,-3.1361815176564e-05,-7.3608952413561e-05
1.899,-0.48280660468458,0.78648061321093,-3.1785831007234e-05,-7.3560822474056e-05
1.89925,-0.47645364343323,0.79021128874151,-3.2208391432536e-05,-7.3509553574236e-05
1.8995,-0.47007123873208,0.79388896435277,-3.262946063504e-05,-7.3455179500353e-05
1.89975,-0.46365979172196,0.79751343999329,-3.3049003208897e-05,-7.33977342722e-05
1.9,-0.45721970447057,0.80108451736347,-3.3466984152465e-05,-7.3337252141241e-05
1.90025,-0.45075137998098,0.80460199992397,-3.3883368860849e-05,-7.3273767589014e-05
1.9005,-0.44425522219972,0.80806569290416,-3.4298123118344e-05,-7.3207315325824e-05
1.90075,-0.43773163602457,0.81147540331038,-3.4711213090795e-05,-7.3137930289719e-05
1.901,-0.43118102731207,0.81483093993421,-3.5122605317863e-05,-7.3065647645766e-05
1.90125,-0.42460380288468,0.81813211336052,-3.5532266705195e-05,-7.2990502785624e-05
1.9015,-0.41800037053775,0.82137873597553,-3.5940164516507e-05,-7.2912531327441e-05
1.90175,-0.4113711390461,0.82457062197472,-3.6346266365564e-05,-7.2831769116049e-05
1.902,-0.40471651817051,0.8277075873706,-3.6750540208075e-05,-7.274825222351e-05
1.90225,-0.39803691866383,0.83078945000045,-3.7152954333482e-05,-7.2662016949975e-05
1.9025,-0.39133275227693,0.83381602953385,-3.755347735666e-05,-7.2573099824903e-05
1.90275,-0.38460443176446,0.83678714748017,-3.7952078209511e-05,-7.2481537608623e-05
1.903,-0.37785237089036,0.83970262719592,-3.8348726132466e-05,-7.238736729427e-05
1.90325,-0.37107698443322,0.84256229389194,-3.8743390665877e-05,-7.2290626110087e-05
1.9035,-0.36427868819149,0.84536597464052,-3.913604164132e-05,-7.2191351522116e-05
1.90375,-0.35745789898845,0.8481134983824,-3.9526649172779e-05,-7.2089581237285e-05
1.904,-0.35061503467712,0.85080469593355,-3.9915183647743e-05,-7.1985353206907e-05
1.90425,-0.34375051414503,0.85343939999199,-4.0301615718186e-05,-7.1878705630593e-05
1.9045,-0.33686475731878,0.85601744514428,-4.0685916291441e-05,-7.1769676960611e-05
1.90475,-0.32995818516866,0.85853866787208,-4.1068056520975e-05,-7.1658305906684e-05
1.905,-0.32303121971295,0.8610029065584,-4.1448007797044e-05,-7.1544631441264e-05
1.90525,-0.31608428402239,0.86341000149387,-4.1825741737249e-05,-7.1428692805271e-05
1.9055,-0.30911780222436,0.86575979488279,-4.2201230176969e-05,-7.1310529514344e-05
1.90575,-0.30213219950719,0.86805213084906,-4.2574445159694e-05,-7.1190181365595e-05
1.906,-0.29512790212425,0.87028685544202,-4.2945358927232e-05,-7.1067688444899e-05
1.90625,-0.28810533739815,0.87246381664211,-4.3313943909815e-05,-7.0943091134736e-05
1.9065,-0.28106493372488,0.87458286436643,-4.3680172716074e-05,-7.0816430122603e-05
1.90675,-0.27400712057788,0.87664385047418,-4.4044018122914e-05,-7.0687746410021e-05
1.907,-0.26693232851222,0.87864662877194,-4.4405453065257e-05,-7.0557081322153e-05
1.90725,-0.25984098916876,0.88059105501882,-4.4764450625675e-05,-7.0424476518069e-05
1.9075,-0.25273353527826,0.88247698693158,-4.5120984023907e-05,-7.0289974001665e-05
1.90775,-0.24561040066569,0.88430428418946,-4.5475026606243e-05,-7.015361613328e-05
1.908,-0.23847202025449,0.88607280843904,-4.5826551834806e-05,-7.0015445642032e-05
1.90825,-0.23131883007089,0.88778242329893,-4.6175533276705e-05,-6.9875505638892e-05
1.9085,-0.22415126724841,0.8894329943643,-4.6521944593061e-05,-6.973383963055e-05
1.90875,-0.21696977003234,0.89102438921134,-4.6865759527935e-05,-6.9590491534079e-05
1.909,-0.20977477778441,0.89255647740162,-4.7206951897112e-05,-6.9445505692455e-05
1.90925,-0.20256673098757,0.89402913048631,-4.7545495576786e-05,-6.9298926890951e-05
1.9095,-0.19534607125082,0.89544222201034,-4.7881364492123e-05,-6.9150800374457e-05
1.90975,-0.18811324131433,0.89679562751639,-4.8214532605701e-05,-6.9001171865756e-05
1.91,-0.18086868505458,0.89808922454882,-4.8544973905851e-05,-6.8850087584806e-05
1.91025,-0.17361284748977,0.89932289265757,-4.8872662394878e-05,-6.8697594269073e-05
1.9105,-0.16634617478538,0.90049651340184,-4.919757207718e-05,-6.8543739194954e-05
1.91075,-0.15906911425985,0.90160997035383,-4.9519676947259e-05,-6.838857020035e-05
1.911,-0.15178211439067,0.90266314910227,-4.9838950977642e-05,-6.8232135708446e-05
1.91125,-0.14448562482044,0.90365593725599,-5.0155368106699e-05,-6.8074484752734e-05
1.9115,-0.13718009636334,0.90458822444736,-5.0468902226386e-05,-6.7915667003365e-05
1.91175,-0.12986598101185,0.90545990233565,-5.0779527169894e-05,-6.7755732794875e-05
1.912,-0.1225437319436,0.90627086461043,-5.1087216699242e-05,-6.7594733155357e-05
1.91225,-0.1152138035286,0.90702100699483,-5.1391944492798e-05,-6.743271983715e-05
1.9125,-0.10787665133677,0.90771022724878,-5.1693684132755e-05,-6.7269745349124e-05
1.91275,-0.10053273214567,0.90833842517226,-5.1992409092568e-05,-6.7105862990632e-05
1.913,-0.093182503948678,0.90890550260846,-5.2288092724365e-05,-6.6941126887216e-05
1.91325,-0.08582642596337,0.90941136344697,-5.2580708246353e-05,-6.6775592028162e-05
1.9135,-0.078464958640295,0.90985591362697,-5.2870228730234e-05,-6.6609314305991e-05
1.91375,-0.071098563672145,0.91023906114035,-5.3156627088651e-05,-6.6442350557982e-05
1.914,-0.063727704003196,0.91056071603491,-5.3439876062686e-05,-6.6274758609849e-05
1.91425,-0.056352843839212,0.91082079041756,-5.371994820944e-05,-6.6106597321668e-05
1.9145,-0.048974448657717,0.91101919845752,-5.399681588972e-05,-6.5937926636175e-05
1.91475,-0.041592985218628,0.91115585638958,-5.4270451255863e-05,-6.5768807629575e-05
1.915,-0.034208921575393,0.91123068251744,-5.4540826239738e-05,-6.5599302564972e-05
1.91525,-0.026822727086495,0.91124359721702,-5.4807912540966e-05,-6.5429474948589e-05
1.9155,-0.019434872427406,0.91119452293996,-5.5071681615393e-05,-6.5259389588906e-05
1.91575,-0.012045829603054,0.91108338421707,-5.5332104663877e-05,-6.5089112658886e-05
1.916,-0.004656071960715,0.91091010766204,-5.5589152621441e-05,-6.4918711761458e-05
1.91625,0.0027339257966215,0.91067462197509,-5.5842796146849e-05,-6.4748255998441e-05
1.9165,0.010123687596306,0.91037685794684,-5.6093005612673e-05,-6.4577816043089e-05
1.91675,0.017512735981684,0.91001674846231,-5.6339751095935e-05,-6.440746421647e-05
1.917,0.024900592097104,0.90959422850506,-5.6583002369401e-05,-6.4237274567894e-05
1.91725,0.032286775672472,0.90910923516146,-5.6822728893611e-05,-6.4067322959613e-05
1.9175,0.039670805007235,0.90856170762519,-5.7058899809775e-05,-6.3897687156047e-05
1.91775,0.047052196953737,0.90795158720193,-5.7291483933616e-05,-6.3728446917783e-05
1.918,0.05443046690009,0.90727881731422,-5.752044975031e-05,-6.3559684100634e-05
1.91825,0.061805128752355,0.90654334350662,-5.7745765410653e-05,-6.3391482760042e-05
1.9185,0.069175694916175,0.90574511345105,-5.7967398728613e-05,-6.3223929261143e-05
1.91875,0.076541676277785,0.90488407695243,-5.818531718044e-05,-6.3057112394819e-05
1.919,0.083902582184335,0.9039601859546,-5.8399487905513e-05,-6.2891123500092e-05
1.91925,0.091257920423612,0.90297339454656,-5.8609877709155e-05,-6.2726056593237e-05
1.9195,0.098607197203108,0.90192365896901,-5.8816453067631e-05,-6.2562008504005e-05
1.91975,0.10594991712835,0.90081093762122,-5.9019180135588e-05,-6.2399079019385e-05
1.92,0.11328558318059,0.89963519106832,-5.9218024756237e-05,-6.2237371035356e-05
1.92025,0.12061369669383,0.89839638204894,-5.9412952474574e-05,-6.20769907171e-05
1.9205,0.127933757331,0.89709447548327,-5.9603928553999e-05,-6.1918047668192e-05
1.92075,0.13524526305957,0.89572943848154,-5.9790917996719e-05,-6.1760655109307e-05
1.921,0.14254771012629,0.89430124035299,-5.997388556836e-05,-6.1604930067013e-05
1.92125,0.14984059303124,0.89280985261532,-6.0152795827265e-05,-6.1450993573275e-05
1.9215,0.15712340450114,0.89125524900459,-6.0327613158997e-05,-6.1298970876295e-05
1.92175,0.16439563546178,0.88963740548577,-6.0498301816634e-05,-6.1148991663405e-05
1.922,0.17165677500976,0.88795630026372,-6.0664825967491e-05,-6.1001190296728e-05
1.92225,0.17890631038337,0.88621191379491,-6.0827149746989e-05,-6.0855706062384e-05
1.9225,0.18614372693268,0.8844042287996,-6.0985237320455e-05,-6.071268343407e-05
1.92275,0.19336850808879,0.88253323027481,-6.1139052953724e-05,-6.057227235189e-05
1.923,0.20058013533223,0.8805989055079,-6.1288561093518e-05,-6.0434628517353e-05
1.92325,0.20777808816052,0.87860124409087,-6.143372645867e-05,-6.0299913705517e-05
1.9235,0.2149618440549,0.87654023793545,-6.1574514143388e-05,-6.0168296095319e-05
1.92375,0.2221308784461,0.87441588128888,-6.1710889733862e-05,-6.0039950619192e-05
1.924,0.22928466467935,0.87222817075064,-6.1842819439709e-05,-5.9915059333098e-05
1.92425,0.23642267397838,0.8699771052899,-6.1970270241839e-05,-5.9793811808215e-05
1.9245,0.24354437540856,0.86766268626392,-6.209321005858e-05,-5.9676405545552e-05
1.92475,0.25064923583917,0.86528491743741,-6.221160793203e-05,-5.9563046414814e-05
1.925,0.25773671990467,0.86284380500276,-6.2325434236878e-05,-5.9453949118945e-05
1.92525,0.2648062899651,0.86033935760138,-6.2434660914145e-05,-5.93493376858e-05
1.9255,0.2718574060655,0.857771586346,-6.253926173258e-05,-5.9249445988472e-05
1.92575,0.2788895258944,0.85514050484412,-6.2639212580759e-05,-5.915451829587e-05
1.926,0.28590210474137,0.85244612922256,-6.2734491793253e-05,-5.9064809855165e-05
1.92625,0.29289459545358,0.84968847815322,-6.2825080514622e-05,-5.8980587507801e-05
1.9265,0.29986644839138,0.84686757287999,-6.2910963105403e-05,-5.8902130340775e-05
1.92675,0.30681711138298,0.84398343724704,-6.2992127594727e-05,-5.8829730374937e-05
1.927,0.31374602967804,0.84103609772833,-6.3068566184712e-05,-5.8763693292061e-05
1.92725,0.32065264590038,0.83802558345857,-6.3140275812365e-05,-5.8704339202403e-05
1.9275,0.32753639999964,0.83495192626552,-6.3207258775356e-05,-5.8652003454479e-05
1.92775,0.33439672920197,0.83181516070386,-6.3269523428741e-05,-5.8607037488667e-05
1.928,0.34123306795972,0.82861532409051,-6.3327084960509e-05,-5.856980973617e-05
1.92825,0.34804484790017,0.82535245654155,-6.3379966254699e-05,-5.8540706564703e-05
1.9285,0.35483149777318,0.82202660101082,-6.3428198851803e-05,-5.8520133272062e-05
1.92875,0.36159244339799,0.81863780333021,-6.3471824017281e-05,-5.8508515128432e-05
1.929,0.36832710760885,0.81518611225165,-6.3510893930161e-05,-5.850629846793e-05
1.92925,0.37503491019984,0.81167157949102,-6.3545473005081e-05,-5.8513951829401e-05
1.9295,0.38171526786855,0.80809425977386,-6.3575639362559e-05,-5.8531967145859e-05
1.92975,0.3883675941589,0.80445421088312,-6.3601486463893e-05,-5.8560860981224e-05
1.93,0.39499129940292,0.8007514937088,-6.3623124928906e-05,-5.8601175812052e-05
1.93025,0.40158579066155,0.79698617229986,-6.3640684556655e-05,-5.8653481350798e-05
1.9305,0.40815047166456,0.79315831391811,-6.3654316571423e-05,-5.8718375905705e-05
1.93075,0.41468474274947,0.78926798909444,-6.3664196118592e-05,-5.8796487770698e-05
1.931,0.42118800079949,0.7853152716873,-6.3670525037581e-05,-5.8888476636518e-05
1.93125,0.42765963918063,0.78130023894362,-6.3673534941759e-05,-5.8995035011801e-05
1.9315,0.4340990476779,0.77722297156212,-6.3673490638193e-05,-5.9116889639697e-05
1.93175,0.44050561243049,0.7730835537592,-6.3670693923278e-05,-5.9254802891948e-05
1.932,0.44687871586627,0.76888207333743,-6.3665487793585e-05,-5.9409574117886e-05
1.93225,0.45321773663529,0.76461862175677,-6.3658261114812e-05,-5.9582040920548e-05
1.9325,0.45952204954254,0.76029329420854,-6.3649453795275e-05,-5.9773080325771e-05
1.93275,0.46579102547985,0.75590618969231,-6.3639562514066e-05,-5.9983609802685e-05
1.933,0.4720240313571,0.75145741109569,-6.3629147057555e-05,-6.0214588085166e-05
1.93325,0.47822043003257,0.74694706527726,-6.3618837321347e-05,-6.0467015733342e-05
1.9335,0.48437958024271,0.7423752631526,-6.3609341037847e-05,-6.0741935362033e-05
1.93375,0.49050083653111,0.73774211978355,-6.3601452292019e-05,-6.1040431448553e-05
1.934,0.49658354917697,0.73304775447085,-6.359606088947e-05,-6.1363629615571e-05
1.93425,0.50262706412281,0.72829229085026,-6.3594162641228e-05,-6.1712695265174e-05
1.9345,0.50863072290177,0.72347585699208,-6.3596870627966e-05,-6.2088831417741e-05
1.93475,0.51459386256434,0.71859858550452,-6.3605427502382e-05,-6.2493275583253e-05
1.935,0.52051581560464,0.71366061364065,-6.3621218881034e-05,-6.2927295463013e-05
1.93525,0.5263959098863,0.70866208340935,-6.3645787865277e-05,-6.3392183246114e-05
1.9355,0.532233468568,0.70360314169011,-6.3680850713625e-05,-6.3889248227172e-05
1.93575,0.53802781002876,0.69848394035203,-6.3728313663477e-05,-6.4419807429814e-05
1.936,0.54377824779292,0.69330463637698,-6.3790290866733e-05,-6.4985173874336e-05
1.93625,0.5494840904551,0.68806539198703,-6.3869123359208e-05,-6.5586642078275e-05
1.9365,0.55514464160496,0.68276637477641,-6.3967398925351e-05,-6.6225470326262e-05
1.93675,0.56075919975208,0.67740775784797,-6.4087972644563e-05,-6.6902859192103e-05
1.937,0.56632705825084,0.67198971995432,-6.4233987810057e-05,-6.7619925743638e-05
1.93725,0.57184750522552,0.66651244564383,-6.4408896792046e-05,-6.8377672813315e-05
1.9375,0.57731982349567,0.66097612541149,-6.4616481270323e-05,-6.917695267903e-05
1.93775,0.58274329050181,0.65538095585494,-6.4860871083197e-05,-7.0018424477422e-05
1.938,0.58811717823168,0.64972713983556,-6.5146560727183e-05,-7.0902504673966e-05
1.93825,0.59344075314696,0.64401488664502,-6.5478422292544e-05,-7.182930995196e-05
1.9385,0.59871327611081,0.63824441217722,-6.5861713333511e-05,-7.2798591969976e-05
1.93875,0.60393400231612,0.63241593910581,-6.6302077851501e-05,-7.3809663591349e-05
1.939,0.60910218121481,0.62652969706755,-6.6805538222046e-05,-7.4861316429836e-05
1.93925,0.61421705644813,0.62058592285143,-6.7378475534932e-05,-7.5951729905331e-05
1.9395,0.61927786577827,0.61458486059387,-6.8027595463926e-05,-7.7078372486196e-05
1.93975,0.62428384102124,0.60852676198011,-6.8759876470002e-05,-7.8237896433919e-05
1.94,0.62923420798141,0.60241188645179,-6.9582496915561e-05,-7.9426028181034e-05
1.94025,0.63412818638768,0.5962405014211,-7.0502737586759e-05,-8.0637457475422e-05
1.9405,0.63896498983153,0.59001288249148,-7.1527856262092e-05,-8.1865729609625e-05
1.94075,0.64374382570717,0.58372931368501,-7.2664931416645e-05,-8.3103146395463e-05
1.941,0.64846389515389,0.5773900876768,-7.3920673010583e-05,-8.4340682982708e-05
1.94125,0.65312439300089,0.57099550603622,-7.5301199674421e-05,-8.5567929054316e-05
1.9415,0.65772450771479,0.56454587947555,-7.6811783553173e-05,-8.6773064208068e-05
1.94175,0.66226342135001,0.55804152810576,-7.8456566650196e-05,-8.7942878250506e-05
1.942,0.66674030950223,0.55148278169986,-8.0238255697964e-05,-8.906284742967e-05
1.94225,0.67115434126527,0.54486997996379,-8.2157806261233e-05,-9.0117277033041e-05
1.9425,0.67550467919154,0.53820347281519,-8.4214110709815e-05,-9.1089518992362e-05
1.94275,0.67979047925636,0.53148362066993,-8.6403708505272e-05,-9.1962269936318e-05
1.943,0.68401089082643,0.52471079473678,-8.8720540414688e-05,-9.2717950402854e-05
1.94325,0.68816505663278,0.51788537732028,-9.1155770180938e-05,-9.3339159744158e-05
1.9435,0.69225211274838,0.51100776213179,-9.3697697201391e-05,-9.3809193963627e-05
1.94375,0.69627118857084,0.50407835460918,-9.6331781340619e-05,-9.4112605940552e-05
1.944,0.70022140681049,0.49709757224498,-9.9040795795711e-05,-9.4235780121925e-05
1.94425,0.70410188348418,0.49006584492328,-0.00010180511597375,-9.4167487873317e-05
1.9445,0.70791172791506,0.48298361526549,-0.00010460314211865,-9.389938638864e-05
1.94475,0.71165004273895,0.475851338985,-0.00010741184190661,-9.3426424279887e-05
1.945,0.7153159239174,0.46866948525094,-0.00011020738777647,-9.2747121208979e-05
1.94525,0.71890846075801,0.46143853706112,-0.00011296585393033,-9.1863697103592e-05
1.9455,0.72242673594235,0.45415899162422,-0.00011566393120083,-9.0782037878958e-05
1.94575,0.72586982556203,0.44683136075138,-0.00011827961542824,-8.9511497844767e-05
1.946,0.72923679916315,0.43945617125716,-0.00012079282709061,-8.8064552416699e-05
1.94625,0.73252671979982,0.43203396537016,-0.00012318592642122,-8.6456326621158e-05
1.9465,0.73573864409704,0.42456530115311,-0.00012544409817885,-8.4704033695373e-05
1.94675,0.73887162232361,0.41705075293261,-0.00012755559216878,-8.2826362895596e-05
1.947,0.74192469847545,0.40949091173869,-0.0001295118179094,-8.0842856160383e-05
1.94725,0.74489691036985,0.40188638575401,-0.00013130730297695,-7.8773309919895e-05
1.9475,0.74778728975145,0.39423780077267,-0.00013293953337579,-7.6637231993257e-05
1.94775,0.75059486241008,0.3865458006691,-0.0001344087001123,-7.4453375354578e-05
1.948,0.75331864831153,0.37881104787631,-0.00013571737886063,-7.2239361795131e-05
1.94825,0.75595766174145,0.37103422387414,-0.00013687016949716,-7.0011400223928e-05
1.9485,0.7585109114633,0.36321602968704,-0.00013787331994755,-6.7784097302263e-05
1.94875,0.76097740089085,0.35535718639142,-0.0001387343549673,-6.5570352737293e-05
1.949,0.76335612827587,0.34745843563264,-0.00013946172589364,-6.3381327992893e-05
1.94925,0.76564608691182,0.33952054015128,-0.00014006449268696,-6.1226475298087e-05
1.9495,0.76784626535415,0.33154428431877,-0.00014055204519041,-5.9113613373282e-05
1.94975,0.76995564765796,0.32353047468211,-0.0001409338667727,-5.7049036906623e-05
1.95,0.77197321363376,0.31547994051752,-0.00014121934052551,-5.503764814417e-05
