1.7,0.68133889855641,0.68757940985355,-2.3983555191237e-05,1.4750326687e-05
1.70025,0.68552157256631,0.68315143477958,-2.3864672289785e-05,1.4879831352288e-05
1.7005,0.68967844571408,0.67869991433758,-2.3745593041866e-05,1.500966262419e-05
1.70075,0.69380936121317,0.67422493775077,-2.3626317100404e-05,1.5139819547837e-05
1.701,0.69791416236259,0.66972659588232,-2.3506844105207e-05,1.5270301139169e-05
1.70125,0.70199269256081,0.66520498123414,-2.3387173682645e-05,1.5401106384643e-05
1.7015,0.70604479531984,0.66066018794544,-2.3267305445337e-05,1.5532234240928e-05
1.70175,0.71007031427932,0.65609231179148,-2.3147238991828e-05,1.5663683634608e-05
1.702,0.7140690932204,0.65150145018169,-2.3026973906266e-05,1.5795453461883e-05
1.70225,0.71804097608006,0.64688770215825,-2.2906509758066e-05,1.5927542588263e-05
1.7025,0.72198580696499,0.64225116839452,-2.2785846101583e-05,1.6059949848272e-05
1.70275,0.72590343016605,0.63759195119287,-2.2664982475771e-05,1.6192674045139e-05
1.703,0.72979369017215,0.63291015448317,-2.254391840384e-05,1.6325713950494e-05
1.70325,0.73365643168472,0.62820588382027,-2.2422653392911e-05,1.6459068304068e-05
1.7035,0.73749149963159,0.62347924638252,-2.2301186933666e-05,1.6592735813383e-05
1.70375,0.74129873918155,0.61873035096912,-2.2179518499992e-05,1.6726715153445e-05
1.704,0.74507799575853,0.61395930799817,-2.2057647548623e-05,1.686100496644e-05
1.70425,0.7488291150556,0.60916622950412,-2.1935573518778e-05,1.6995603861422e-05
1.7045,0.75255194304972,0.60435122913482,-2.1813295831793e-05,1.7130510414009e-05
1.70475,0.75624632601571,0.59951442214989,-2.1690813890749e-05,1.7265723166068e-05
1.705,0.75991211054033,0.59465592541768,-2.1568127080099e-05,1.7401240625408e-05
1.70525,0.76354914353767,0.58977585741184,-2.1445234765287e-05,1.753706126547e-05
1.7055,0.76715727226165,0.58487433820937,-2.1322136292363e-05,1.7673183525014e-05
1.70575,0.77073634432216,0.57995148948694,-2.1198830987598e-05,1.7809605807805e-05
1.706,0.77428620769849,0.57500743451856,-2.1075318157091e-05,1.7946326482304e-05
1.70625,0.77780671075355,0.57004229817154,-2.0951597086372e-05,1.8083343881355e-05
1.7065,0.78129770224859,0.56505620690331,-2.0827667040002e-05,1.8220656301865e-05
1.70675,0.78475903135733,0.56004928875913,-2.0703527261171e-05,1.8358262004498e-05
1.707,0.78819054768055,0.55502167336698,-2.0579176971286e-05,1.8496159213355e-05
1.70725,0.79159210125987,0.54997349193523,-2.045461536956e-05,1.8634346115658e-05
1.7075,0.79496354259248,0.54490487724786,-2.0329841632597e-05,1.8772820861439e-05
1.70775,0.79830472264539,0.53981596366207,-2.0204854913971e-05,1.8911581563219e-05
1.708,0.80161549286974,0.53470688710241,-2.0079654343796e-05,1.9050626295693e-05
1.70825,0.80489570521483,0.52957778505871,-1.9954239028306e-05,1.9189953095412e-05
1.7085,0.80814521214274,0.52442879658061,-1.9828608049416e-05,1.9329559960469e-05
1.70875,0.81136386664234,0.51926006227384,-1.9702760464287e-05,1.9469444850176e-05
1.709,0.81455152224366,0.51407172429565,-1.9576695304885e-05,1.9609605684748e-05
1.70925,0.81770803303164,0.50886392635071,-1.9450411577538e-05,1.9750040344985e-05
1.7095,0.82083325366123,0.50363681368579,-1.9323908262485e-05,1.9890746671952e-05
1.70975,0.82392703937083,0.49839053308633,-1.9197184313425e-05,2.0031722466658e-05
1.71,0.82698924599653,0.49312523287057,-1.9070238657061e-05,2.0172965489742e-05
1.71025,0.83001972998632,0.487841062884,-1.894307019264e-05,2.0314473461146e-05
1.7105,0.83301834841427,0.48253817449739,-1.8815677791485e-05,2.0456244059799e-05
1.71075,0.8359849589946,0.47721672059726,-1.8688060296536e-05,2.0598274923293e-05
1.711,0.83891942009524,0.47187685558494,-1.8560216521868e-05,2.0740563647567e-05
1.71125,0.8418215907528,0.46651873536781,-1.8432145252225e-05,2.0883107786583e-05
1.7115,0.84469133068519,0.46114251735604,-1.8303845242535e-05,2.1025904852002e-05
1.71175,0.84752850030687,0.45574836045625,-1.8175315217433e-05,2.1168952312868e-05
1.712,0.85033296074188,0.45033642506565,-1.8046553870769e-05,2.1312247595282e-05
1.71225,0.85310457383787,0.4449068730667,-1.7917559865123e-05,2.1455788082081e-05
1.7125,0.8558432021798,0.43945986782119,-1.7788331831312e-05,2.1599571112516e-05
1.71275,0.85854870910428,0.43399557416335,-1.7658868367892e-05,2.1743593981928e-05
1.713,0.86122095871252,0.42851415839513,-1.7529168040657e-05,2.1887853941427e-05
1.71325,0.8638598158845,0.42301578827926,-1.7399229382141e-05,2.2032348197568e-05
1.7135,0.86646514629226,0.41750063303276,-1.7269050891105e-05,2.2177073912028e-05
1.71375,0.86903681641369,0.41196886332043,-1.7138631032035e-05,2.2322028201281e-05
1.714,0.87157469354604,0.40642065124963,-1.7007968234622e-05,2.2467208136278e-05
1.71425,0.87407864581906,0.4008561703616,-1.6877060893253e-05,2.2612610742116e-05
1.7145,0.87654854220916,0.39527559562597,-1.6745907366485e-05,2.2758232997723e-05
1.71475,0.87898425255152,0.38967910343395,-1.661450597653e-05,2.2904071835525e-05
1.715,0.8813856475548,0.38406687159082,-1.6482855008728e-05,2.3050124141127e-05
1.71525,0.88375259881317,0.37843907930928,-1.6350952711017e-05,2.3196386752982e-05
1.7155,0.8860849788203,0.37279590720178,-1.6218797293407e-05,2.3342856462074e-05
1.71575,0.88838266098215,0.36713753727341,-1.6086386927446e-05,2.3489530011583e-05
1.716,0.89064551962968,0.36146415291516,-1.595371974568e-05,2.3636404096566e-05
1.71625,0.89287343003233,0.35577593889589,-1.5820793841123e-05,2.3783475363629e-05
1.7165,0.89506626841108,0.35007308135404,-1.5687607266709e-05,2.3930740410595e-05
1.71675,0.89722391195047,0.34435576779124,-1.5554158034756e-05,2.4078195786186e-05
1.717,0.89934623881204,0.33862418706366,-1.5420444116414e-05,2.4225837989688e-05
1.71725,0.90143312814695,0.33287852937461,-1.5286463441123e-05,2.4373663470626e-05
1.7175,0.90348446010834,0.3271189862657,-1.5152213896062e-05,2.4521668628436e-05
1.71775,0.90550011586412,0.32134575061005,-1.5017693325597e-05,2.4669849812134e-05
1.718,0.90747997760908,0.31555901660259,-1.4882899530728e-05,2.481820331999e-05
1.71825,0.90942392857793,0.30975897975324,-1.4747830268535e-05,2.4966725399193e-05
1.7185,0.9113318530571,0.30394583687679,-1.4612483251619e-05,2.5115412245527e-05
1.71875,0.91320363639667,0.29811978608649,-1.4476856147547e-05,2.5264260003032e-05
1.719,0.91503916502343,0.29228102678376,-1.4340946578286e-05,2.5413264763679e-05
1.71925,0.91683832645225,0.28642975964995,-1.420475211965e-05,2.5562422567033e-05
1.7195,0.91860100929843,0.28056618663804,-1.4068270300729e-05,2.5711729399923e-05
1.71975,0.92032710328894,0.27469051096292,-1.3931498603331e-05,2.5861181196104e-05
1.72,0.92201649927517,0.26880293709365,-1.3794434461414e-05,2.6010773835925e-05
1.72025,0.92366908924383,0.26290367074296,-1.3657075260522e-05,2.616050314599e-05
1.7205,0.9252847663292,0.25699291885932,-1.3519418337216e-05,2.6310364898825e-05
1.72075,0.92686342482403,0.25107088961685,-1.3381460978508e-05,2.6460354812536e-05
1.721,0.9284049601916,0.24513779240634,-1.3243200421294e-05,2.6610468550474e-05
1.72125,0.92990926907646,0.23919383782603,-1.3104633851781e-05,2.676070172089e-05
1.7215,0.93137624931625,0.23323923767143,-1.2965758404926e-05,2.6911049876597e-05
1.72175,0.9328057999525,0.22727420492675,-1.2826571163857e-05,2.7061508514625e-05
1.722,0.93419782124159,0.22129895375421,-1.2687069159311e-05,2.7212073075879e-05
1.72225,0.93555221466625,0.2153136994847,-1.2547249369064e-05,2.7362738944792e-05
1.7225,0.93686888294563,0.20931865860885,-1.2407108717358e-05,2.7513501448976e-05
1.72275,0.93814773004644,0.20331404876474,-1.2266644074337e-05,2.7664355858878e-05
1.723,0.93938866119389,0.19730008873097,-1.2125852255476e-05,2.7815297387424e-05
1.72325,0.94059158288188,0.19127699841378,-1.1984730021014e-05,2.796632118967e-05
1.7235,0.94175640288324,0.18524499883906,-1.1843274075389e-05,2.8117422362447e-05
1.72375,0.9428830302605,0.17920431214043,-1.1701481066669e-05,2.8268595944002e-05
1.724,0.94397137537604,0.17315516155012,-1.1559347585989e-05,2.8419836913647e-05
1.72425,0.9450213499018,0.16709777138831,-1.141687016699e-05,2.8571140191389e-05
1.7245,0.94603286682977,0.1610323670522,-1.1274045285252e-05,2.8722500637573e-05
1.72475,0.94700584048158,0.15495917500638,-1.1130869357735e-05,2.8873913052517e-05
1.725,0.94794018651834,0.14887842277113,-1.0987338742223e-05,2.902537217614e-05
1.72525,0.94883582195064,0.14279033891265,-1.0843449736765e-05,2.9176872687596e-05
1.7255,0.94969266514737,0.13669515303214,-1.0699198579118e-05,2.9328409204898e-05
1.72575,0.95051063584601,0.13059309575522,-1.0554581446198e-05,2.947997628454e-05
1.726,0.95128965516135,0.12448439871998,-1.0409594453529e-05,2.9631568421124e-05
1.72625,0.95202964559495,0.11836929456779,-1.0264233654693e-05,2.9783180046972e-05
1.7265,0.95273053104411,0.11224801693111,-1.0118495040788e-05,2.9934805531742e-05
1.72675,0.95339223681111,0.10612080042276,-9.9723745398846e-06,3.0086439182038e-05
1.727,0.95401468961171,0.09998788062521,-9.8258680164879e-06,3.023807524102e-05
1.72725,0.95459781758412,0.093849494078891,-9.6789712710017e-06,3.0389707888003e-05
1.7275,0.95514155029772,0.087705878271434,-9.5316800391971e-06,3.054133123806e-05
1.72775,0.95564581876108,0.081557271626221,-9.3839899916846e-06,3.0692939341617e-05
1.728,0.95611055543087,0.075403913491333,-9.2358967333887e-06,3.0844526184042e-05
1.72825,0.95653569421993,0.069246044127825,-9.0873958030299e-06,3.0996085685234e-05
1.7285,0.95692117050527,0.063083904698882,-8.9384826726077e-06,3.1147611699204e-05
1.72875,0.95726692113617,0.056917737257734,-8.7891527468894e-06,3.1299098013654e-05
1.729,0.9575728844423,0.050747784736952,-8.6394013629049e-06,3.1450538349547e-05
1.72925,0.95783900024084,0.044574290936371,-8.4892237894442e-06,3.1601926360675e-05
1.7295,0.95806520984499,0.038397500511547,-8.3386152265623e-06,3.1753255633225e-05
1.72975,0.95825145607071,0.032217658962876,-8.1875708050879e-06,3.1904519685328e-05
1.73,0.9583976832447,0.026035012623001,-8.0360855861385e-06,3.2055711966617e-05
1.73025,0.95850383721103,0.019849808645865,-7.8841545606414e-06,3.2206825857767e-05
1.7305,0.95856986533894,0.013662294994399,-7.7317726488605e-06,3.2357854670037e-05
1.73075,0.95859571652937,0.0074727204297852,-7.57893469993e-06,3.25087916448e-05
1.731,0.95858134122195,0.0012813344986588,-7.425635491394e-06,3.2659629953071e-05
1.73125,0.95852669140196,-0.0049116124779468,-7.2718697287532e-06,3.2810362695024e-05
1.7315,0.95843172060667,-0.01110586941684,-7.1176320450191e-06,3.2960982899505e-05
1.73175,0.95829638393186,-0.017301184484168,-6.9629170002752e-06,3.3111483523537e-05
1.732,0.95812063803848,-0.023497305107243,-6.8077190812449e-06,3.3261857451817e-05
1.73225,0.95790444115851,-0.029693977987001,-6.6520327008692e-06,3.3412097496205e-05
1.7325,0.95764775310124,-0.035890949108956,-6.4958521978912e-06,3.3562196395208e-05
1.73275,0.95735053525937,-0.042087963755642,-6.3391718364479e-06,3.3712146813449e-05
1.733,0.95701275061445,-0.048284766518718,-6.1819858056738e-06,3.3861941341138e-05
1.73325,0.9566343637431,-0.054481101310231,-6.0242882193099e-06,3.401157249352e-05
1.7335,0.95621534082216,-0.060676711375071,-5.8660731153244e-06,3.4161032710332e-05
1.73375,0.95575564963458,-0.066871339302683,-5.7073344555414e-06,3.4310314355232e-05
1.734,0.9552552595742,-0.073064727039185,-5.5480661252797e-06,3.4459409715233e-05
1.73425,0.95471414165156,-0.079256615899035,-5.3882619330025e-06,3.4608311000117e-05
1.7345,0.95413226849843,-0.085446746577165,-5.2279156099757e-06,3.4757010341848e-05
1.73475,0.953509614373,-0.091634859160958,-5.0670208099385e-06,3.4905499793969e-05
1.735,0.95284615516478,-0.097820693141989,-4.9055711087839e-06,3.5053771330984e-05
1.73525,0.9521418683989,-0.10400398742825,-4.7435600042504e-06,3.5201816847743e-05
1.7355,0.95139673324114,-0.11018448035578,-4.5809809156258e-06,3.5349628158797e-05
1.73575,0.95061073050199,-0.11636190970075,-4.4178271834629e-06,3.5497196997761e-05
1.736,0.94978384264111,-0.12253601269144,-4.2540920693057e-06,3.5644515016649e-05
1.73625,0.94891605377132,-0.12870652601994,-4.089768755431e-06,3.5791573785204e-05
1.7365,0.94800734966275,-0.13487318585426,-3.9248503445995e-06,3.5938364790218e-05
1.73675,0.94705771774688,-0.14103572784997,-3.759329859823e-06,3.6084879434831e-05
1.737,0.94606714711987,-0.14719388716227,-3.5932002441429e-06,3.6231109037825e-05
1.73725,0.94503562854666,-0.15334739845769,-3.4264543604232e-06,3.6377044832898e-05
1.7375,0.94396315446435,-0.15949599592586,-3.2590849911585e-06,3.6522677967931e-05
1.73775,0.94284971898529,-0.16563941329152,-3.0910848382953e-06,3.6667999504232e-05
1.738,0.94169531790077,-0.17177738382583,-2.9224465230681e-06,3.6813000415773e-05
1.73825,0.94049994868403,-0.17790964035855,-2.7531625858523e-06,3.6957671588408e-05
1.7385,0.93926361049292,-0.1840359152897,-2.5832254860306e-06,3.7102003819079e-05
1.73875,0.93798630417328,-0.19015594060073,-2.4126276018771e-06,3.7245987815e-05
1.739,0.93666803226142,-0.19626944786669,-2.2413612304569e-06,3.7389614192833e-05
1.73925,0.93530879898669,-0.20237616826774,-2.0694185875418e-06,3.7532873477844e-05
1.7395,0.93390861027419,-0.20847583260034,-1.8967918075449e-06,3.7675756103037e-05
1.73975,0.93246747374704,-0.21456817128912,-1.7234729434714e-06,3.7818252408282e-05
1.74,0.9309853987286,-0.22065291439816,-1.5494539668867e-06,3.7960352639415e-05
1.74025,0.92946239624466,-0.2267297916425,-1.3747267679054e-06,3.8102046947326e-05
1.7405,0.92789847902549,-0.23279853239943,-1.1992831551957e-06,3.8243325387029e-05
1.74075,0.92629366150758,-0.23885886571986,-1.023114856006e-06,3.8384177916705e-05
1.741,0.92464795983561,-0.24491052033962,-8.462135162094e-07,3.8524594396741e-05
1.74125,0.922961391864,-0.25095322469044,-6.6857070036799e-07,3.8664564588735e-05
1.7415,0.92123397715835,-0.25698670691154,-4.9017789181946e-07,3.8804078154486e-05
1.74175,0.91946573699708,-0.2630106948601,-3.1102649278305e-07,3.894312465497e-05
1.742,0.91765669437255,-0.26902491612294,-1.3110782448689e-07,3.9081693549286e-05
1.74225,0.91580687399227,-0.27502909802704,4.9586872681152e-08,3.9219774193584e-05
1.7425,0.91391630228009,-0.28102296765069,2.3106643900236e-07,3.9357355839978e-05
1.74275,0.91198500737692,-0.28700625183408,4.1333979523121e-07,3.9494427635423e-05
1.743,0.91001301914181,-0.29297867719028,5.9641594237734e-07,3.9630978620585e-05
1.74325,0.90800036915256,-0.29893997011588,7.8030396146367e-07,3.9766997728679e-05
1.7435,0.90594709070632,-0.30488985680147,9.6501301325889e-07,3.9902473784285e-05
1.74375,0.90385321882015,-0.31082806324235,1.1505523379859e-06,4.0037395502144e-05
1.744,0.90171879023139,-0.31675431524894,1.3369312550059e-06,4.0171751485925e-05
1.74425,0.89954384339798,-0.32266833845696,1.524159162473e-06,4.0305530226971e-05
1.7445,0.89732841849854,-0.32856985833811,1.712245536967e-06,4.0438720103021e-05
1.74475,0.89507255743262,-0.33445860020988,1.9011999330943e-06,4.0571309376903e-05
1.745,0.89277630382051,-0.34033428924591,2.0910319830646e-06,4.0703286195204e-05
1.74525,0.89043970300323,-0.34619665048592,2.2817513962378e-06,4.0834638586913e-05
1.7455,0.88806280204219,-0.35204540884564,2.4733679586416e-06,4.0965354462038e-05
1.74575,0.88564564971893,-0.35788028912669,2.6658915324602e-06,4.1095421610195e-05
1.746,0.88318829653468,-0.36370101602631,2.8593320554935e-06,4.1224827699171e-05
1.74625,0.88069079470982,-0.36950731414689,3.053699540583e-06,4.1353560273459e-05
1.7465,0.87815319818323,-0.37529890800573,3.2490040750099e-06,4.1481606752764e-05
1.74675,0.8755755626116,-0.38107552204418,3.4452558198572e-06,4.1608954430477e-05
1.747,0.87295794536861,-0.38683688063725,3.6424650093416e-06,4.173559047213e-05
1.74725,0.87030040554401,-0.3925827081026,3.8406419501117e-06,4.1861501913811e-05
1.7475,0.86760300394266,-0.39831272870975,4.0397970205099e-06,4.1986675660552e-05
1.74775,0.86486580308337,-0.40402666668907,4.2399406698015e-06,4.2111098484692e-05
1.748,0.86208886719777,-0.4097242462406,4.4410834173679e-06,4.2234757024202e-05
1.74825,0.8592722622291,-0.41540519154278,4.6432358518614e-06,4.2357637780983e-05
1.7485,0.85641605583078,-0.42106922676124,4.8464086303252e-06,4.2479727119132e-05
1.74875,0.85352031736502,-0.42671607605707,5.0506124772738e-06,4.2601011263175e-05
1.749,0.85058511790133,-0.43234546359533,5.2558581837346e-06,4.2721476296267e-05
1.74925,0.84761053021489,-0.43795711355333,5.4621566062516e-06,4.2841108158365e-05
1.7495,0.84459662878493,-0.44355075012867,5.6695186658453e-06,4.2959892644358e-05
1.74975,0.841543489793,-0.44912609754721,5.8779553469342e-06,4.3077815402173e-05
1.75,0.83845119112108,-0.45468288007104,6.0874776962135e-06,4.3194861930843e-05
1.75025,0.8353198123498,-0.46022082200602,6.2980968214882e-06,4.331101757854e-05
1.7505,0.83214943475642,-0.46573964770943,6.5098238904661e-06,4.3426267540576e-05
1.75075,0.82894014131283,-0.47123908159744,6.7226701295018e-06,4.3540596857366e-05
1.751,0.82569201668347,-0.47671884815227,6.9366468222974e-06,4.365399041236e-05
1.75125,0.82240514722314,-0.48217867192942,7.1517653085557e-06,4.3766432929935e-05
1.7515,0.81907962097488,-0.48761827756453,7.368036982584e-06,4.3877908973256e-05
1.75175,0.81571552766758,-0.49303738978031,7.5854732918503e-06,4.3988402942096e-05
1.752,0.81231295871376,-0.49843573339313,7.8040857354898e-06,4.4097899070622e-05
1.75225,0.80887200720711,-0.50381303331952,8.023885862758e-06,4.4206381425148e-05
1.7525,0.80539276792011,-0.50916901458253,8.2448852714345e-06,4.431383390184e-05
1.75275,0.80187533730151,-0.5145034023179,8.4670956061706e-06,4.4420240224399e-05
1.753,0.79831981347381,-0.51981592178001,8.6905285567845e-06,4.4525583941691e-05
1.75325,0.79472629623068,-0.52510629834781,8.9151958565001e-06,4.4629848425352e-05
1.7535,0.79109488703432,-0.53037425753034,9.1411092801282e-06,4.4733016867351e-05
1.75375,0.78742568901284,-0.53561952497232,9.36828064219e-06,4.4835072277507e-05
1.754,0.78371880695752,-0.54084182645941,9.5967217949827e-06,4.4935997480982e-05
1.75425,0.77997434732007,-0.5460408879233,9.826444626581e-06,4.5035775115724e-05
1.7545,0.77619241820988,-0.55121643544665,1.0057461058781e-05,4.5134387629877e-05
1.75475,0.77237312939122,-0.55636819526788,1.0289783044975e-05,4.5231817279151e-05
1.755,0.76851659228041,-0.5614958937856,1.0523422567969e-05,4.5328046124153e-05
1.75525,0.76462291994293,-0.56659925756312,1.0758391637729e-05,4.5423056027677e-05
1.7555,0.7606922270906,-0.57167801333243,1.0994702289057e-05,4.5516828651963e-05
1.75575,0.75672463007867,-0.57673188799828,1.1232366579207e-05,4.5609345455905e-05
1.756,0.75272024690286,-0.58176060864191,1.1471396585422e-05,4.5700587692231e-05
1.75625,0.74867919719653,-0.58676390252448,1.1711804402404e-05,4.5790536404637e-05
1.7565,0.74460160222762,-0.59174149709056,1.1953602139709e-05,4.5879172424887e-05
1.75675,0.74048758489584,-0.59669311997109,1.2196801919062e-05,4.5966476369868e-05
1.757,0.73633726972965,-0.60161849898639,1.2441415871606e-05,4.6052428638614e-05
1.75725,0.73215078288329,-0.60651736214875,1.2687456135061e-05,4.6137009409288e-05
1.7575,0.72792825213391,-0.61138943766493,1.293493485081e-05,4.6220198636119e-05
1.75775,0.72366980687859,-0.61623445393833,1.3183864160901e-05,4.6301976046314e-05
1.758,0.71937557813141,-0.62105213957104,1.3434256204963e-05,4.6382321136923e-05
1.75825,0.71504569852054,-0.62584222336549,1.368612311704e-05,4.6461213171665e-05
1.7585,0.71068030228534,-0.63060443432609,1.3939477022338e-05,4.6538631177725e-05
1.75875,0.70627952527349,-0.63533850166036,1.4194330033875e-05,4.6614553942506e-05
1.759,0.70184350493815,-0.64004415478003,1.4450694249053e-05,4.6688960010347e-05
1.75925,0.69737238033507,-0.64472112330181,1.4708581746122e-05,4.6761827679207e-05
1.7595,0.69286629211988,-0.64936913704784,1.496800458056e-05,4.6833134997311e-05
1.75975,0.68832538254528,-0.653987926046,1.5228974781351e-05,4.690285975976e-05
1.76,0.68374979545831,-0.65857722052985,1.5491504347166e-05,4.6970979505109e-05
1.76025,0.67913967629773,-0.6631367509384,1.5755605242435e-05,4.703747151191e-05
1.7605,0.67449517209134,-0.66766624791551,1.6021289393327e-05,4.7102312795221e-05
1.76075,0.66981643145343,-0.67216544230907,1.6288568683617e-05,4.7165480103083e-05
1.761,0.66510360458227,-0.6766340651699,1.6557454950442e-05,4.7226949912966e-05
1.76125,0.66035684325765,-0.68107184775034,1.6827959979956e-05,4.7286698428182e-05
1.7615,0.65557630083848,-0.68547852150258,1.7100095502859e-05,4.734470157427e-05
1.76175,0.65076213226049,-0.68985381807665,1.7373873189828e-05,4.7400934995352e-05
1.762,0.64591449403399,-0.69419746931814,1.764930464681e-05,4.7455374050459e-05
1.76225,0.64103354424171,-0.69850920726562,1.7926401410214e-05,4.7507993809835e-05
1.7625,0.63611944253673,-0.70278876414773,1.8205174941965e-05,4.7558769051208e-05
1.76275,0.63117235014048,-0.70703587238,1.8485636624444e-05,4.7607674256041e-05
1.763,0.62619242984093,-0.71125026456122,1.876779775529e-05,4.7654683605762e-05
1.76325,0.6211798459907,-0.71543167346971,1.9051669542082e-05,4.7699770977969e-05
1.7635,0.61613476450549,-0.719579832059,1.9337263096879e-05,4.7742909942614e-05
1.76375,0.6110573528625,-0.72369447345337,1.9624589430627e-05,4.7784073758171e-05
1.764,0.60594778009897,-0.72777533094296,1.991365944743e-05,4.7823235367787e-05
1.76425,0.60080621681091,-0.73182213797853,2.0204483938672e-05,4.7860367395415e-05
1.7645,0.59563283515189,-0.7358346281659,2.0497073577004e-05,4.7895442141937e-05
1.76475,0.59042780883206,-0.73981253526001,2.0791438910172e-05,4.7928431581274e-05
1.765,0.58519131311723,-0.74375559315856,2.1087590354707e-05,4.7959307356487e-05
1.76525,0.57992352482817,-0.74766353589542,2.1385538189453e-05,4.7988040775871e-05
1.7655,0.57462462233999,-0.75153609763348,2.1685292548936e-05,4.8014602809042e-05
1.76575,0.56929478558181,-0.75537301265726,2.1986863416585e-05,4.8038964083025e-05
1.766,0.56393419603649,-0.75917401536502,2.2290260617777e-05,4.806109487834e-05
1.76625,0.55854303674061,-0.76293884026053,2.2595493812723e-05,4.808096512509e-05
1.7665,0.55312149228462,-0.76666722194444,2.2902572489185e-05,4.8098544399056e-05
1.76675,0.54766974881319,-0.77035889510519,2.3211505955015e-05,4.8113801917796e-05
1.767,0.54218799402579,-0.77401359450948,2.3522303330525e-05,4.8126706536765e-05
1.76725,0.53667641717745,-0.77763105499242,2.3834973540673e-05,4.8137226745435e-05
1.7675,0.53113520907979,-0.7812110114471,2.4149525307066e-05,4.8145330663444e-05
1.76775,0.52556456210226,-0.7847531988138,2.446596713978e-05,4.8150986036761e-05
1.768,0.51996467017359,-0.78825735206874,2.4784307328989e-05,4.8154160233877e-05
1.76825,0.51433572878363,-0.79172320621233,2.5104553936398e-05,4.8154820242021e-05
1.7685,0.50867793498524,-0.79515049625696,2.5426714786486e-05,4.8152932663416e-05
1.76875,0.50299148739671,-0.79853895721432,2.5750797457543e-05,4.8148463711561e-05
1.769,0.49727658620423,-0.80188832408222,2.6076809272505e-05,4.8141379207558e-05
1.76925,0.49153343316481,-0.80519833183093,2.6404757289583e-05,4.8131644576486e-05
1.7695,0.48576223160949,-0.80846871538896,2.6734648292679e-05,4.8119224843824e-05
1.76975,0.4799631864468,-0.81169920962838,2.7066488781592e-05,4.810408463192e-05
1.77,0.47413650416663,-0.81488954934955,2.7400284961997e-05,4.8086188156529e-05
1.77025,0.46828239284443,-0.81803946926536,2.7736042735214e-05,4.8065499223414e-05
1.7705,0.46240106214574,-0.82114870398493,2.8073767687742e-05,4.8041981225005e-05
1.77075,0.45649272333112,-0.82421698799665,2.8413465080568e-05,4.801559713715e-05
1.771,0.45055758926151,-0.82724405565076,2.8755139838243e-05,4.7986309515935e-05
1.77125,0.44459587440387,-0.8302296411413,2.9098796537723e-05,4.7954080494593e-05
1.7715,0.43860779483737,-0.83317347848745,2.9444439396966e-05,4.7918871780508e-05
1.77175,0.43259356825997,-0.83607530151427,2.979207226329e-05,4.788064465232e-05
1.772,0.4265534139954,-0.83893484383284,3.0141698601481e-05,4.783935995713e-05
1.77225,0.42048755300068,-0.84175183881975,3.0493321481652e-05,4.7794978107823e-05
1.7725,0.41439620787408,-0.84452601959594,3.0846943566845e-05,4.7747459080509e-05
1.77275,0.40827960286361,-0.84725711900488,3.1202567100381e-05,4.7696762412097e-05
1.773,0.402137963876,-0.84994486959009,3.156019389294e-05,4.7642847197996e-05
1.77325,0.39597151848622,-0.85258900357196,3.1919825309387e-05,4.7585672089962e-05
1.7735,0.38978049594764,-0.8551892528239,3.228146225532e-05,4.7525195294105e-05
1.77375,0.38356512720262,-0.8577453488477,3.2645105163354e-05,4.7461374569045e-05
1.774,0.37732564489385,-0.86025702274825,3.3010753979127e-05,4.7394167224242e-05
1.77425,0.37106228337625,-0.86272400520745,3.3378408147032e-05,4.7323530118507e-05
1.7745,0.36477527872948,-0.86514602645741,3.3748066595662e-05,4.7249419658697e-05
1.77475,0.35846486877119,-0.86752281625278,3.411972772298e-05,4.7171791798609e-05
1.775,0.35213129307096,-0.86985410384241,3.4493389381196e-05,4.7090602038082e-05
1.77525,0.34577479296486,-0.87213961794011,3.4869048861361e-05,4.700580542232e-05
1.7755,0.33939561157093,-0.87437908669459,3.524670287766e-05,4.6917356541438e-05
1.77575,0.33299399380527,-0.87657223765861,3.5626347551427e-05,4.6825209530253e-05
1.776,0.32657018639903,-0.87871879775717,3.6007978394846e-05,4.6729318068332e-05
1.77625,0.32012443791622,-0.88081849325493,3.639159029437e-05,4.6629635380289e-05
1.7765,0.31365699877236,-0.88287104972263,3.6777177493826e-05,4.6526114236374e-05
1.77675,0.30716812125402,-0.88487619200262,3.7164733577233e-05,4.6418706953343e-05
1.777,0.30065805953936,-0.8868336441735,3.7554251451299e-05,4.6307365395631e-05
1.77725,0.29412706971952,-0.88874312951371,3.7945723327637e-05,4.619204097684e-05
1.7775,0.28757540982112,-0.89060437046417,3.8339140704649e-05,4.6072684661561e-05
1.77775,0.28100333982972,-0.89241708858996,3.8734494349129e-05,4.5949246967531e-05
1.778,0.2744111217144,-0.89418100454092,3.9131774277542e-05,4.582167796816e-05
1.77825,0.26779901945345,-0.89589583801119,3.9530969737004e-05,4.5689927295419e-05
1.7785,0.26116729906118,-0.89756130769776,3.9932069185957e-05,4.5553944143129e-05
1.77875,0.25451622861597,-0.89917713125779,4.0335060274534e-05,4.5413677270646e-05
1.779,0.24784607828958,-0.90074302526495,4.0739929824621e-05,4.5269075006979e-05
1.77925,0.24115712037768,-0.90225870516453,4.1146663809614e-05,4.512008525533e-05
1.7795,0.23444962933183,-0.90372388522738,4.155524733388e-05,4.496665549811e-05
1.77975,0.2277238817927,-0.90513827850273,4.1965664611909e-05,4.4808732802415e-05
1.78,0.22098015662495,-0.90650159676967,4.2377898947174e-05,4.4646263826002e-05
1.78025,0.21421873495336,-0.90781355048747,4.2791932710701e-05,4.4479194823773e-05
1.7805,0.20743990020074,-0.90907384874462,4.3207747319338e-05,4.4307471654795e-05
1.78075,0.20064393812729,-0.91028219920653,4.3625323213748e-05,4.4131039789864e-05
1.781,0.19383113687176,-0.91143830806191,4.4044639836112e-05,4.394984431965e-05
1.78125,0.18700178699426,-0.91254187996776,4.4465675607563e-05,4.3763829963425e-05
1.7815,0.18015618152093,-0.91359261799308,4.4888407905343e-05,4.3572941078412e-05
1.78175,0.17329461599048,-0.914590223561,4.5312813039703e-05,4.3377121669771e-05
1.782,0.16641738850268,-0.91553439638956,4.5738866230537e-05,4.3176315401234e-05
1.78225,0.15952479976886,-0.91642483443102,4.6166541583779e-05,4.2970465606436e-05
1.7825,0.15261715316456,-0.91726123380956,4.659581206755e-05,4.2759515300939e-05
1.78275,0.14569475478429,-0.91804328875753,4.7026649488085e-05,4.2543407194993e-05
1.783,0.13875791349867,-0.91877069155006,4.7459024465428e-05,4.2322083707053e-05
1.78325,0.13180694101381,-0.91944313243808,4.7892906408936e-05,4.2095486978065e-05
1.7835,0.12484215193327,-0.92006029957971,4.8328263492569e-05,4.1863558886572e-05
1.78375,0.11786386382245,-0.92062187896989,4.8765062630014e-05,4.1626241064641e-05
1.784,0.11087239727575,-0.9211275543684,4.920326944963e-05,4.1383474914653e-05
1.78425,0.10386807598638,-0.92157700722607,4.9642848269248e-05,4.1135201626982e-05
1.7845,0.096851226819096,-0.92196991660917,5.0083762070831e-05,4.0881362198579e-05
1.78475,0.08982217988593,-0.92230595912204,5.0525972475021e-05,4.0621897452513e-05
1.785,0.082781268624981,-0.92258480882782,5.0969439715585e-05,4.0356748058468e-05
1.78525,0.075728829882422,-0.9228061371673,5.1414122613783e-05,4.0085854554257e-05
1.7855,0.068665203997932,-0.9229696128758,5.1859978552683e-05,3.9809157368353e-05
1.78575,0.061590734893517,-0.92307490189814,5.2306963451442e-05,3.9526596843493e-05
1.786,0.054505770166054,-0.92312166730152,5.2755031739579e-05,3.9238113261371e-05
1.78625,0.047410661183558,-0.92310956918644,5.3204136331269e-05,3.8943646868455e-05
1.7865,0.040305763185367,-0.92303826459544,5.3654228599683e-05,3.8643137902963e-05
1.78675,0.033191435386484,-0.9229074074198,5.4105258351407e-05,3.8336526623024e-05
1.787,0.026068041086117,-0.922716648304,5.4557173800968e-05,3.8023753336071e-05
1.78725,0.018935947780653,-0.92246563454806,5.5009921545506e-05,3.7704758429476e-05
1.7875,0.011795527281306,-0.92215401000761,5.5463446539619e-05,3.7379482402488e-05
1.78775,0.0046471558364883,-0.92178141499163,5.5917692070433e-05,3.7047865899486e-05
1.788,-0.0025087857407377,-0.921347486158,5.6372599732918e-05,3.6709849744592e-05
1.78825,-0.0096719119400405,-0.92085185640657,5.6828109405513e-05,3.6365374977681e-05
1.7885,-0.016841832415783,-0.92029415476996,5.7284159226085e-05,3.6014382891814e-05
1.78875,-0.024018151843259,-0.91967400630192,5.7740685568287e-05,3.5656815072138e-05
1.789,-0.031200469769139,-0.91899103196315,5.819762301835e-05,3.5292613436285e-05
1.78925,-0.038388380455675,-0.9182448485048,5.865490435237e-05,3.4921720276307e-05
1.7895,-0.045581472718572,-0.91743506834932,5.9112460514142e-05,3.454407830218e-05
1.78975,-0.052779329758189,-0.91656129946887,5.9570220593608e-05,3.415963068692e-05
1.79,-0.059981528983734,-0.91562314526108,6.0028111805961e-05,3.3768321113339e-05
1.79025,-0.067187641830267,-0.91462020442233,6.0486059471491e-05,3.3370093822484e-05
1.7905,-0.074397233568145,-0.91355207081828,6.0943986996232e-05,3.2964893663792e-05
1.79075,-0.08160986310454,-0.91241833335194,6.1401815853476e-05,3.2552666146999e-05
1.791,-0.088825082776787,-0.91121857582894,6.1859465566244e-05,3.2133357495835e-05
1.79125,-0.096042438137169,-0.9099523768202,6.2316853690783e-05,3.1706914703551e-05
1.7915,-0.10326146772871,-0.90861930952202,6.277389580117e-05,3.1273285590299e-05
1.79175,-0.11048170285171,-0.90721894161335,6.3230505475127e-05,3.0832418862412e-05
1.792,-0.11770266732049,-0.90575083511048,6.3686594281118e-05,3.0384264173618e-05
1.79225,-0.12492387721007,-0.9042145462191,6.4142071766849e-05,2.9928772188214e-05
1.7925,-0.13214484059215,-0.9026096251836,6.4596845449249e-05,2.9465894646246e-05
1.79275,-0.13936505726011,-0.90093561613385,6.5050820806066e-05,2.8995584430714e-05
1.793,-0.14658401844248,-0.89919205692933,6.5503901269166e-05,2.8517795636848e-05
1.79325,-0.15380120650434,-0.89737847900063,6.5955988219676e-05,2.8032483643483e-05
1.7935,-0.16101609463607,-0.89549440718856,6.640698098508e-05,2.753960518655e-05
1.79375,-0.16822814652921,-0.89353935958064,6.6856776838415e-05,2.7039118434737e-05
1.794,-0.17543681603829,-0.89151284734526,6.7305270999692e-05,2.6530983067323e-05
1.79425,-0.18264154682864,-0.88941437456346,6.7752356639701e-05,2.6015160354229e-05
1.7945,-0.18984177200907,-0.88724343805849,6.8197924886346e-05,2.5491613238305e-05
1.79475,-0.19703691374902,-0.88499952722316,6.8641864833673e-05,2.4960306419868e-05
1.795,-0.20422638287935,-0.88268212384521,6.9084063553773e-05,2.4421206443533e-05
1.79525,-0.21140957847619,-0.88029070193074,6.952440611172e-05,2.3874281787322e-05
1.7955,-0.21858588742685,-0.87782472752585,6.9962775583756e-05,2.3319502954112e-05
1.79575,-0.22575468397728,-0.87528365853672,7.0399053078914e-05,2.2756842565385e-05
1.796,-0.23291532926,-0.87266694454832,7.0833117764278e-05,2.2186275457338e-05
1.79625,-0.24006717080176,-0.86997402664183,7.1264846894138e-05,2.1607778779317e-05
1.7965,-0.24720954201004,-0.86720433721116,7.1694115843235e-05,2.1021332094617e-05
1.79675,-0.25434176163726,-0.86435729977879,7.2120798144379e-05,2.0426917483613e-05
1.797,-0.26146313322195,-0.86143232881116,7.2544765530684e-05,1.9824519649239e-05
1.79725,-0.26857294450555,-0.85842882953405,7.2965887982712e-05,1.9214126024792e-05
1.7975,-0.27567046682405,-0.85534619774812,7.3384033780814e-05,1.8595726884051e-05
1.79775,-0.28275495447306,-0.85218381964527,7.3799069562987e-05,1.796931545368e-05
1.798,-0.28982564404521,-0.84894107162601,7.4210860388579e-05,1.7334888027891e-05
1.79825,-0.29688175373871,-0.84561732011847,7.4619269808192e-05,1.669244408533e-05
1.7985,-0.30392248263561,-0.8422119213995,7.502415994017e-05,1.6041986408122e-05
1.79875,-0.31094700994844,-0.83872422141857,7.5425391554058e-05,1.5383521203048e-05
1.799,-0.31795449423385,-0.83515355562487,7.5822824161461e-05,1.4717058224757e-05
1.79925,-0.32494407257172,-0.83149924879857,7.6216316114767e-05,1.4042610900945e-05
1.7995,-0.33191485970805,-0.82776061488683,7.6605724714202e-05,1.336019645941e-05
1.79975,-0.33886594716022,-0.82393695684549,7.6990906323739e-05,1.2669836056862e-05
1.8,-0.34579640228269,-0.82002756648733,7.7371716496413e-05,1.1971554909377e-05
1.80025,-0.35270526729143,-0.81603172433782,7.774801010963e-05,1.1265382424331e-05
1.8005,-0.35959155824534,-0.8119486994996,7.8119641511095e-05,1.0551352333651e-05
1.80075,-0.3664542639824,-0.80777774952679,7.8486464676034e-05,9.829502828203e-06
1.801,-0.37329234500884,-0.80351812031038,7.8848333376444e-05,9.0998766930709e-06
1.80125,-0.38010473233898,-0.79916904597629,7.9205101363125e-05,8.3625214434955e-06
1.8015,-0.38689032628365,-0.79472974879736,7.9556622561346e-05,7.617489461171e-06
1.80175,-0.3936479951848,-0.79019943912127,7.9902751281027e-05,6.8648381305728e-06
1.802,-0.40037657409394,-0.78557731531588,8.0243342442405e-05,6.1046299749484e-06
1.80225,-0.40707486339188,-0.78086256373429,8.0578251818213e-05,5.3369327915332e-06
1.8025,-0.41374162734719,-0.77605435870147,8.0907336293497e-05,4.5618197855079e-06
1.80275,-0.42037559261062,-0.77115186252506,8.1230454144252e-05,3.7793697021522e-06
1.803,-0.42697544664271,-0.76615422553264,8.1547465336203e-05,2.9896669565497e-06
1.80325,-0.43353983607164,-0.7610605861384,8.1858231845094e-05,2.1928017601333e-06
1.8035,-0.44006736497828,-0.75587007094212,8.2162618000023e-05,1.3888702432588e-06
1.80375,-0.44655659310537,-0.75058179486371,8.2460490851439e-05,5.7797457285821e-07
1.804,-0.45300603398735,-0.74519486131681,8.2751720565554e-05,-2.3977693586854e-07
1.80425,-0.45941415299785,-0.73970836242525,8.3036180847093e-05,-1.0642697149522e-06
1.8045,-0.46577936531095,-0.73412137928657,8.3313749392424e-05,-1.8953828477172e-06
1.80475,-0.47210003377292,-0.72843298228693,8.3584308375287e-05,-2.7329889829775e-06
1.805,-0.47837446668066,-0.72264223147239,8.3847744967544e-05,-3.5769542611845e-06
1.80525,-0.48460091546295,-0.71674817698175,8.4103951897514e-05,-4.42713825456e-06
1.8055,-0.49077757226077,-0.7107498595465,8.435282804873e-05,-5.2833939235828e-06
1.80575,-0.49690256740262,-0.70464631106426,8.4594279102117e-05,-6.1455675925119e-06
1.806,-0.50297396677078,-0.69843655525211,8.4828218224862e-05,-7.0134989470115e-06
1.80625,-0.5089897690544,-0.69211960838712,8.5054566809497e-05,-7.8870210574175e-06
1.8065,-0.51494790288521,-0.6856944801418,8.5273255266957e-05,-8.7659604316706e-06
1.80675,-0.52084622385153,-0.67916017452282,8.5484223877699e-05,-9.6501371025339e-06
1.807,-0.52668251138645,-0.67251569092215,8.5687423705203e-05,-1.0539364754418e-05
1.80725,-0.53245446552577,-0.66576002529025,8.5882817576524e-05,-1.1433450895876e-05
1.8075,-0.53815970353143,-0.65889217144204,8.6070381134838e-05,-1.2332197084768e-05
1.80775,-0.54379575637635,-0.65191112250684,8.625010396924e-05,-1.3235399214116e-05
1.808,-0.54936006508627,-0.64481587253488,8.6421990827343e-05,-1.4142847867851e-05
1.80825,-0.55484997693488,-0.6376054182732,8.6586062916487e-05,-1.5054328757059e-05
1.8085,-0.56026274148804,-0.63027876112565,8.6742359299643e-05,-1.5969623248883e-05
1.80875,-0.56559550649366,-0.62283490931213,8.6890938392248e-05,-1.6888509002085e-05
1.809,-0.57084531361374,-0.6152728802437,8.7031879566357e-05,-1.7810760725367e-05
1.80925,-0.57600909399553,-0.60759170313142,8.7165284868484e-05,-1.8736151076936e-05
1.8095,-0.58108366367917,-0.59979042184816,8.7291280857409e-05,-1.9664451726624e-05
1.80975,-0.58606571883959,-0.59186809806382,8.7410020567892e-05,-2.0595434605017e-05
1.81,-0.59095183086129,-0.58382381467638,8.7521685605658e-05,-2.1528873367714e-05
1.81025,-0.59573844124489,-0.57565667956241,8.7626488378156e-05,-2.2464545107039e-05
1.8105,-0.60042185634571,-0.56736582967261,8.7724674464228e-05,-2.3402232348304e-05
1.81075,-0.60499824194513,-0.55895043549977,8.7816525123993e-05,-2.4341725373166e-05
1.811,-0.60946361765695,-0.55040970594844,8.790235994763e-05,-2.5282824918874e-05
1.81125,-0.61381385117217,-0.54174289363778,8.7982539638302e-05,-2.6225345309168e-05
1.8115,-0.61804465234699,-0.53294930067095,8.8057468919835e-05,-2.7169118080601e-05
1.81175,-0.62215156714092,-0.524028284907,8.8127599553721e-05,-2.8113996176896e-05
1.812,-0.62612997141349,-0.51497926677344,8.8193433442176e-05,-2.9059858793887e-05
1.81225,-0.62997506459065,-0.50580173666013,8.825552578391e-05,-3.0006616968566e-05
1.8125,-0.63368186321434,-0.49649526293774,8.8314488236351e-05,-3.095422001767e-05
1.81275,-0.63724519439176,-0.4870595006468,8.8370992021781e-05,-3.1902662944136e-05
1.813,-0.64065968916425,-0.477494200906,8.8425770894194e-05,-3.2851994943353e-05
1.81325,-0.64391977581922,-0.46779922109124,8.8479623857943e-05,-3.380232915503e-05
1.8135,-0.64701967317318,-0.45797453583992,8.8533417497045e-05,-3.475385382032e-05
1.81375,-0.64995338385834,-0.44802024893754,8.8588087734271e-05,-3.5706845016544e-05
1.814,-0.6527146876508,-0.43793660614708,8.8644640790174e-05,-3.6661681152362e-05
1.81425,-0.65529713488433,-0.42772400904384,8.870415305247e-05,-3.7618859412785e-05
1.8145,-0.65769404000021,-0.41738302992171,8.8767769493769e-05,-3.8579014343531e-05
1.81475,-0.65989847529133,-0.40691442783911,8.8836700188805e-05,-3.9542938754663e-05
1.815,-0.66190326490684,-0.39631916587532,8.8912214379225e-05,-4.0511607099763e-05
1.81525,-0.66370097919261,-0.38559842967017,8.8995631413314e-05,-4.1486201443183e-05
1.8155,-0.66528392945332,-0.37475364732155,8.9088307749192e-05,-4.2468140056652e-05
1.81575,-0.66664416323272,-0.36378651071657,8.9191619053605e-05,-4.3459108577976e-05
1.816,-0.667773460221,-0.3526989983731,8.9306936257529e-05,-4.4461093506851e-05
1.81625,-0.6686633289117,-0.34149339986769,8.9435594250444e-05,-4.5476417591324e-05
1.8165,-0.66930500414509,-0.3301723419257,8.9578851718648e-05,-4.6507776356528e-05
1.81675,-0.66968944569117,-0.31873881624664,8.9737840477264e-05,-4.7558274626135e-05
1.817,-0.66980733804232,-0.30719620913468,8.991350253828e-05,-4.8631461367878e-05
1.81725,-0.66964909160484,-0.29554833299941,9.0106513137515e-05,-4.9731360540288e-05
1.8175,-0.66920484549827,-0.28379945978462,9.0317188066735e-05,-5.0862494818522e-05
1.81775,-0.66846447219319,-0.27195435637456,9.0545373995105e-05,-5.2029898135185e-05
1.818,-0.66741758424078,-0.26001832201522,9.0790321106906e-05,-5.3239111912772e-05
1.81825,-0.66605354337199,-0.24799722777402,9.1050538435173e-05,-5.4496158747692e-05
1.8185,-0.66436147226897,-0.23589755804368,9.1323633845783e-05,-5.5807486242269e-05
1.81875,-0.66233026933825,-0.22372645407477,9.1606142825428e-05,-5.7179872847303e-05
1.819,-0.65994862684204,-0.21149175949546,9.1893353112424e-05,-5.8620287230863e-05
1.81925,-0.65720505277164,-0.19920206774719,9.2179135761141e-05,-6.0135693170164e-05
1.8195,-0.65408789687459,-0.18686677132857,9.2455797289444e-05,-6.1732793684381e-05
1.81975,-0.65058538127432,-0.17449611269866,9.2713971759498e-05,-6.3417711521644e-05
1.82,-0.64668563614726,-0.16210123664246,9.2942575360612e-05,-6.5195608552219e-05
1.82025,-0.64237674094613,-0.14969424384586,9.31288483894e-05,-6.7070254263471e-05
1.8205,-0.63764677167979,-0.13728824536503,9.3258509313898e-05,-6.9043563173617e-05
1.82075,-0.63248385477702,-0.1248974176031,9.3316041645963e-05,-7.1115131776122e-05
1.821,-0.62687622807364,-0.1125370573281,9.3285125632441e-05,-7.328181608439e-05
1.82125,-0.62081230946735,-0.10022363617674,9.3149212944601e-05,-7.5537398778937e-05
1.8215,-0.61428077378124,-0.087974853990646,9.2892224308024e-05,-7.7872397777997e-05
1.82175,-0.60727063836227,-0.075809690224663,9.2499329471317e-05,-8.0274063342018e-05
1.822,-0.59977135791432,-0.06374845255082,9.1957749528971e-05,-8.2726597141503e-05
1.82225,-0.59177292902238,-0.051812821656803,9.1257507705759e-05,-8.5211604410454e-05
1.8225,-0.58326600476399,-0.040025891106657,9.0392050413311e-05,-8.7708761992116e-05
1.82275,-0.5742420197225,-0.028412200994081,8.935866836119e-05,-9.0196655488509e-05
1.823,-0.564693325611,-0.016997763977492,8.8158667801582e-05,-9.2653713733463e-05
1.82325,-0.55461333758355,-0.0058100821449516,8.6797271622322e-05,-9.5059153899113e-05
1.8235,-0.54399669114804,0.0051218469823379,8.5283263493954e-05,-9.7393849148506e-05
1.82375,-0.53283940939999,0.015767537130545,8.3628419081111e-05,-9.9641043149387e-05
1.824,-0.52113908006726,0.026095034579347,8.1846790676476e-05,-0.00010178685902802
1.82425,-0.50889504158879,0.036070956135767,7.9953922043987e-05,-0.00010382057925854
1.8245,-0.49610857714672,0.045660545891128,7.7966068307686e-05,-0.00010573470166658
1.82475,-0.48278311522981,0.054827752916402,7.5899483639578e-05,-0.00010752480021197
1.825,-0.46892443492859,0.063535332046517,7.3769821200171e-05,-0.00010918923451988
1.82525,-0.45454087375351,0.071744969846288,7.1591669565888e-05,-0.00011072875853545
1.8255,-0.43964353533002,0.079417437729059,6.9378231343273e-05,-0.00011214607733062
1.82575,-0.42424649386917,0.086512774002802,6.7141135137427e-05,-0.00011344539424199
1.826,-0.4083669918478,0.092990496338047,6.4890362445829e-05,-0.00011463198070719
1.82625,-0.39202562687256,0.098809845778431,6.2634266205019e-05,-0.00011571179062805
1.8265,-0.37524652326419,0.10393006293986,6.0379656747894e-05,-0.00011669113142556
1.82675,-0.35805748350083,0.10831069646404,5.8131932672218e-05,-0.00011757639607659
1.827,-0.34049011432475,0.1119119431048,5.5895237442004e-05,-0.00011837385465725
1.82725,-0.32257992207036,0.11469501803306,5.3672626513072e-05,-0.00011908950017449
1.8275,-0.30436637163779,0.11662255305811,5.1466233731159e-05,-0.00011972894142365
1.82775,-0.28589290354356,0.11765901949052,4.9277429293778e-05,-0.00012029733485538
1.828,-0.26720690365337,0.11777117133911,4.710696450139e-05,-0.00012079934756841
1.82825,-0.24835962056382,0.11692850346516,4.4955100802292e-05,-0.00012123914422097
1.8285,-0.22940602617264,0.11510371824944,4.2821722302406e-05,-0.00012162039160951
1.82875,-0.21040461576943,0.11227319329994,4.070643205479e-05,-0.00012194627571223
1.829,-0.19141714499976,0.10841744178947,3.860863316943e-05,-0.00012221952701625
1.82925,-0.17250830229735,0.10352155621146,3.6527596193298e-05,-0.00012244245087331
1.8295,-0.15374531682519,0.097575625733133,3.4462514392819e-05,-0.00012261696042648
1.82975,-0.13519750358852,0.090575116957929,3.2412548598524e-05,-0.00012274461031199
1.83,-0.11693574913632,0.082521207831507,3.0376863200627e-05,-0.00012282662987264
1.83025,-0.099031943098364,0.073421064676089,2.8354654755881e-05,-0.00012286395503536
1.8305,-0.081558362645653,0.063288052944893,2.6345174509541e-05,-0.00012285725832389
1.83075,-0.064587018737182,0.052141873264488,2.4347745971103e-05,-0.0001228069767144
1.831,-0.048188974644518,0.040008615673409,2.2361778521051e-05,-0.00012271333721442
1.83125,-0.032433648647379,0.026920726647994,2.0386777875756e-05,-0.00012257638016732
1.8315,-0.017388113888478,0.012916885485888,1.842235410225e-05,-0.00012239598036767
1.83175,-0.0031164090985432,-0.0019582111664853,1.6468227755656e-05,-0.00012217186612728
1.832,0.010321125802927,-0.017654155484397,1.4524234609215e-05,-0.00012190363646446
1.83225,0.022868475394159,-0.034115221739935,1.2590329359089e-05,-0.00012159077660713
1.8325,0.034474522530974,-0.051280840688857,1.0666588612257e-05,-0.00012123267200754
1.83275,0.045093558135433,-0.069086146817748,8.7532134037263e-06,-0.00012082862106635
1.833,0.054685716446046,-0.08746258817924,6.8505314376969e-06,-0.00012037784675922
1.83325,0.06321732709121,-0.10633858685035,4.9589992043642e-06,-0.00011987950735218
1.8335,0.07066117754922,-0.12564023675774,3.0792040882477e-06,-0.00011933270638271
1.83375,0.076996681959048,-0.14529202477517,1.2118665541525e-06,-0.00011873650207491
1.834,0.082209954744133,-0.16521756064301,-6.4215752824743e-07,-0.00011808991634762
1.83425,0.086293790001195,-0.18534030139155,-2.4818743816473e-06,-0.00011739194356591
1.8345,0.089247549984794,-0.20558425654768,-4.3061496190961e-06,-0.00011664155917831
1.83475,0.091076968194329,-0.22587466142595,-6.113705338058e-06,-0.000115837728375
1.835,0.091793874464828,-0.24613860718926,-7.9031170208572e-06,-0.00011497941489575
1.83525,0.091415851016234,-0.26630561803331,-9.6728102656789e-06,-0.00011406559011037
1.8355,0.089965829589034,-0.28630816772077,-1.1421057385836e-05,-0.00011309524248932
1.83575,0.08747164056832,-0.3060821296752,-1.3145973928268e-05,-0.00011206738757692
1.836,0.083965525376254,-0.32556715685681,-1.4845515175735e-05,-0.00011098107857459
1.83625,0.079483623414613,-0.34470698960328,-1.6517472711133e-05,-0.00010983541763661
1.8365,0.074065444500719,-0.36344969145744,-1.8159471136842e-05,-0.00010862956797471
1.83675,0.067753337108486,-0.38174781466797,-1.9768965057383e-05,-0.00010736276686177
1.837,0.060591961857055,-0.39955849849302,-2.1343236449789e-05,-0.0001060343396167
1.83725,0.052627778641015,-0.41684350463634,-2.2879392563084e-05,-0.00010464371464348
1.8375,0.043908554627295,-0.43356919508702,-2.4374364506125e-05,-0.00010319043958561
1.83775,0.034482899111115,-0.44970645831672,-2.5824906701495e-05,-0.00010167419864366
1.838,0.024399829977285,-0.46523059022368,-2.7227597402035e-05,-0.00010009483108613
1.83825,0.013708375297389,-0.48012113642094,-2.8578840485653e-05,-9.8452350964049e-05
1.8385,0.0024572124446528,-0.49436170247106,-2.9874868762658e-05,-9.6746968014803e-05
1.83875,-0.0093056539465512,-0.50793973850196,-3.1111749047574e-05,-9.4979109712413e-05
1.839,-0.021533174791142,-0.52084630433053,-3.2285389263483e-05,-9.3149444387498e-05
1.83925,-0.034179500563671,-0.53307582080187,-3.3391547860344e-05,-9.1258905301633e-05
1.8395,-0.047200187624486,-0.54462581255551,-3.442584583867e-05,-8.9308715516446e-05
1.83975,-0.060552368532906,-0.55549664688132,-3.5383781674953e-05,-8.7300413348193e-05
1.84,-0.074194888449586,-0.56569127275306,-3.6260749444018e-05,-8.5235878143377e-05
1.84025,-0.088088410045777,-0.57521496354808,-3.7052060424647e-05,-8.3117356050843e-05
1.8405,-0.1021954895468,-0.58407506639292,-3.7752968456463e-05,-8.0947485401347e-05
1.84075,-0.1164806266557,-0.59228076053352,-3.8358699286768e-05,-7.8729321237743e-05
1.841,-0.13091029114141,-0.59984282662197,-3.8864484103908e-05,-7.646635846939e-05
1.84125,-0.14545292884895,-0.60677342834886,-3.9265597397276e-05,-7.416255305499e-05
1.8415,-0.16007894980918,-0.61308590743468,-3.9557399211819e-05,-7.1822340551254e-05
1.84175,-0.17476070100394,-0.61879459262703,-3.9735381775856e-05,-6.9450651303761e-05
1.842,-0.18947242619019,-0.62391462303289,-3.9795220374514e-05,-6.7052921504658e-05
1.84225,-0.20419021501407,-0.62846178584608,-3.9732828217298e-05,-6.4635099303227e-05
1.8425,-0.21889194345898,-0.63245236830546,-3.9544414908092e-05,-6.2203645134712e-05
1.84275,-0.23355720747959,-0.6359030235372,-3.9226547971234e-05,-5.9765525434407e-05
1.843,-0.24816725148115,-0.63883064979031,-3.8776216721307e-05,-5.7328198932627e-05
1.84325,-0.2627048931136,-0.64125228246428,-3.8190897591307e-05,-5.4899594786478e-05
1.8435,-0.27715444566903,-0.64318499824776,-3.746861985975e-05,-5.2488081899657e-05
1.84375,-0.29150163919867,-0.64464583063247,-3.6608030548934e-05,-5.0102428915235e-05
1.844,-0.30573354130516,-0.6456516960343,-3.560845711246e-05,-4.7751754539566e-05
1.84425,-0.31983847841821,-0.64621932973977,-3.4469966399251e-05,-4.5445468067973e-05
1.8445,-0.33380595822696,-0.64636523089682,-3.3193418283578e-05,-4.3193200232323e-05
1.84475,-0.3476265938209,-0.64610561578235,-3.1780512295759e-05,-4.1004724771815e-05
1.845,-0.36129202998272,-0.64545637860165,-3.0233825585445e-05,-3.8889871434002e-05
1.84525,-0.37479487198061,-0.6444330591049,-2.855684060674e-05,-3.6858431432885e-05
1.8455,-0.38812861712338,-0.64305081634109,-2.6753961037495e-05,-3.4920056712272e-05
1.84575,-0.40128758926878,-0.64132440790872,-2.4830514637122e-05,-3.3084154670971e-05
1.846,-0.41426687641248,-0.63926817410361,-2.279274200764e-05,-3.1359780285859e-05
1.84625,-0.42706227143212,-0.63689602640639,-2.0647770546847e-05,-2.9755527802995e-05
1.8465,-0.43967021601491,-0.63422143979448,-1.8403573262133e-05,-2.8279424340346e-05
1.84675,-0.45208774776085,-0.6312574484051,-1.6068912535383e-05,-2.6938827844236e-05
1.847,-0.46431245042195,-0.62801664411644,-1.3653269377538e-05,-2.5740331854661e-05
1.84725,-0.47634240721297,-0.62451117765319,-1.1166759166155e-05,-2.4689679455248e-05
1.8475,-0.48817615711022,-0.62075276185936,-8.6200352994369e-06,-2.3791688609868e-05
1.84775,-0.49981265403835,-0.61675267681706,-6.0241826043514e-06,-2.3050190823259e-05
1.848,-0.51125122883483,-0.61252177652177,-3.3906026834782e-06,-2.2467984716231e-05
1.84825,-0.52249155387288,-0.60807049685612,-7.3089365741247e-07,-2.2046805691073e-05
1.8485,-0.53353361021831,-0.60340886463164,1.9432730577691e-06,-2.1787312398094e-05
1.84875,-0.54437765719289,-0.59854650749447,4.6202762146614e-06,-2.1689090220943e-05
1.849,-0.5550242042157,-0.59349266451466,7.288665735673e-06,-2.1750671500014e-05
1.84925,-0.56547398479378,-0.58825619730021,9.937278665836e-06,-2.1969571732786e-05
1.8495,-0.57572793253607,-0.58284560149718,1.2555347704153e-05,-2.2342340549454e-05
1.84975,-0.58578715906658,-0.57726901855448,1.5132600232534e-05,-2.2864625880541e-05
1.85,-0.5956529337166,-0.57153424764866,1.7659346117104e-05,-2.3531249425258e-05
1.85025,-0.60532666487999,-0.56564875767778,2.0126552956589e-05,-2.4336291305331e-05
1.8505,-0.61480988291985,-0.55961969924705,2.2525907875933e-05,-2.5273181653694e-05
1.85075,-0.62410422452036,-0.55345391657998,2.4849865390205e-05,-2.6334796840701e-05
1.851,-0.633211418382,-0.54715795929923,2.7091681275083e-05,-2.7513558077263e-05
1.85125,-0.642133272164,-0.54073809403062,2.9245432759618e-05,-2.8801530245882e-05
1.8515,-0.65087166058317,-0.53420031579139,3.1306025691511e-05,-3.0190518984924e-05
1.85175,-0.65942851458299,-0.52755035913136,3.3269189605282e-05,-3.1672164274888e-05
1.852,-0.6678058114925,-0.52079370900151,3.5131461844241e-05,-3.3238029033353e-05
1.85225,-0.67600556609909,-0.51393561133011,3.6890162045958e-05,-3.4879681503043e-05
1.8525,-0.68402982256433,-0.50698108329124,3.8543358399461e-05,-3.6588770501594e-05
1.85275,-0.69188064711652,-0.4999349232547,4.0089827124843e-05,-3.8357092880196e-05
1.853,-0.69956012145822,-0.49280172040965,4.1529006618231e-05,-4.0176652801241e-05
1.85325,-0.70707033683102,-0.48558586405783,4.2860947654795e-05,-4.203971268487e-05
1.8535,-0.71441338868413,-0.47829155257431,4.4086260957915e-05,-4.3938835885441e-05
1.85375,-0.72159137189701,-0.4709228020363,4.5206063331993e-05,-4.5866921338101e-05
1.854,-0.72860637650981,-0.46348345452231,4.6221923427922e-05,-4.7817230561614e-05
1.85425,-0.73546048391907,-0.45597718608558,4.7135808071314e-05,-4.9783407516811e-05
1.8545,-0.74215576349884,-0.44840751440688,4.7950029940678e-05,-5.175949190183e-05
1.85475,-0.74869426961102,-0.44077780613302,4.8667197241371e-05,-5.3739926518804e-05
1.855,-0.75507803897072,-0.43309128390817,4.9290165885719e-05,-5.5719559374613e-05
1.85525,-0.76130908833586,-0.42535103310587,4.9821994563351e-05,-5.7693641184792e-05
1.8555,-0.76738941249203,-0.41756000826997,5.0265902971105e-05,-5.9657818938174e-05
1.85575,-0.7733209825062,-0.40972103927342,5.0625233369818e-05,-6.1608126154092e-05
1.856,-0.77910574422497,-0.40183683720384,5.0903415547081e-05,-6.3540970427513e-05
1.85625,-0.78474561699494,-0.39390999998505,5.1103935190078e-05,-6.545311881328e-05
1.8565,-0.79024249258446,-0.38594301774416,5.1230305610989e-05,-6.7341681551567e-05
1.85675,-0.79559823428804,-0.37793827793323,5.1286042717932e-05,-6.9204094585068e-05
1.857,-0.80081467619601,-0.36989807021499,5.1274643086209e-05,-7.1038101266116e-05
1.85725,-0.80589362261334,-0.361824591122,5.119956495647e-05,-7.2841733600532e-05
1.8575,-0.81083684761323,-0.35371994849801,5.1064211966933e-05,-7.4613293325722e-05
1.85775,-0.81564609471196,-0.34558616573086,5.0871919414969e-05,-7.6351333074078e-05
1.858,-0.82032307665287,-0.33742518578539,5.062594283773e-05,-7.8054637829817e-05
1.85825,-0.8248694752881,-0.32923887504505,5.0329448701062e-05,-7.9722206848358e-05
1.8585,-0.82928694154808,-0.32102902697045,4.9985506989655e-05,-8.1353236172189e-05
1.85875,-0.83357709548916,-0.31279736558305,4.959708549825e-05,-8.2947101846121e-05
1.859,-0.83774152641109,-0.30454554878159,4.9167045632979e-05,-8.4503343907671e-05
1.85925,-0.8417817930363,-0.29627517149905,4.8698139542929e-05,-8.6021651204754e-05
1.8595,-0.84569942374415,-0.2879877687072,4.8193008414012e-05,-8.7501847072974e-05
1.85975,-0.8494959168534,-0.27968481827606,4.7654181769975e-05,-8.8943875887851e-05
1.86,-0.85317274094725,-0.27136774369463,4.7084077638256e-05,-9.0347790493461e-05
1.86025,-0.8567313352354,-0.26303791665974,4.6485003451245e-05,-9.1713740497555e-05
1.8605,-0.86017310994841,-0.25469665953909,4.5859157566012e-05,-9.3041961414111e-05
1.86075,-0.8634994467598,-0.24634524771442,4.5208631297577e-05,-9.4332764627214e-05
1.861,-0.86671169923199,-0.23798491181061,4.4535411372169e-05,-9.5586528144705e-05
1.86125,-0.86981119328238,-0.22961683981615,4.3841382717616e-05,-9.6803688106169e-05
1.8615,-0.87279922766635,-0.22124217910021,4.3128331517888e-05,-9.7984731007131e-05
1.86175,-0.87567707447403,-0.2128620383313,4.2397948467966e-05,-9.9130186599671e-05
1.862,-0.87844597963839,-0.20447748930238,4.1651832173532e-05,-0.00010024062142891
1.86225,-0.88110716345216,-0.19608956866677,4.0891492647553e-05,-0.00010131663296472
1.8625,-0.88366182109114,-0.18769927958951,4.0118354862674e-05,-0.00010235884428848
1.86275,-0.88611112314239,-0.17930759331805,3.9333762324428e-05,-0.00010336789929556
1.863,-0.88845621613521,-0.17091545067631,3.8538980635779e-05,-0.00010434445837566
1.86325,-0.89069822307337,-0.16252376348598,3.7735201028325e-05,-0.00010528919453424
1.8635,-0.89283824396739,-0.15413341591839,3.6923543839787e-05,-0.00010620278992042
1.86375,-0.89487735636532,-0.14574526578072,3.6105061921176e-05,-0.0001070859327282
1.864,-0.89681661588118,-0.13736014573936,3.5280743960288e-05,-0.00010793931443973
1.86425,-0.89865705671987,-0.1289788644839,3.4451517711055e-05,-0.00010876362738152
1.8645,-0.90039969219784,-0.1206022078345,3.3618253120779e-05,-0.00010955956256598
1.86475,-0.90204551525859,-0.11223093979537,3.2781765349323e-05,-0.00011032780779284
1.865,-0.90359549898244,-0.10386580355722,3.1942817676249e-05,-0.00011106904598675
1.86525,-0.90505059709004,-0.095507522450952,3.1102124293372e-05,-0.00011178395374886
1.8655,-0.90641174443891,-0.087156800855294,3.0260352981531e-05,-0.00011247320010232
1.86575,-0.90767985751279,-0.078814325060301,2.941812767147e-05,-0.00011313744541282
1.866,-0.90885583490333,-0.070480764089228,2.8576030889643e-05,-0.00011377734046685
1.86625,-0.9099405577838,-0.062156770480595,2.7734606090464e-05,-0.00011439352569217
1.8665,-0.9109348903746,-0.053842981032513,2.6894359877195e-05,-0.00011498663050565
1.86675,-0.91183968040036,-0.045540017511137,2.6055764114076e-05,-0.00011555727277556
1.867,-0.91265575953846,-0.037248487324859,2.5219257932735e-05,-0.00011610605838605
1.86725,-0.9133839438588,-0.028968984166208,2.4385249636195e-05,-0.00011663358089286
1.8675,-0.91402503425478,-0.020702088622717,2.3554118503974e-05,-0.00011714042126031
1.86775,-0.91457981686547,-0.012448368758511,2.272621650198e-05,-0.00011762714767035
1.868,-0.91504906348876,-0.0042083806679809,2.1901869900937e-05,-0.00011809431539563
1.86825,-0.91543353198573,0.0040173309972117,2.1081380807159e-05,-0.00011854246672889
1.8685,-0.91573396667602,0.012228232526197,2.0265028609498e-05,-0.00011897213096211
1.86875,-0.91595109872443,0.020423800671212,1.945307134625e-05,-0.0001193838244092
1.869,-0.91608564651866,0.028603522192652,1.8645746995747e-05,-0.0001197780504668
1.86925,-0.91613831603831,0.036766893425862,1.7843274694338e-05,-0.0001201552997082
1.8695,-0.91610980121525,0.044913419868686,1.704585588532e-05,-0.00012051605000594
1.86975,-0.91600078428541,0.05304261578872,1.6253675402296e-05,-0.00012086076667904
1.87,-0.91581193613214,0.061154003849206,1.5466902490362e-05,-0.0001211899026614
1.87025,-0.91554391662113,0.069247114752898,1.4685691768341e-05,-0.00012150389868794
1.8705,-0.91519737492722,0.077321486902777,1.3910184135224e-05,-0.0001218031834959
1.87075,-0.91477294985304,0.085376666079013,1.3140507623815e-05,-0.00012208817403835
1.871,-0.91427127013973,0.093412205131301,1.2376778204449e-05,-0.00012235927570807
1.87125,-0.91369295476975,0.10142766368577,1.1619100541559e-05,-0.00012261688256933
1.8715,-0.91303861326211,0.10942260786593,1.0867568705688e-05,-0.00012286137759614
1.87175,-0.91230884595996,0.11739661002681,1.0122266843476e-05,-0.00012309313291507
1.872,-0.91150424431085,0.12534924850182,9.3832698079774e-06,-0.00012331251005144
1.87225,-0.91062539113976,0.13328010736162,8.6506437515817e-06,-0.00012351986017751
1.8725,-0.90967286091491,0.14118877618438,7.9244466836847e-06,-0.00012371552436166
1.87275,-0.90864722000675,0.14907484983708,7.2047289951263e-06,-0.00012389983381754
1.873,-0.90754902694018,0.1569379282672,6.4915339513366e-06,-0.00012407311015234
1.87325,-0.90637883263993,0.16477761630419,5.7848981560046e-06,-0.00012423566561357
1.8735,-0.9051371806697,0.17259352347058,5.0848519869886e-06,-0.00012438780333355
1.87375,-0.90382460746474,0.18038526380196,4.3914200060971e-06,-0.00012452981757126
1.874,-0.9024416425584,0.18815245567548,3.7046213442805e-06,-0.00012466199395087
1.87425,-0.9009888088025,0.19589472164673,3.0244700636697e-06,-0.00012478460969679
1.8745,-0.8994666225819,0.2036116882942,2.3509754978464e-06,-0.00012489793386475
1.87475,-0.89787559402323,0.21130298607124,1.6841425716157e-06,-0.00012500222756862
1.875,-0.89621622719807,0.21896824916516,1.0239721015061e-06,-0.00012509774420296
1.87525,-0.89448902032064,0.22660711536291,3.7046107813891e-07,-0.00012518472966082
1.8755,-0.89269446594006,0.23421922592335,-2.763970684644e-07,-0.00012526342254687
1.87575,-0.89083305112761,0.24180422545559,-9.166122196061e-07,-0.00012533405438574
1.876,-0.88890525765864,0.2493617618031,-1.5501973337344e-06,-0.00012539684982529
1.87625,-0.88691156218986,0.25689148593355,-2.177168226452e-06,-0.00012545202683505
1.8765,-0.88485243643154,0.2643930518338,-2.797543363867e-06,-0.00012549979689963
1.87675,-0.88272834731519,0.27186611641005,-3.4113436685019e-06,-0.00012554036520705
1.877,-0.88053975715664,0.27931033939279,-4.0185923370046e-06,-0.00012557393083222
1.87725,-0.87828712381467,0.28672538324639,-4.6193146689609e-06,-0.00012560068691531
1.8775,-0.87597090084534,0.29411091308303,-5.2135379061535e-06,-0.00012562082083536
1.87775,-0.87359153765207,0.30146659658087,-5.8012910816398e-06,-0.00012563451437888
1.878,-0.87114947963174,0.30879210390616,-6.3826048780702e-06,-0.00012564194390379
1.87825,-0.86864516831666,0.3160871076393,-6.9575114946987e-06,-0.00012564328049849
1.8785,-0.86607904151277,0.32335128270434,-7.5260445225639e-06,-0.00012563869013641
1.87875,-0.86345153343408,0.33058430630208,-8.0882388273694e-06,-0.00012562833382594
1.879,-0.86076307483339,0.3377858578465,-8.6441304395903e-06,-0.00012561236775587
1.87925,-0.8580140931295,0.34495561890424,-9.1937564513963e-06,-0.00012559094343646
1.8795,-0.85520501253093,0.35209327313722,-9.7371549199793e-06,-0.0001255642078363
1.87975,-0.85233625415629,0.35919850624802,-1.0274364776906e-05,-0.00012553230351483
1.88,-0.84940823615136,0.36627100592808,-1.0805425743148e-05,-0.00012549536875095
1.88025,-0.84642137380303,0.37331046180854,-1.1330378249455e-05,-0.00012545353766753
1.8805,-0.8433760796501,0.38031656541343,-1.1849263361745e-05,-0.00012540694035206
1.88075,-0.84027276359112,0.38728901011547,-1.2362122711236e-05,-0.00012535570297356
1.881,-0.83711183298926,0.39422749109394,-1.2868998429035e-05,-0.00012529994789577
1.88125,-0.83389369277442,0.40113170529482,-1.3369933084904e-05,-0.0001252397937868
1.8815,-0.83061874554247,0.40800135139306,-1.3864969630003e-05,-0.00012517535572526
1.88175,-0.82728739165199,0.41483612975665,-1.4354151343331e-05,-0.00012510674530303
1.882,-0.82390002931818,0.42163574241273,-1.483752178168e-05,-0.00012503407072479
1.88225,-0.82045705470444,0.42839989301549,-1.5315124732897e-05,-0.00012495743690432
1.8825,-0.81695886201143,0.43512828681568,-1.5787004172238e-05,-0.00012487694555772
1.88275,-0.81340584356366,0.4418206306319,-1.6253204221674e-05,-0.00012479269529363
1.883,-0.80979838989394,0.44847663282333,-1.6713769111942e-05,-0.00012470478170058
1.88325,-0.80613688982541,0.45509600326405,-1.7168743147207e-05,-0.00012461329743148
1.8835,-0.80242173055152,0.46167845331874,-1.7618170672176e-05,-0.00012451833228543
1.88375,-0.79865329771378,0.46822369581974,-1.8062096041525e-05,-0.00012441997328681
1.884,-0.79483197547757,0.47473144504542,-1.8500563591505e-05,-0.0001243183047619
1.88425,-0.79095814660581,0.48120141669982,-1.8933617613617e-05,-0.00012421340841297
1.8845,-0.78703219253087,0.48763332789338,-1.9361302330206e-05,-0.00012410536338996
1.88475,-0.78305449342442,0.49402689712489,-1.9783661871909e-05,-0.00012399424635987
1.885,-0.77902542826556,0.50038184426455,-2.0200740256817e-05,-0.00012388013157386
1.88525,-0.77494537490719,0.5066978905379,-2.0612581371269e-05,-0.00012376309093224
1.8855,-0.77081471014056,0.51297475851088,-2.1019228952191e-05,-0.00012364319404725
1.88575,-0.76663380975827,0.51921217207581,-2.1420726570886e-05,-0.00012352050830391
1.886,-0.76240304861556,0.52540985643817,-2.1817117618191e-05,-0.0001233950989188
1.88625,-0.7581228006901,0.53156753810437,-2.2208445290945e-05,-0.00012326702899702
1.8865,-0.75379343914021,0.53768494487022,-2.2594752579665e-05,-0.00012313635958725
1.88675,-0.7494153363616,0.54376180581027,-2.29760822574e-05,-0.000123003149735
1.887,-0.74498886404274,0.54979785126779,-2.335247686966e-05,-0.00012286745653422
1.88725,-0.74051439321878,0.55579281284561,-2.3723978725402e-05,-0.00012272933517716
1.8875,-0.73599229432411,0.5617464233975,-2.409062988898e-05,-0.00012258883900266
1.88775,-0.73142293724373,0.56765841702026,-2.4452472173031e-05,-0.00012244601954284
1.888,-0.72680669136319,0.57352852904644,-2.480954713224e-05,-0.00012230092656832
1.88825,-0.72214392561744,0.57935649603766,-2.5161896057937e-05,-0.00012215360813197
1.8885,-0.71743500853844,0.58514205577843,-2.550955997348e-05,-0.00012200411061121
1.88875,-0.71268030830161,0.59088494727056,-2.5852579630389e-05,-0.00012185247874899
1.889,-0.70788019277119,0.59658491072818,-2.6190995505194e-05,-0.00012169875569345
1.88925,-0.70303502954451,0.60224168757303,-2.6524847796945e-05,-0.00012154298303628
1.8895,-0.69814518599523,0.60785502043046,-2.6854176425381e-05,-0.00012138520084984
1.88975,-0.69321102931553,0.61342465312575,-2.7179021029685e-05,-0.00012122544772314
1.89,-0.68823292655739,0.6189503306809,-2.7499420967838e-05,-0.00012106376079661
1.89025,-0.68321124467284,0.62443179931186,-2.7815415316511e-05,-0.00012090017579578
1.8905,-0.67814635055339,0.62986880642609,-2.8127042871488e-05,-0.00012073472706393
1.89075,-0.67303861106847,0.63526110062063,-2.8434342148586e-05,-0.00012056744759359
1.891,-0.6678883931031,0.64060843168039,-2.8737351385052e-05,-0.00012039836905715
1.89125,-0.66269606359469,0.64591055057693,-2.9036108541422e-05,-0.00012022752183647
1.8915,-0.65746198956905,0.65116720946748,-2.9330651303805e-05,-0.00012005493505149
1.89175,-0.65218653817563,0.65637816169431,-2.9621017086594e-05,-0.00011988063658801
1.892,-0.64687007672201,0.6615431617845,-2.990724303557e-05,-0.0001197046531246
1.89225,-0.64151297270764,0.66666196544988,-3.0189366031396e-05,-0.0001195270101586
1.8925,-0.63611559385697,0.67173432958737,-3.0467422693468e-05,-0.00011934773203136
1.89275,-0.63067830815179,0.67676001227953,-3.0741449384126e-05,-0.00011916684195271
1.893,-0.62520148386305,0.68173877279546,-3.1011482213213e-05,-0.00011898436202461
1.89325,-0.61968548958191,0.68667037159189,-3.1277557042943e-05,-0.00011880031326412
1.8935,-0.61413069425034,0.69155457031457,-3.1539709493106e-05,-0.00011861471562568
1.89375,-0.60853746719103,0.6963911317999,-3.1797974946561e-05,-0.00011842758802267
1.894,-0.60290617813678,0.7011798200768,-3.2052388555042e-05,-0.00011823894834831
1.89425,-0.59723719725935,0.70592040036884,-3.2302985245235e-05,-0.000118048813496
1.8945,-0.5915308951978,0.71061263909653,-3.2549799725144e-05,-0.00011785719937901
1.89475,-0.58578764308632,0.71525630387993,-3.2792866490728e-05,-0.00011766412094958
1.895,-0.58000781258157,0.71985116354142,-3.303221983279e-05,-0.00011746959221745
1.89525,-0.57419177588962,0.72439698810867,-3.3267893844142e-05,-0.00011727362626793
1.8955,-0.56833990579232,0.7288935488179,-3.3499922427001e-05,-0.0001170762352794
1.89575,-0.56245257567342,0.73334061811726,-3.3728339300647e-05,-0.00011687743054028
1.896,-0.55653015954413,0.73773796967044,-3.3953178009311e-05,-0.00011667722246559
1.89625,-0.55057303206836,0.74208537836056,-3.4174471930304e-05,-0.00011647562061307
1.8965,-0.5445815685876,0.7463826202941,-3.4392254282374e-05,-0.00011627263369879
1.89675,-0.53855614514539,0.75062947280521,-3.4606558134298e-05,-0.00011606826961244
1.897,-0.53249713851148,0.75482571446005,-3.4817416413691e-05,-0.00011586253543214
1.89725,-0.52640492620569,0.75897112506145,-3.5024861916037e-05,-0.00011565543743894
1.8975,-0.52027988652137,0.76306548565371,-3.5228927313947e-05,-0.00011544698113096
1.89775,-0.51412239854867,0.76710857852758,-3.5429645166624e-05,-0.00011523717123716
1.898,-0.50793284219743,0.77110018722548,-3.5627047929546e-05,-0.00011502601173081
1.89825,-0.50171159821985,0.77504009654686,-3.5821167964365e-05,-0.00011481350584267
1.8985,-0.49545904823293,0.77892809255376,-3.6012037549005e-05,-0.00011459965607391
1.89875,-0.48917557474054,0.78276396257667,-3.6199688887985e-05,-0.00011438446420867
1.899,-0.48286156115543,0.78654749522045,-3.6384154122934e-05,-0.00011416793132652
1.89925,-0.47651739182088,0.79027848037044,-3.6565465343325e-05,-0.00011395005781457
1.8995,-0.47014345203217,0.79395670919895,-3.6743654597405e-05,-0.00011373084337942
1.89975,-0.46374012805796,0.79758197417174,-3.6918753903335e-05,-0.00011351028705892
1.9,-0.45730780716128,0.80115406905485,-3.709079526053e-05,-0.00011328838723377
1.90025,-0.45084687762051,0.80467278892151,-3.7259810661207e-05,-0.0001130651416389
1.9005,-0.44435772875016,0.80813793015943,-3.7425832102126e-05,-0.00011284054737475
1.90075,-0.43784075092142,0.81154929047813,-3.758889159654e-05,-0.00011261460091847
1.901,-0.43129633558261,0.81490666891655,-3.7749021186343e-05,-0.00011238729813493
1.90125,-0.42472487527957,0.81820986585095,-3.7906252954414e-05,-0.00011215863428766
1.9015,-0.41812676367571,0.82145868300291,-3.806061903717e-05,-0.00011192860404982
1.90175,-0.41150239557219,0.82465292344767,-3.8212151637299e-05,-0.00011169720151495
1.902,-0.4048521669278,0.82779239162261,-3.8360883036712e-05,-0.0001114644202078
1.90225,-0.3981764748788,0.83087689333599,-3.8506845609672e-05,-0.00011123025309515
1.9025,-0.39147571775874,0.83390623577598,-3.8650071836129e-05,-0.00011099469259651
1.90275,-0.38475029511795,0.83688022751992,-3.8790594315243e-05,-0.00011075773059498
1.903,-0.37800060774328,0.83979867854373,-3.8928445779103e-05,-0.00011051935844808
1.90325,-0.37122705767747,0.84266140023176,-3.9063659106628e-05,-0.0001102795669986
1.9035,-0.36443004823864,0.84546820538669,-3.9196267337668e-05,-0.00011003834658557
1.90375,-0.35760998403957,0.8482189082399,-3.9326303687276e-05,-0.00010979568705532
1.904,-0.35076727100708,0.85091332446193,-3.9453801560179e-05,-0.00010955157777262
1.90425,-0.34390231640118,0.85355127117343,-3.9578794565417e-05,-0.00010930600763198
1.9045,-0.33701552883431,0.85613256695611,-3.9701316531162e-05,-0.00010905896506905
1.90475,-0.33010731829048,0.8586570318643,-3.9821401519713e-05,-0.00010881043807224
1.905,-0.3231780961444,0.86112448743651,-3.9939083842662e-05,-0.00010856041419447
1.90525,-0.31622827518046,0.86353475670762,-4.0054398076215e-05,-0.00010830888056519
1.9055,-0.30925826961187,0.86588766422097,-4.0167379076686e-05,-0.00010805582390254
1.90575,-0.30226849509959,0.86818303604122,-4.0278061996136e-05,-0.00010780123052585
1.906,-0.2952593687714,0.87042069976717,-4.0386482298165e-05,-0.0001075450863683
1.90625,-0.28823130924076,0.87260048454513,-4.0492675773845e-05,-0.00010728737698996
1.9065,-0.28118473662583,0.87472222108255,-4.0596678557786e-05,-0.00010702808759105
1.90675,-0.27412007256841,0.87678574166198,-4.0698527144336e-05,-0.00010676720302561
1.907,-0.2670377402527,0.87879088015553,-4.0798258403888e-05,-0.00010650470781544
1.90725,-0.25993816442445,0.8807374720394,-4.0895909599309e-05,-0.00010624058616446
1.9075,-0.2528217714096,0.88262535440916,-4.099151840246e-05,-0.00010597482197341
1.90775,-0.24568898913329,0.88445436599512,-4.1085122910807e-05,-0.000105707398855
1.908,-0.23854024713877,0.88622434717821,-4.1176761664111e-05,-0.0001054383001495
1.90825,-0.23137597660605,0.88793514000628,-4.1266473661185e-05,-0.0001051675089407
1.9085,-0.22419661037099,0.88958658821071,-4.1354298376692e-05,-0.00010489500807247
1.90875,-0.21700258294398,0.89117853722357,-4.1440275777994e-05,-0.0001046207801657
1.909,-0.20979433052882,0.89271083419507,-4.1524446342013e-05,-0.0001043448076358
1.90925,-0.20257229104157,0.89418332801155,-4.1606851072104e-05,-0.00010406707271078
1.9095,-0.19533690412925,0.8955958693139,-4.168753151491e-05,-0.00010378755744982
1.90975,-0.18808861118879,0.89694831051635,-4.1766529777191e-05,-0.00010350624376249
1.91,-0.18082785538564,0.8982405058258,-4.1843888542601e-05,-0.00010322311342847
1.91025,-0.17355508167269,0.89947231126164,-4.1919651088398e-05,-0.00010293814811804
1.9105,-0.16627073680886,0.90064358467601,-4.1993861302053e-05,-0.00010265132941309
1.91075,-0.15897526937792,0.90175418577451,-4.2066563697749e-05,-0.00010236263882885
1.911,-0.1516691298072,0.90280397613752,-4.2137803432736e-05,-0.00010207205783631
1.91125,-0.14435277038617,0.90379281924196,-4.2207626323517e-05,-0.00010177956788535
1.9115,-0.13702664528513,0.90472058048357,-4.2276078861845e-05,-0.00010148515042855
1.91175,-0.12969121057379,0.90558712719977,-4.2343208230484e-05,-0.00010118878694583
1.912,-0.12234692423984,0.90639232869298,-4.2409062318728e-05,-0.00010089045896976
1.91225,-0.11499424620742,0.90713605625463,-4.2473689737624e-05,-0.00010059014811175
1.9125,-0.10763363835566,0.90781818318953,-4.253713983488e-05,-0.00010028783608896
1.91275,-0.100265564537,0.90843858484103,-4.2599462709412e-05,-9.998350475208e-05
1.913,-0.092890490595501,0.90899713861663,-4.2660709225504e-05,-9.9677136113927e-05
1.91325,-0.085508884385284,0.90949372401418,-4.272093102653e-05,-9.9368712378883e-05
1.9135,-0.078121215788502,0.90992822264879,-4.2780180548215e-05,-9.905821597321e-05
1.91375,-0.070727956733603,0.91030051828022,-4.2838511031372e-05,-9.8745629576237e-05
1.914,-0.063329581213296,0.910610496841,-4.2895976534089e-05,-9.8430936152435e-05
1.91425,-0.05592656530244,0.91085804646513,-4.2952631943313e-05,-9.8114118984384e-05
1.9145,-0.048519387175941,0.91104305751746,-4.3008532985784e-05,-9.7795161706656e-05
1.91475,-0.041108527126349,0.91116542262366,-4.3063736238274e-05,-9.7474048340605e-05
1.915,-0.0336944675815,0.91122503670099,-4.3118299137075e-05,-9.7150763330078e-05
1.91525,-0.026277693121935,0.91122179698958,-4.3172279986691e-05,-9.6825291578048e-05
1.9155,-0.018858690498161,0.91115560308455,-4.3225737967673e-05,-9.6497618484173e-05
1.91575,-0.011437948647831,0.91102635696872,-4.3278733143552e-05,-9.6167729983277e-05
1.916,-0.0040159587126921,0.91083396304606,-4.3331326466793e-05,-9.583561258475e-05
1.91625,0.0034067859446225,0.91057832817594,-4.3383579783744e-05,-9.5501253412869e-05
1.9165,0.010829789723975,0.91025936170797,-4.3435555838481e-05,-9.5164640248017e-05
1.91675,0.018252554771337,0.90987697551767,-4.3487318275523e-05,-9.4825761568809e-05
1.917,0.025674580962583,0.9094310840429,-4.3538931641329e-05,-9.4484606595095e-05
1.91725,0.033095365887529,0.908921604321,-4.359046138453e-05,-9.4141165331829e-05
1.9175,0.040514404834243,0.90834845602672,-4.3641973854815e-05,-9.3795428613793e-05
1.91775,0.047931190773523,0.90771156151097,-4.3693536300417e-05,-9.3447388151137e-05
1.918,0.05534521434375,0.90701084584027,-4.3745216864132e-05,-9.3097036575716e-05
1.91825,0.062755963835934,0.90624623683711,-4.379708457779e-05,-9.2744367488203e-05
1.9185,0.070162925179113,0.90541766512106,-4.3849209355121e-05,-9.238937550593e-05
1.91875,0.077565581926078,0.90452506415067,-4.3901661982946e-05,-9.2032056311417e-05
1.919,0.084963415239362,0.90356837026631,-4.3954514110613e-05,-9.1672406701569e-05
1.91925,0.09235590387764,0.9025475227337,-4.4007838237626e-05,-9.1310424637464e-05
1.9195,0.099742524182498,0.9014624637884,-4.406170769937e-05,-9.0946109294711e-05
1.91975,0.10712275006553,0.90031313868115,-4.4116196650899e-05,-9.0579461114293e-05
1.92,0.11449605299587,0.89909949572401,-4.4171380048678e-05,-9.0210481853861e-05
1.92025,0.12186190198822,0.89782148633741,-4.4227333630244e-05,-8.9839174639397e-05
1.9205,0.1292197635911,0.8964790650981,-4.4284133891697e-05,-8.9465544017183e-05
1.92075,0.13656910187589,0.89507218978799,-4.4341858062963e-05,-8.9089596005996e-05
1.921,0.14390937842602,0.89360082144382,-4.4400584080768e-05,-8.8711338149457e-05
1.92125,0.15124005232688,0.89206492440786,-4.446039055925e-05,-8.8330779568438e-05
1.9215,0.15856058015617,0.8904644663794,-4.452135675816e-05,-8.7947931013445e-05
1.92175,0.16587041597482,0.8887994184672,-4.4583562548583e-05,-8.7562804916872e-05
1.922,0.17316901131849,0.88706975524295,-4.4647088376135e-05,-8.7175415445036e-05
1.92225,0.1804558151896,0.8852754547955,-4.4712015221571e-05,-8.6785778549873e-05
1.9225,0.18773027405001,0.8834164987862,-4.4778424558775e-05,-8.6393912020191e-05
1.92275,0.19499183181446,0.88149287250504,-4.4846398310068e-05,-8.5999835532361e-05
1.923,0.20223992984445,0.87950456492786,-4.4916018798803e-05,-8.560357070032e-05
1.92325,0.20947400694298,0.87745156877443,-4.4987368699219e-05,-8.5205141124761e-05
1.9235,0.21669349934993,0.87533388056749,-4.5060530983514e-05,-8.480457244137e-05
1.92375,0.22389784073822,0.87315150069287,-4.5135588866118e-05,-8.4401892367986e-05
1.924,0.23108646221073,0.87090443346038,-4.5212625745154e-05,-8.3997130750525e-05
1.92425,0.23825879229804,0.86859268716586,-4.5291725141061e-05,-8.3590319607524e-05
1.9245,0.2454142569569,0.8662162741541,-4.5372970632401e-05,-8.3181493173164e-05
1.92475,0.25255227956972,0.86377521088273,-4.5456445788821e-05,-8.2770687938601e-05
1.925,0.25967228094477,0.86126951798715,-4.5542234101217e-05,-8.2357942691458e-05
1.92525,0.26677367931745,0.85869922034635,-4.5630418909094e-05,-8.1943298553304e-05
1.9255,0.2738558903523,0.85606434714984,-4.5721083325161e-05,-8.1526799014954e-05
1.92575,0.28091832714635,0.85336493196538,-4.5814310157205e-05,-8.1108489969445e-05
1.926,0.28796040023298,0.85060101280785,-4.5910181827283e-05,-8.0688419742474e-05
1.92625,0.29498151758725,0.847772632209,-4.6008780288293e-05,-8.0266639120169e-05
1.9265,0.30198108463211,0.84487983728823,-4.6110186937997e-05,-7.9843201373988e-05
1.92675,0.30895850424562,0.84192267982423,-4.6214482530573e-05,-7.9418162282596e-05
1.927,0.31591317676969,0.83890121632779,-4.6321747085783e-05,-7.8991580150526e-05
1.92725,0.32284450001944,0.83581550811536,-4.6432059795859e-05,-7.8563515823465e-05
1.9275,0.32975186929419,0.83266562138369,-4.6545498930233e-05,-7.8134032699991e-05
1.92775,0.33663467738963,0.82945162728539,-4.6662141738213e-05,-7.7703196739586e-05
1.928,0.34349231461102,0.8261736020055,-4.6782064349764e-05,-7.7271076466768e-05
1.92825,0.35032416878812,0.82283162683882,-4.6905341674528e-05,-7.6837742971177e-05
1.9285,0.35712962529102,0.81942578826838,-4.7032047299254e-05,-7.6403269903451e-05
1.92875,0.36390806704768,0.81595617804472,-4.71622533838e-05,-7.5967733466752e-05
1.929,0.37065887456282,0.81242289326604,-4.7296030555898e-05,-7.5531212403788e-05
1.92925,0.37738142593811,0.80882603645946,-4.7433447804887e-05,-7.5093787979199e-05
1.9295,0.38407509689423,0.8051657156628,-4.75745723746e-05,-7.465554395717e-05
1.92975,0.39073926079389,0.80144204450774,-4.7719469655646e-05,-7.4216566574158e-05
1.93,0.39737328866721,0.79765514230321,-4.7868203077306e-05,-7.3776944506618e-05
1.93025,0.403976549238,0.79380513412028,-4.8020833999284e-05,-7.333676883363e-05
1.9305,0.41054840895195,0.78989215087744,-4.8177421603572e-05,-7.2896132994339e-05
1.93075,0.41708823200699,0.78591632942683,-4.8338022786679e-05,-7.2455132740131e-05
1.931,0.42359538038429,0.7818778126412,-4.8502692052499e-05,-7.2013866081489e-05
1.93125,0.43006921388235,0.77777674950182,-4.8671481406099e-05,-7.1572433229474e-05
1.9315,0.43650909015198,0.77361329518703,-4.8844440248703e-05,-7.1130936531805e-05
1.93175,0.44291436473355,0.76938761116136,-4.9021615274171e-05,-7.0689480403523e-05
1.932,0.44928439109588,0.76509986526577,-4.9203050367266e-05,-7.0248171252236e-05
1.93225,0.45561852067753,0.76075023180808,-4.938878650402e-05,-6.9807117397964e-05
1.9325,0.46191610292957,0.75633889165443,-4.957886165448e-05,-6.9366428987625e-05
1.93275,0.46817648536087,0.75186603232129,-4.9773310688181e-05,-6.8926217904207e-05
1.933,0.47439901358486,0.7473318480679,-4.9972165282612e-05,-6.848659767072e-05
1.93325,0.48058303136917,0.74273653998946,-5.0175453835017e-05,-6.8047683348988e-05
1.9335,0.48672788068672,0.73808031611099,-5.0383201377823e-05,-6.7609591433432e-05
1.93375,0.49283290176962,0.73336339148109,-5.0595429497996e-05,-6.7172439739952e-05
1.934,0.49889743316473,0.72858598826715,-5.0812156260648e-05,-6.6736347290059e-05
1.93425,0.50492081179216,0.72374833585001,-5.1033396137154e-05,-6.6301434190459e-05
1.9345,0.5109023730054,0.71885067091964,-5.1259159938107e-05,-6.5867821508236e-05
1.93475,0.51684145065452,0.7138932375712,-5.1489454751359e-05,-6.5435631141893e-05
1.935,0.52273737715128,0.70887628740069,-5.172428388544e-05,-6.5004985688451e-05
1.93525,0.52858948353685,0.70380007960209,-5.1963646818599e-05,-6.4576008306866e-05
1.9355,0.53439709955237,0.69866488106363,-5.220753915372e-05,-6.4148822578036e-05
1.93575,0.54015955371138,0.6934709664646,-5.2455952579353e-05,-6.3723552361687e-05
1.936,0.54587617337544,0.68821861837289,-5.2708874837053e-05,-6.3300321650432e-05
1.93625,0.55154628483224,0.68290812734146,-5.2966289695257e-05,-6.2879254421322e-05
1.9365,0.55716921337615,0.67753979200615,-5.3228176929856e-05,-6.2460474485245e-05
1.93675,0.56274428339157,0.67211391918243,-5.3494512311641e-05,-6.2044105334485e-05
1.937,0.56827081843941,0.66663082396249,-5.3765267600754e-05,-6.1630269988841e-05
1.93725,0.5737481413458,0.66109082981249,-5.4040410548276e-05,-6.1219090840644e-05
1.9375,0.57917557429394,0.65549426866921,-5.4319904905039e-05,-6.0810689499079e-05
1.93775,0.58455243891884,0.6498414810365,-5.4603710437745e-05,-6.0405186634187e-05
1.938,0.58987805640467,0.64413281608178,-5.4891782952445e-05,-6.0002701820948e-05
1.93825,0.59515174758586,0.63836863173169,-5.5184074325396e-05,-5.960335338386e-05
1.9385,0.60037283304965,0.63254929476777,-5.548053254131e-05,-5.9207258242394e-05
1.93875,0.60554063324336,0.6266751809213,-5.5781101738956e-05,-5.8814531757758e-05
1.939,0.61065446858373,0.62074667496783,-5.6085722264093e-05,-5.8425287581362e-05
1.93925,0.61571365956947,0.61476417082078,-5.6394330729617e-05,-5.80396375054e-05
1.9395,0.62071752689691,0.60872807162482,-5.6706860082874e-05,-5.7657691315933e-05
1.93975,0.62566539157922,0.60263878984765,-5.7023239679966e-05,-5.7279556648899e-05
1.94,0.63055657506799,0.59649674737196,-5.7343395366929e-05,-5.6905338849414e-05
1.94025,0.63539039937895,0.59030237558563,-5.7667249567601e-05,-5.6535140834744e-05
1.9405,0.64016618721991,0.58405611547112,-5.7994721377969e-05,-5.6169062961347e-05
1.94075,0.644883262123,0.57775841769415,-5.8325726666795e-05,-5.5807202896299e-05
1.941,0.64954094857919,0.57140974269058,-5.8660178182253e-05,-5.5449655493485e-05
1.94125,0.65413857217702,0.56501056075237,-5.899798566433e-05,-5.5096512674853e-05
1.9415,0.65867545974369,0.55856135211216,-5.9339055962693e-05,-5.4747863317071e-05
1.94175,0.66315093949034,0.55206260702644,-5.968329315972e-05,-5.4403793143838e-05
1.942,0.66756434116005,0.54551482585685,-6.0030598698382e-05,-5.4064384624168e-05
1.94225,0.6719149961798,0.53891851915042,-6.0380871514619e-05,-5.3729716876856e-05
1.9425,0.67620223781487,0.53227420771746,-6.0734008173871e-05,-5.3399865581384e-05
1.94275,0.68042540132783,0.52558242270793,-6.1089903011403e-05,-5.3074902895452e-05
1.943,0.68458382413976,0.51884370568609,-6.1448448276025e-05,-5.2754897379335e-05
1.94325,0.6886768459958,0.5120586087025,-6.1809534276844e-05,-5.2439913927201e-05
1.9435,0.69270380913336,0.50522769436463,-6.2173049532638e-05,-5.2130013705552e-05
1.94375,0.69666405845426,0.49835153590451,-6.2538880923462e-05,-5.182525409886e-05
1.944,0.70055694169969,0.49143071724476,-6.2906913844069e-05,-5.1525688662512e-05
1.94425,0.70438180962951,0.48446583306144,-6.3277032358757e-05,-5.1231367083102e-05
1.9445,0.70813801620357,0.47745748884495,-6.3649119357214e-05,-5.0942335146102e-05
1.94475,0.71182491876777,0.47040630095789,-6.4023056710973e-05,-5.0658634710926e-05
1.945,0.71544187824241,0.46331289669024,-6.4398725430063e-05,-5.0380303693354e-05
1.94525,0.71898825931468,0.45617791431158,-6.4776005819462e-05,-5.0107376055284e-05
1.9455,0.72246343063353,0.4490020031207,-6.5154777634954e-05,-4.9839881801735e-05
1.94575,0.7258667650091,0.44178582349115,-6.5534920238023e-05,-4.9577846985012e-05
1.946,0.72919763961399,0.4345300469149,-6.5916312749382e-05,-4.9321293715919e-05
1.94625,0.73245543618897,0.42723535604117,-6.6298834200799e-05,-4.9070240181881e-05
1.9465,0.73563954125108,0.41990244471298,-6.6682363684854e-05,-4.8824700671818e-05
1.94675,0.73874934630529,0.41253201799933,-6.7066780502298e-05,-4.8584685607605e-05
1.947,0.74178424805931,0.40512479222412,-6.7451964306677e-05,-4.8350201581904e-05
1.94725,0.74474364864083,0.397681494991,-6.7837795245933e-05,-4.8121251402174e-05
1.9475,0.74762695581896,0.39020286520415,-6.8224154100675e-05,-4.7897834140619e-05
1.94775,0.75043358322753,0.38268965308536,-6.861092241885e-05,-4.7679945189844e-05
1.948,0.75316295059171,0.37514262018655,-6.899798264657e-05,-4.746757632395e-05
1.94825,0.75581448395774,0.36756253939807,-6.9385218254838e-05,-4.7260715764813e-05
1.9485,0.75838761592502,0.35995019495259,-6.9772513861975e-05,-4.7059348253265e-05
1.94875,0.76088178588112,0.35230638242433,-7.0159755351541e-05,-4.6863455124885e-05
1.949,0.76329644023947,0.34463190872366,-7.054682998557e-05,-4.6673014390124e-05
1.94925,0.76563103267952,0.33692759208684,-7.0933626512966e-05,-4.648800081845e-05
1.9495,0.76788502438934,0.32919426206087,-7.1320035272925e-05,-4.6308386026211e-05
1.94975,0.77005788431076,0.32143275948314,-7.170594829325e-05,-4.6134138567916e-05
1.95,0.77214908938669,0.31364393645605,-7.2091259383481e-05,-4.5965224030628e-05
