1.7,0.6812860010369,0.68768776007154,-2.5505589487971e-05,1.8204860016594e-05
1.70025,0.68554373941133,0.68338400283299,-2.5418456110344e-05,1.8351910161366e-05
1.7005,0.68977530073549,0.67905259438708,-2.5330784463979e-05,1.8498976185016e-05
1.70075,0.69398049488609,0.67469368994658,-2.5242572557757e-05,1.864605655823e-05
1.701,0.69815913270427,0.67030744602128,-2.5153818394414e-05,1.8793149737574e-05
1.70125,0.70231102600351,0.66589402041075,-2.5064519970535e-05,1.8940254165373e-05
1.7015,0.70643598757743,0.6614535721971,-2.497467527655e-05,1.9087368269589e-05
1.70175,0.71053383120753,0.65698626173774,-2.4884282296721e-05,1.9234490463694e-05
1.702,0.71460437167087,0.65249225065803,-2.4793339009142e-05,1.9381619146551e-05
1.70225,0.71864742474763,0.64797170184398,-2.4701843385726e-05,1.9528752702281e-05
1.7025,0.72266280722862,0.64342477943486,-2.4609793392202e-05,1.9675889500137e-05
1.70275,0.72665033692276,0.63885164881583,-2.4517186988108e-05,1.982302789438e-05
1.703,0.7306098326644,0.6342524766105,-2.4424022126784e-05,1.9970166224144e-05
1.70325,0.73454111432066,0.6296274306735,-2.4330296755366e-05,2.0117302813304e-05
1.7035,0.73844400279862,0.62497668008298,-2.4236008814779e-05,2.0264435970347e-05
1.70375,0.74231832005245,0.62030039513313,-2.4141156239735e-05,2.0411563988236e-05
1.704,0.74616388909057,0.61559874732666,-2.4045736958724e-05,2.0558685144273e-05
1.70425,0.74998053398253,0.61087190936723,-2.394974889401e-05,2.0705797699964e-05
1.7045,0.75376807986606,0.6061200551519,-2.3853189961624e-05,2.0852899900882e-05
1.70475,0.75752635295386,0.6013433597635,-2.3756058071362e-05,2.0999989976524e-05
1.705,0.76125518054038,0.59654199946309,-2.3658351126779e-05,2.1147066140171e-05
1.70525,0.7649543910086,0.59171615168224,-2.3560067025183e-05,2.129412658875e-05
1.7055,0.7686238138366,0.58686599501543,-2.3461203657634e-05,2.1441169502682e-05
1.70575,0.77226327960418,0.58199170921238,-2.3361758908935e-05,2.1588193045742e-05
1.706,0.77587261999936,0.57709347517031,-2.3261730657632e-05,2.1735195364912e-05
1.70625,0.77945166782478,0.57217147492631,-2.3161116776011e-05,2.1882174590231e-05
1.7065,0.78300025700411,0.56722589164953,-2.305991513009e-05,2.2029128834645e-05
1.70675,0.78651822258831,0.56225690963351,-2.2958123579619e-05,2.2176056193855e-05
1.707,0.79000540076185,0.5572647142884,-2.2855739978077e-05,2.2322954746166e-05
1.70725,0.79346162884888,0.55224949213319,-2.2752762172667e-05,2.2469822552332e-05
1.7075,0.79688674531931,0.54721143078793,-2.2649188004317e-05,2.2616657655397e-05
1.70775,0.80028058979483,0.54215071896597,-2.2545015307675e-05,2.2763458080539e-05
1.708,0.80364300305484,0.53706754646607,-2.2440241911105e-05,2.291022183491e-05
1.70825,0.80697382704236,0.53196210416468,-2.2334865636691e-05,2.3056946907477e-05
1.7085,0.8102729048698,0.5268345840081,-2.2228884300229e-05,2.3203631268854e-05
1.70875,0.81354008082475,0.52168517900454,-2.212229571123e-05,2.3350272871143e-05
1.709,0.81677520037564,0.51651408321645,-2.2015097672918e-05,2.3496869647762e-05
1.70925,0.81997811017733,0.51132149175249,-2.1907287982227e-05,2.3643419513282e-05
1.7095,0.82314865807669,0.50610760075981,-2.1798864429802e-05,2.3789920363254e-05
1.70975,0.82628669311805,0.5008726074161,-2.1689824800001e-05,2.3936370074035e-05
1.71,0.82939206554866,0.49561670992176,-2.1580166870888e-05,2.4082766502622e-05
1.71025,0.83246462682398,0.49034010749198,-2.1469888414241e-05,2.4229107486468e-05
1.7105,0.83550422961298,0.48504300034891,-2.1358987195549e-05,2.437539084331e-05
1.71075,0.83851072780343,0.47972558971373,-2.1247460974011e-05,2.4521614370986e-05
1.711,0.84148397650695,0.47438807779878,-2.1135307502541e-05,2.4667775847259e-05
1.71125,0.84442383206416,0.46903066779965,-2.1022524527765e-05,2.4813873029627e-05
1.7115,0.84733015204973,0.46365356388729,-2.0909109790025e-05,2.4959903655143e-05
1.71175,0.85020279527729,0.45825697120015,-2.0795061023383e-05,2.5105865440227e-05
1.712,0.85304162180441,0.4528410958362,-2.0680375955618e-05,2.5251756080475e-05
1.71225,0.85584649293736,0.44740614484511,-2.0565052308233e-05,2.5397573250468e-05
1.7125,0.85861727123595,0.4419523262203,-2.0449087796453e-05,2.5543314603581e-05
1.71275,0.86135382051824,0.43647984889106,-2.0332480129235e-05,2.5688977771785e-05
1.713,0.86405600586521,0.43098892271465,-2.0215227009266e-05,2.583456036545e-05
1.71325,0.86672369362531,0.4254797584684,-2.0097326132965e-05,2.5980059973146e-05
1.7135,0.8693567514191,0.41995256784181,-1.9978775190495e-05,2.612547416144e-05
1.71375,0.87195504814362,0.41440756342869,-1.985957186576e-05,2.6270800474691e-05
1.714,0.87451845397689,0.40884495871921,-1.9739713836412e-05,2.6416036434846e-05
1.71425,0.87704684038227,0.40326496809207,-1.9619198773855e-05,2.656117954123e-05
1.7145,0.87954008011273,0.39766780680662,-1.9498024343254e-05,2.6706227270333e-05
1.71475,0.88199804721512,0.39205369099493,-1.9376188203537e-05,2.68511770756e-05
1.715,0.88442061703439,0.38642283765397,-1.92536880074e-05,2.699602638721e-05
1.71525,0.8868076662177,0.38077546463773,-1.9130521401318e-05,2.7140772611865e-05
1.7155,0.88915907271848,0.37511179064935,-1.9006686025548e-05,2.7285413132561e-05
1.71575,0.89147471580051,0.3694320352333,-1.8882179514137e-05,2.7429945308372e-05
1.716,0.89375447604185,0.36373641876747,-1.8756999494927e-05,2.7574366474219e-05
1.71625,0.89599823533879,0.35802516245541,-1.863114358957e-05,2.7718673940643e-05
1.7165,0.89820587690966,0.35229848831846,-1.8504609413527e-05,2.7862864993576e-05
1.71675,0.9003772852987,0.3465566191879,-1.8377394576081e-05,2.8006936894105e-05
1.717,0.90251234637977,0.3407997786972,-1.8249496680347e-05,2.8150886878237e-05
1.71725,0.90461094736007,0.33502819127418,-1.8120913323279e-05,2.829471215666e-05
1.7175,0.9066729767838,0.32924208213319,-1.7991642095678e-05,2.84384099145e-05
1.71775,0.90869832453575,0.3234416772674,-1.7861680582208e-05,2.8581977311078e-05
1.718,0.91068688184482,0.31762720344095,-1.7731026361398e-05,2.8725411479661e-05
1.71825,0.91263854128757,0.31179888818122,-1.759967700566e-05,2.8868709527214e-05
1.7185,0.91455319679163,0.3059569597711,-1.7467630081294e-05,2.9011868534146e-05
1.71875,0.91643074363909,0.3001016472412,-1.7334883148506e-05,2.9154885554052e-05
1.719,0.91827107846989,0.29423318036214,-1.7201433761413e-05,2.9297757613457e-05
1.71925,0.92007409928505,0.28835178963687,-1.7067279468061e-05,2.9440481711553e-05
1.7195,0.92183970545,0.2824577062929,-1.6932417810433e-05,2.9583054819931e-05
1.71975,0.92356779769769,0.27655116227468,-1.6796846324466e-05,2.9725473882318e-05
1.72,0.92525827813183,0.27063239023585,-1.666056254006e-05,2.9867735814301e-05
1.72025,0.92691105022993,0.26470162353163,-1.6523563981097e-05,3.0009837503055e-05
1.7205,0.9285260188464,0.25875909621115,-1.6385848165451e-05,3.0151775807064e-05
1.72075,0.93010309021554,0.2528050430098,-1.6247412605004e-05,3.029354755584e-05
1.721,0.93164217195452,0.24683969934165,-1.6108254805663e-05,3.0435149549638e-05
1.72125,0.93314317306627,0.24086330129176,-1.5968372267372e-05,3.0576578559171e-05
1.7215,0.93460600394243,0.2348760856087,-1.5827762484129e-05,3.0717831325314e-05
1.72175,0.93603057636608,0.22887828969687,-1.5686422944005e-05,3.0858904558814e-05
1.722,0.93741680351462,0.22287015160901,-1.5544351129157e-05,3.0999794939987e-05
1.72225,0.93876459996244,0.21685191003861,-1.5401544515847e-05,3.114049911842e-05
1.7225,0.94007388168369,0.2108238043124,-1.5258000574459e-05,3.1281013712662e-05
1.72275,0.94134456605488,0.20478607438284,-1.5113716769518e-05,3.1421335309919e-05
1.723,0.94257657185752,0.19873896082062,-1.4968690559706e-05,3.1561460465738e-05
1.72325,0.94376981928069,0.19268270480715,-1.4822919397883e-05,3.1701385703688e-05
1.7235,0.94492422992358,0.18661754812718,-1.4676400731107e-05,3.1841107515044e-05
1.72375,0.94603972679796,0.18054373316127,-1.452913200065e-05,3.1980622358462e-05
1.724,0.94711623433066,0.17446150287838,-1.4381110642021e-05,3.2119926659646e-05
1.72425,0.94815367836594,0.1683711008285,-1.4232334084987e-05,3.225901681102e-05
1.7245,0.94915198616791,0.16227277113526,-1.4082799753592e-05,3.2397889171389e-05
1.72475,0.95011108642282,0.15616675848848,-1.3932505066177e-05,3.2536540065599e-05
1.725,0.95103090924134,0.15005330813692,-1.3781447435409e-05,3.267496578419e-05
1.72525,0.95191138616088,0.14393266588086,-1.3629624268292e-05,3.2813162583053e-05
1.7255,0.95275245014772,0.13780507806486,-1.3477032966201e-05,3.2951126683066e-05
1.72575,0.95355403559926,0.13167079157041,-1.3323670924896e-05,3.3088854269746e-05
1.726,0.9543160783461,0.12553005380865,-1.3169535534551e-05,3.3226341492882e-05
1.72625,0.95503851565417,0.11938311271317,-1.3014624179776e-05,3.3363584466165e-05
1.7265,0.95572128622681,0.11323021673273,-1.2858934239642e-05,3.3500579266824e-05
1.72675,0.95636433020676,0.10707161482404,-1.2702463087704e-05,3.3637321935242e-05
1.727,0.95696758917818,0.10090755644459,-1.2545208092027e-05,3.377380847458e-05
1.72725,0.95753100616861,0.094738291545449,-1.2387166615214e-05,3.3910034850391e-05
1.7275,0.95805452565086,0.08856407056416,-1.2228336014428e-05,3.4045996990226e-05
1.72775,0.95853809354494,0.08238514441755,-1.2068713641421e-05,3.418169078324e-05
1.728,0.95898165721988,0.076201764494641,-1.1908296842559e-05,3.4317112079793e-05
1.72825,0.95938516549556,0.070014182649578,-1.1747082958851e-05,3.4452256691043e-05
1.7285,0.95974856864449,0.063822651194546,-1.1585069325975e-05,3.4587120388536e-05
1.72875,0.96007181839358,0.057627422892714,-1.1422253274307e-05,3.4721698903787e-05
1.729,0.96035486792581,0.051428750951247,-1.1258632128949e-05,3.4855987927862e-05
1.72925,0.96059767188199,0.045226889014261,-1.1094203209756e-05,3.498998311095e-05
1.7295,0.96080018636234,0.039022091155881,-1.0928963831367e-05,3.512368006193e-05
1.72975,0.96096236892815,0.032814611873283,-1.0762911303235e-05,3.5257074347934e-05
1.73,0.96108417860336,0.026604706079728,-1.0596042929654e-05,3.5390161493904e-05
1.73025,0.96116557587611,0.020392629097702,-1.0428356009793e-05,3.5522936982139e-05
1.7305,0.96120652270028,0.014178636651995,-1.025984783772e-05,3.5655396251847e-05
1.73075,0.96120698249697,0.0079629848628623,-1.009051570244e-05,3.5787534698677e-05
1.731,0.96116692015597,0.0017459302391856,-9.9203568879233e-06,3.5919347674257e-05
1.73125,0.96108630203722,-0.0044722703283644,-9.7493686731332e-06,3.6050830485716e-05
1.7315,0.96096509597217,-0.010691359574077,-9.5775483320629e-06,3.6181978395212e-05
1.73175,0.96080327126518,-0.016911079863984,-9.4048931337649e-06,3.631278661944e-05
1.732,0.96060079869486,-0.023131173202608,-9.2314003423832e-06,3.6443250329143e-05
1.73225,0.9603576505154,-0.029351381239649,-9.0570672171863e-06,3.6573364648613e-05
1.7325,0.96007380045784,-0.035571445276693,-8.8818910125998e-06,3.6703124655188e-05
1.73275,0.95974922373134,-0.041791106273863,-8.7058689782386e-06,3.6832525378739e-05
1.733,0.9593838970244,-0.048010104856448,-8.528998358941e-06,3.6961561801153e-05
1.73325,0.95897779850609,-0.054228181321536,-8.3512763948011e-06,3.7090228855804e-05
1.7335,0.95853090782719,-0.060445075644562,-8.1727003212031e-06,3.721852142703e-05
1.73375,0.95804320612137,-0.066660527485883,-7.9932673688544e-06,3.7346434349583e-05
1.734,0.95751467600629,-0.072874276197312,-7.8129747638193e-06,3.7473962408093e-05
1.73425,0.9569453015847,-0.079086060828591,-7.6318197275535e-06,3.7601100336506e-05
1.7345,0.95633506844552,-0.085295620133902,-7.4497994769373e-06,3.7727842817532e-05
1.73475,0.95568396366487,-0.091502692578276,-7.2669112243103e-06,3.7854184482069e-05
1.735,0.9549919758071,-0.097707016344011,-7.0831521775057e-06,3.7980119908632e-05
1.73525,0.95425909492575,-0.1039083293371,-6.8985195398832e-06,3.810564362277e-05
1.7355,0.95348531256455,-0.11010636919355,-6.7130105103649e-06,3.8230750096469e-05
1.73575,0.95267062175834,-0.1163008732857,-6.5266222834686e-06,3.8355433747562e-05
1.736,0.95181501703399,-0.12249157872856,-6.3393520493413e-06,3.8479688939115e-05
1.73625,0.95091849441129,-0.12867822238605,-6.1511969937949e-06,3.8603509978813e-05
1.7365,0.9499810514038,-0.13486054087727,-5.9621542983383e-06,3.8726891118339e-05
1.73675,0.94900268701973,-0.14103827058265,-5.7722211402128e-06,3.884982655274e-05
1.737,0.94798340176271,-0.14721114765019,-5.581394692425e-06,3.8972310419788e-05
1.73725,0.94692319763261,-0.15337890800155,-5.3896721237799e-06,3.9094336799329e-05
1.7375,0.94582207812631,-0.15954128733822,-5.1970505989152e-06,3.9215899712628e-05
1.73775,0.94468004823846,-0.16569802114753,-5.0035272783337e-06,3.9336993121699e-05
1.738,0.94349711446214,-0.17184884470878,-4.8090993184355e-06,3.9457610928635e-05
1.73825,0.94227328478963,-0.17799349309915,-4.6137638715517e-06,3.9577746974916e-05
1.7385,0.94100856871308,-0.18413170119979,-4.4175180859748e-06,3.9697395040721e-05
1.73875,0.9397029772251,-0.19026320370168,-4.2203591059916e-06,3.9816548844223e-05
1.739,0.93835652281949,-0.19638773511158,-4.0222840719137e-06,3.9935202040873e-05
1.73925,0.93696921949178,-0.2025050297579,-3.823290120108e-06,4.0053348222685e-05
1.7395,0.93554108273983,-0.20861482179656,-3.6233743830272e-06,4.0170980917493e-05
1.73975,0.93407212956444,-0.21471684521671,-3.4225339892392e-06,4.028809358822e-05
1.74,0.93256237846983,-0.22081083384663,-3.2207660634553e-06,4.0404679632118e-05
1.74025,0.93101184946425,-0.22689652135933,-3.0180677265594e-06,4.0520732380008e-05
1.7405,0.92942056406038,-0.23297364127831,-2.8144360956343e-06,4.0636245095509e-05
1.74075,0.92778854527592,-0.23904192698321,-2.6098682839894e-06,4.0751210974251e-05
1.741,0.92611581763399,-0.2451011117154,-2.4043614011859e-06,4.0865623143086e-05
1.74125,0.92440240716358,-0.25115092858356,-2.1979125530613e-06,4.0979474659278e-05
1.7415,0.9226483414,-0.25719111056922,-1.9905188417538e-06,4.1092758509692e-05
1.74175,0.92085364938528,-0.26322139053225,-1.7821773657255e-06,4.1205467609965e-05
1.742,0.91901836166851,-0.2692415012163,-1.5728852197827e-06,4.1317594803669e-05
1.74225,0.91714251030629,-0.27525117525421,-1.3626394950985e-06,4.1429132861462e-05
1.7425,0.915226128863,-0.28125014517339,-1.1514372792302e-06,4.1540074480227e-05
1.74275,0.91326925241116,-0.2872381434011,-9.3927565613901e-07,4.1650412282199e-05
1.743,0.91127191753175,-0.29321490226977,-7.2615170620598e-07,4.1760138814084e-05
1.74325,0.90923416231451,-0.29918015402221,-5.120625062468e-07,4.186924654616e-05
1.7435,0.90715602635818,-0.30513363081679,-2.9700512952672e-07,4.1977727871371e-05
1.74375,0.90503755077078,-0.31107506473256,-8.0976645772086e-08,4.2085575104403e-05
1.744,0.90287877816985,-0.31700418777438,1.3602587881965e-07,4.2192780480757e-05
1.74425,0.90067975268269,-0.32292073187791,3.5400538156998e-07,4.2299336155801e-05
1.7445,0.89844051994654,-0.32882442891465,5.7296480331383e-07,4.2405234203811e-05
1.74475,0.89616112710877,-0.33471501069684,7.929070883933e-07,4.2510466617002e-05
1.745,0.89384162282709,-0.34059220898232,1.0138351846553e-06,4.2615025304542e-05
1.74525,0.89148205726967,-0.34645575547946,1.2357520434512e-06,4.2718902091561e-05
1.7455,0.88908248211533,-0.35230538185184,1.4586606196371e-06,4.2822088718131e-05
1.74575,0.88664295055362,-0.35814081972301,1.6825638715777e-06,4.2924576838254e-05
1.746,0.88416351728496,-0.3639618006812,1.9074647611536e-06,4.3026358018815e-05
1.74625,0.88164423852075,-0.36976805628386,2.1333662537677e-06,4.3127423738536e-05
1.7465,0.87908517198344,-0.37555931806227,2.3602713183581e-06,4.3227765386911e-05
1.74675,0.87648637690661,-0.381335317526,2.5881829274109e-06,4.3327374263125e-05
1.747,0.87384791403506,-0.38709578616736,2.8171040569768e-06,4.3426241574964e-05
1.74725,0.87116984562478,-0.39284045546581,3.0470376866915e-06,4.3524358437705e-05
1.7475,0.86845223544308,-0.39856905689218,3.2779867997973e-06,4.3621715872994e-05
1.74775,0.86569514876856,-0.40428132191299,3.5099543831688e-06,4.3718304807712e-05
1.748,0.86289865239113,-0.40997698199464,3.7429434273428e-06,4.381411607282e-05
1.74825,0.86006281461202,-0.41565576860743,3.9769569265494e-06,4.3909140402197e-05
1.7485,0.85718770524379,-0.42131741322975,4.2119978787488e-06,4.4003368431456e-05
1.74875,0.85427339561026,-0.42696164735191,4.4480692856698e-06,4.4096790696748e-05
1.749,0.85131995854656,-0.43258820248013,4.6851741528535e-06,4.4189397633551e-05
1.74925,0.84832746839901,-0.43819681014039,4.9233154897007e-06,4.4281179575442e-05
1.7495,0.84529600102515,-0.4437872018821,5.1624963095219e-06,4.4372126752854e-05
1.74975,0.84222563379364,-0.44935910928188,5.402719629593e-06,4.4462229291819e-05
1.75,0.83911644558424,-0.4549122639471,5.6439884712152e-06,4.4551477212692e-05
1.75025,0.83596851678771,-0.46044639751943,5.8863058597775e-06,4.4639860428864e-05
1.7505,0.83278192930576,-0.4659612416783,6.1296748248263e-06,4.472736874545e-05
1.75075,0.82955676655099,-0.47145652814424,6.3740984001374e-06,4.4813991857973e-05
1.751,0.82629311344677,-0.47693198868218,6.6195796237938e-06,4.4899719351021e-05
1.75125,0.8229910564272,-0.48238735510462,6.8661215382695e-06,4.4984540696894e-05
1.7515,0.81965068343701,-0.48782235927477,7.1137271905155e-06,4.5068445254231e-05
1.75175,0.81627208393146,-0.49323673310952,7.3623996320535e-06,4.5151422266626e-05
1.752,0.81285534887627,-0.49863020858244,7.6121419190749e-06,4.5233460861219e-05
1.75225,0.80940057074751,-0.5040025177265,7.8629571125429e-06,4.5314550047275e-05
1.7525,0.80590784353155,-0.50935339263693,8.1148482783034e-06,4.5394678714751e-05
1.75275,0.80237726272495,-0.51468256547375,8.3678184871988e-06,4.5473835632834e-05
1.753,0.79880892533435,-0.51998976846438,8.6218708151895e-06,4.5552009448475e-05
1.75325,0.79520292987645,-0.52527473390605,8.8770083434814e-06,4.5629188684901e-05
1.7535,0.79155937637788,-0.53053719416811,9.1332341586579e-06,4.5705361740103e-05
1.75375,0.78787836637516,-0.53577688169427,9.3905513528195e-06,4.578051688532e-05
1.754,0.78416000291464,-0.54099352900475,9.6489630237307e-06,4.5854642263497e-05
1.75425,0.78040439055242,-0.5461868686982,9.9084722749707e-06,4.592772588773e-05
1.7545,0.7766116353543,-0.55135663345367,1.0169082216094e-05,4.5999755639689e-05
1.75475,0.7727818448958,-0.55650255603234,1.0430795962793e-05,4.6070719268034e-05
1.755,0.76891512826206,-0.56162436927916,1.0693616637076e-05,4.6140604386802e-05
1.75525,0.76501159604788,-0.56672180612441,1.0957547367441e-05,4.6209398473783e-05
1.7555,0.7610713603577,-0.57179459958507,1.1222591289065e-05,4.6277088868883e-05
1.75575,0.75709453480563,-0.57684248276614,1.1488751543998e-05,4.6343662772465e-05
1.756,0.75308123451546,-0.58186518886175,1.1756031281365e-05,4.6409107243669e-05
1.75625,0.74903157612077,-0.58686245115615,1.202443365757e-05,4.6473409198727e-05
1.7565,0.74494567776492,-0.59183400302466,1.2293961836517e-05,4.6536555409255e-05
1.75675,0.74082365910121,-0.59677957793433,1.2564618989831e-05,4.6598532500524e-05
1.757,0.736665641293,-0.60169890944454,1.2836408297087e-05,4.6659326949721e-05
1.75725,0.73247174701382,-0.60659173120749,1.3109332946052e-05,4.6718925084198e-05
1.7575,0.72824210044755,-0.61145777696846,1.3383396132929e-05,4.6777313079689e-05
1.75775,0.72397682728866,-0.61629678056593,1.3658601062608e-05,4.6834476958532e-05
1.758,0.71967605474239,-0.62110847593162,1.3934950948933e-05,4.6890402587857e-05
1.75825,0.71533991152505,-0.62589259709025,1.4212449014964e-05,4.694507567777e-05
1.7585,0.7109685278643,-0.63064887815925,1.4491098493258e-05,4.6998481779518e-05
1.75875,0.70656203549953,-0.63537705334821,1.4770902626151e-05,4.7050606283638e-05
1.759,0.7021205676822,-0.64007685695823,1.5051864666048e-05,4.7101434418095e-05
1.75925,0.69764425917627,-0.64474802338106,1.5333987875723e-05,4.7150951246401e-05
1.7595,0.69313324625866,-0.64939028709801,1.5617275528622e-05,4.7199141665723e-05
1.75975,0.68858766671982,-0.65400338267881,1.590173090918e-05,4.7245990404979e-05
1.76,0.68400765986421,-0.65858704478013,1.6187357313135e-05,4.7291482022913e-05
1.76025,0.67939336651099,-0.66314100814403,1.6474158047857e-05,4.7335600906167e-05
1.7605,0.67474492899463,-0.66766500759611,1.6762136432681e-05,4.7378331267335e-05
1.76075,0.67006249116572,-0.67215877804355,1.7051295799244e-05,4.7419657143004e-05
1.761,0.66534619839169,-0.67662205447285,1.7341639491829e-05,4.7459562391783e-05
1.76125,0.66059619755772,-0.68105457194748,1.7633170867719e-05,4.749803069233e-05
1.7615,0.65581263706766,-0.68545606560515,1.7925893297545e-05,4.7535045541352e-05
1.76175,0.650995666845,-0.68982627065506,1.8219810165653e-05,4.7570590251608e-05
1.762,0.646145438334,-0.69416492237471,1.8514924870465e-05,4.7604647949898e-05
1.76225,0.64126210450078,-0.69847175610663,1.8811240824846e-05,4.7637201575044e-05
1.7625,0.63634581983463,-0.70274650725486,1.9108761456478e-05,4.7668233875857e-05
1.76275,0.63139674034928,-0.70698891128105,1.940749020823e-05,4.7697727409103e-05
1.763,0.62641502358436,-0.71119870370053,1.9707430538537e-05,4.7725664537461e-05
1.76325,0.62140082860688,-0.71537562007793,2.0008585921779e-05,4.7752027427467e-05
1.7635,0.61635431601287,-0.71951939602264,2.0310959848651e-05,4.7776798047465e-05
1.76375,0.61127564792907,-0.72362976718396,2.0614555826548e-05,4.7799958165538e-05
1.764,0.6061649880148,-0.72770646924607,2.0919377379936e-05,4.7821489347445e-05
1.76425,0.60102250146386,-0.73174923792253,2.1225428050729e-05,4.7841372954552e-05
1.7645,0.59584835500662,-0.73575780895074,2.1532711398656e-05,4.7859590141759e-05
1.76475,0.5906427169122,-0.73973191808589,2.184123100163e-05,4.7876121855421e-05
1.765,0.58540575699079,-0.74367130109472,2.2150990456107e-05,4.7890948831277e-05
1.76525,0.58013764659611,-0.74757569374898,2.246199337744e-05,4.790405159237e-05
1.7655,0.57483855862799,-0.75144483181852,2.2774243400221e-05,4.791541044697e-05
1.76575,0.56950866753513,-0.75527845106413,2.3087744178622e-05,4.79250054865e-05
1.766,0.56414814931801,-0.75907628722994,2.3402499386712e-05,4.7932816583466e-05
1.76625,0.55875718153194,-0.76283807603562,2.3718512718774e-05,4.7938823389378e-05
1.7665,0.55333594329029,-0.76656355316815,2.4035787889598e-05,4.7943005332694e-05
1.76675,0.5478846152679,-0.77025245427324,2.435432863476e-05,4.7945341616752e-05
1.767,0.54240337970468,-0.7739045149464,2.4674138710881e-05,4.7945811217717e-05
1.76725,0.53689242040938,-0.77751947072371,2.4995221895871e-05,4.7944392882531e-05
1.7675,0.53135192276356,-0.78109705707206,2.531758198914e-05,4.7941065126876e-05
1.76775,0.52578207372582,-0.78463700937913,2.5641222811793e-05,4.7935806233136e-05
1.768,0.52018306183614,-0.78813906294297,2.5966148206789e-05,4.7928594248378e-05
1.76825,0.51455507722058,-0.79160295296107,2.6292362039074e-05,4.7919406982339e-05
1.7685,0.50889831159605,-0.79502841451915,2.6619868195681e-05,4.7908222005427e-05
1.76875,0.50321295827552,-0.79841518257939,2.6948670585788e-05,4.789501664673e-05
1.769,0.49749921217329,-0.80176299196835,2.727877314074e-05,4.7879767992043e-05
1.76925,0.49175726981066,-0.80507157736438,2.7610179814032e-05,4.7862452881906e-05
1.7695,0.48598732932181,-0.80834067328454,2.7942894581235e-05,4.784304790966e-05
1.76975,0.48018959045999,-0.81157001407116,2.8276921439881e-05,4.7821529419516e-05
1.77,0.47436425460397,-0.81475933387779,2.8612264409292e-05,4.7797873504642e-05
1.77025,0.46851152476488,-0.81790836665477,2.8948927530345e-05,4.7772056005268e-05
1.7705,0.46263160559326,-0.82101684613424,2.9286914865187e-05,4.7744052506808e-05
1.77075,0.45672470338653,-0.82408450581467,2.9626230496867e-05,4.7713838337998e-05
1.771,0.4507910260968,-0.82711107894482,2.9966878528913e-05,4.7681388569063e-05
1.77125,0.44483078333897,-0.83009629850722,3.0308863084824e-05,4.7646678009889e-05
1.7715,0.4388441863993,-0.83303989720105,3.0652188307479e-05,4.7609681208229e-05
1.77175,0.43283144824431,-0.83594160742449,3.0996858358467e-05,4.7570372447921e-05
1.772,0.4267927835301,-0.83880116125647,3.1342877417321e-05,4.7528725747131e-05
1.77225,0.42072840861208,-0.84161829043784,3.1690249680655e-05,4.7484714856612e-05
1.7725,0.41463854155519,-0.84439272635197,3.2038979361196e-05,4.7438313257993e-05
1.77275,0.40852340214451,-0.84712420000462,3.2389070686713e-05,4.7389494162077e-05
1.773,0.40238321189638,-0.84981244200334,3.2740527898819e-05,4.7338230507171e-05
1.77325,0.39621819406999,-0.85245718253607,3.3093355251662e-05,4.7284494957426e-05
1.7735,0.39002857367952,-0.85505815134916,3.3447557010482e-05,4.7228259901208e-05
1.77375,0.38381457750677,-0.85761507772472,3.3803137450027e-05,4.7169497449475e-05
1.774,0.37757643411436,-0.86012769045718,3.4160100852832e-05,4.7108179434182e-05
1.77425,0.37131437385954,-0.86259571782924,3.4518451507345e-05,4.7044277406703e-05
1.7745,0.36502862890848,-0.86501888758708,3.4878193705891e-05,4.6977762636262e-05
1.77475,0.35871943325135,-0.86739692691471,3.523933174247e-05,4.6908606108383e-05
1.775,0.35238702271791,-0.86972956240772,3.560186991038e-05,4.6836778523355e-05
1.77525,0.34603163499381,-0.87201652004613,3.5965812499657e-05,4.6762250294703e-05
1.7755,0.33965350963761,-0.87425752516647,3.6331163794313e-05,4.6684991547672e-05
1.77575,0.33325288809848,-0.87645230243305,3.6697928069389e-05,4.6604972117713e-05
1.776,0.32683001373471,-0.8786005758084,3.7066109587773e-05,4.6522161548977e-05
1.77625,0.32038513183293,-0.88070206852279,3.7435712596818e-05,4.643652909281e-05
1.7765,0.3139184896282,-0.88275650304297,3.7806741324716e-05,4.6348043706237e-05
1.77675,0.30743033632488,-0.8847636010399,3.8179199976636e-05,4.6256674050454e-05
1.777,0.30092092311849,-0.88672308335563,3.8553092730605e-05,4.6162388489297e-05
1.77725,0.2943905032183,-0.88863466996923,3.8928423733133e-05,4.6065155087703e-05
1.7775,0.28783933187107,-0.8904980799617,3.9305197094562e-05,4.5964941610154e-05
1.77775,0.28126766638559,-0.89231303147998,3.9683416884129e-05,4.586171551909e-05
1.778,0.2746757661584,-0.89407924169983,4.0063087124736e-05,4.5755443973302e-05
1.77825,0.26806389270042,-0.8957964267878,4.0444211787415e-05,4.5646093826281e-05
1.7785,0.2614323096648,-0.89746430186204,4.0826794785471e-05,4.5533631624536e-05
1.77875,0.25478128287589,-0.89908258095206,4.1210839968296e-05,4.5418023605855e-05
1.779,0.24811108035933,-0.90065097695742,4.1596351114844e-05,4.5299235697516e-05
1.77925,0.24142197237349,-0.9021692016052,4.1983331926749e-05,4.517723351444e-05
1.7795,0.2347142314421,-0.90363696540637,4.2371786021077e-05,4.5051982357267e-05
1.77975,0.22798813238828,-0.90505397761094,4.2761716922701e-05,4.4923447210362e-05
1.78,0.22124395236992,-0.90641994616191,4.3153128056287e-05,4.4791592739726e-05
1.78025,0.21448197091656,-0.90773457764795,4.3546022737873e-05,4.4656383290823e-05
1.7805,0.20770246996769,-0.90899757725485,4.3940404166033e-05,4.4517782886292e-05
1.78075,0.20090573391271,-0.91020864871559,4.4336275412617e-05,4.4375755223546e-05
1.781,0.19409204963243,-0.91136749425916,4.4733639413045e-05,4.4230263672256e-05
1.78125,0.18726170654228,-0.91247381455794,4.5132498956151e-05,4.4081271271681e-05
1.7815,0.18041499663735,-0.91352730867377,4.5532856673558e-05,4.3928740727865e-05
1.78175,0.17355221453915,-0.91452767400247,4.593471502858e-05,4.3772634410673e-05
1.782,0.16667365754432,-0.91547460621705,4.6338076304624e-05,4.3612914350646e-05
1.78225,0.15977962567533,-0.91636779920929,4.67429425931e-05,4.3449542235685e-05
1.7825,0.15287042173321,-0.91720694502991,4.7149315780807e-05,4.3282479407529e-05
1.78275,0.14594635135241,-0.91799173382705,4.7557197536793e-05,4.3111686858028e-05
1.783,0.13900772305794,-0.91872185378334,4.7966589298676e-05,4.293712522519e-05
1.78325,0.13205484832473,-0.91939699105113,4.8377492258416e-05,4.2758754788989e-05
1.7835,0.12508804163947,-0.92001682968623,4.8789907347518e-05,4.2576535466926e-05
1.78375,0.11810762056495,-0.92058105157984,4.9203835221665e-05,4.2390426809315e-05
1.784,0.11111390580695,-0.92108933638884,4.961927624476e-05,4.2200387994299e-05
1.78425,0.10410722128391,-0.92154136146418,5.0036230472379e-05,4.2006377822555e-05
1.7845,0.09708789419938,-0.92193680177761,5.0454697634607e-05,4.1808354711702e-05
1.78475,0.0900562551174,-0.92227532984643,5.087467711826e-05,4.160627669037e-05
1.785,0.083012638040981,-0.92255661565644,5.129616794848e-05,4.140010139193e-05
1.78525,0.075957380493703,-0.92278032658293,5.171916876969e-05,4.1189786047873e-05
1.7855,0.068890823604711,-0.92294612730972,5.2143677825897e-05,4.0975287480802e-05
1.78575,0.061813312197051,-0.9230536797462,5.2569692940344e-05,4.0756562097045e-05
1.786,0.054725194879713,-0.92310264294232,5.2997211494492e-05,4.0533565878861e-05
1.78625,0.047626824143328,-0.92309267300151,5.3426230406326e-05,4.0306254376223e-05
1.7865,0.040518556459772,-0.92302342299148,5.3856746107981e-05,4.0074582698172e-05
1.78675,0.03340075238588,-0.92289454285287,5.4288754522671e-05,3.9838505503716e-05
1.787,0.026273776671324,-0.92270567930567,5.4722251040924e-05,3.9597976992272e-05
1.78725,0.019137998370897,-0.92245647575349,5.5157230496106e-05,3.9352950893624e-05
1.7875,0.011993790961438,-0.92214657218545,5.5593687139233e-05,3.9103380457398e-05
1.78775,0.0048415324634447,-0.92177560507581,5.6031614613057e-05,3.8849218442027e-05
1.788,-0.0023183944322461,-0.92134320728129,5.647100592543e-05,3.8590417103208e-05
1.78825,-0.0094856022326532,-0.92084900793594,5.6911853421928e-05,3.8326928181827e-05
1.7885,-0.016659698505441,-0.92029263234359,5.7354148757735e-05,3.8058702891355e-05
1.78875,-0.023840285736011,-0.91967370186792,5.7797882868779e-05,3.7785691904688e-05
1.789,-0.031026961178822,-0.91899183381995,5.8243045942112e-05,3.7507845340445e-05
1.78925,-0.038219316702484,-0.91824664134303,5.8689627385525e-05,3.7225112748699e-05
1.7895,-0.045416938628537,-0.91743773329535,5.9137615796408e-05,3.693744309614e-05
1.78975,-0.05261940756358,-0.91656471412971,5.9586998929815e-05,3.6644784750673e-05
1.79,-0.059826298224394,-0.91562718377085,6.003776366577e-05,3.6347085465434e-05
1.79025,-0.067037179255889,-0.91462473749005,6.0489895975759e-05,3.6044292362234e-05
1.7905,-0.074251613041503,-0.91355696577703,6.0943380888452e-05,3.5736351914431e-05
1.79075,-0.081469155505667,-0.91242345420931,6.1398202454596e-05,3.5423209929218e-05
1.791,-0.088689355908115,-0.91122378331871,6.1854343711111e-05,3.510481152935e-05
1.79125,-0.095911756629623,-0.90995752845527,6.2311786644355e-05,3.4781101134294e-05
1.7915,-0.10313589294874,-0.9086242596484,6.2770512152556e-05,3.4452022440838e-05
1.79175,-0.1103612928093,-0.90722354146526,6.3230500007407e-05,3.4117518403133e-05
1.792,-0.11758747657805,-0.90575493286652,6.3691728814797e-05,3.3777531212207e-05
1.79225,-0.12481395679227,-0.90421798705931,6.4154175974674e-05,3.3432002274958e-05
1.7925,-0.13204023789667,-0.90261225134754,6.4617817640034e-05,3.3080872192632e-05
1.79275,-0.13926581596925,-0.90093726697943,6.5082628674996e-05,3.2724080738821e-05
1.793,-0.14649017843564,-0.89919256899251,6.5548582611977e-05,3.2361566836987e-05
1.79325,-0.15371280377128,-0.89737768605587,6.6015651607922e-05,3.1993268537544e-05
1.7935,-0.16093316119104,-0.89549214030991,6.6483806399584e-05,3.1619122994528e-05
1.79375,-0.16815071032576,-0.8935354472035,6.6953016257826e-05,3.123906644187e-05
1.794,-0.17536490088486,-0.89150711532867,6.7423248940926e-05,3.0853034169322e-05
1.79425,-0.18257517230475,-0.88940664625296,6.789447064685e-05,3.0460960498057e-05
1.7945,-0.18978095338219,-0.88723353434937,6.8366645964475e-05,3.0062778755987e-05
1.79475,-0.19698166189194,-0.88498726662415,6.8839737823724e-05,2.9658421252843e-05
1.795,-0.20417670418809,-0.88266732254249,6.9313707444585e-05,2.9247819255049e-05
1.79525,-0.21136547478834,-0.88027317385222,6.9788514284975e-05,2.8830902960459e-05
1.7955,-0.21854735594022,-0.87780428440573,7.0264115987413e-05,2.8407601472983e-05
1.79575,-0.22572171716887,-0.87526010998015,7.0740468324457e-05,2.7977842777174e-05
1.796,-0.23288791480517,-0.87264009809622,7.1217525142872e-05,2.7541553712832e-05
1.79625,-0.24004529149344,-0.86994368783575,7.1695238306468e-05,2.7098659949673e-05
1.7965,-0.24719317567802,-0.86717030965819,7.2173557637572e-05,2.6649085962146e-05
1.79675,-0.25433088106728,-0.86431938521638,7.2652430857067e-05,2.6192755004457e-05
1.797,-0.26145770607463,-0.86139032717191,7.3131803522962e-05,2.5729589085867e-05
1.79725,-0.26857293323499,-0.85838253901031,7.3611618967407e-05,2.5259508946361e-05
1.7975,-0.27567582859589,-0.85529541485647,7.4091818232122e-05,2.4782434032748e-05
1.79775,-0.28276564108196,-0.85212833929077,7.4572340002154e-05,2.429828247528e-05
1.798,-0.28984160183158,-0.84888068716619,7.5053120537892e-05,2.3806971064898e-05
1.79825,-0.2969029235045,-0.84555182342706,7.5534093605285e-05,2.3308415231172e-05
1.7985,-0.30394879955901,-0.84214110292988,7.6015190404177e-05,2.2802529021057e-05
1.79875,-0.31097840349731,-0.83864787026678,7.6496339494681e-05,2.2289225078552e-05
1.799,-0.31799088807772,-0.83507145959241,7.6977466721513e-05,2.1768414625381e-05
1.79925,-0.32498538449209,-0.83141119445476,7.7458495136212e-05,2.1240007442801e-05
1.7995,-0.33196100150686,-0.82766638763082,7.7939344917138e-05,2.0703911854671e-05
1.79975,-0.3389168245662,-0.82383634096794,7.8419933287188e-05,2.0160034711881e-05
1.8,-0.34585191485538,-0.81992034523164,7.8900174429112e-05,1.9608281378305e-05
1.80025,-0.35276530832266,-0.81591767996117,7.9379979398353e-05,1.9048555718386e-05
1.8005,-0.35965601465778,-0.81182761333357,7.9859256033315e-05,1.848076008651e-05
1.80075,-0.36652301622506,-0.80764940203777,8.033790886295e-05,1.7904795318324e-05
1.801,-0.37336526694912,-0.80338229115973,8.0815839011585e-05,1.7320560724137e-05
1.80125,-0.38018169115097,-0.79902551408036,8.1292944100874e-05,1.6727954084597e-05
1.8015,-0.38697118233241,-0.79457829238748,8.1769118148786e-05,1.6126871648784e-05
1.80175,-0.39373260190622,-0.79003983580366,8.2244251465528e-05,1.5517208134931e-05
1.802,-0.4004647778698,-0.78540934213178,8.2718230546306e-05,1.4898856733939e-05
1.80225,-0.40716650341983,-0.78068599722031,8.3190937960822e-05,1.4271709115901e-05
1.8025,-0.41383653550514,-0.77586897495033,8.3662252239418e-05,1.3635655439833e-05
1.80275,-0.42047359331517,-0.77095743724691,8.4132047755779e-05,1.2990584366842e-05
1.803,-0.42707635670119,-0.76595053411715,8.460019460609e-05,1.2336383076948e-05
1.80325,-0.4336434645273,-0.76084740371786,8.5066558484583e-05,1.1672937289803e-05
1.8035,-0.44017351294808,-0.75564717245574,8.5531000555382e-05,1.1000131289578e-05
1.80375,-0.44666505360997,-0.75034895512344,8.5993377320577e-05,1.0317847954247e-05
1.804,-0.45311659177271,-0.74495185507501,8.6453540484463e-05,9.6259687895822e-06
1.80425,-0.45952658434786,-0.73945496444452,8.691133681389e-05,8.9243739681274e-06
1.8045,-0.46589343785062,-0.73385736441215,8.7366607994676e-05,8.2129423734576e-06
1.80475,-0.47221550626141,-0.7281581255221,8.7819190484053e-05,7.4915516500584e-06
1.805,-0.47849108879359,-0.72235630805738,8.8268915359126e-05,6.7600782591363e-06
1.80525,-0.48471842756333,-0.7164509624766,8.8715608161332e-05,6.0183975407325e-06
1.8055,-0.49089570515788,-0.71044112991862,8.9159088736943e-05,5.2663837824883e-06
1.80575,-0.49702104209815,-0.70432584278115,8.9599171073608e-05,4.5039102954505e-06
1.806,-0.50309249419147,-0.69810412538014,9.0035663133022e-05,3.7308494973216e-06
1.80625,-0.50910804977045,-0.69177499469699,9.0468366679801e-05,2.947073003559e-06
1.8065,-0.51506562681367,-0.68533746122167,9.089707710666e-05,2.1524517267597e-06
1.80675,-0.52096306994396,-0.67879052990003,9.1321583256062e-05,1.34685598479e-06
1.807,-0.52679814729993,-0.67213320119447,9.1741667238504e-05,5.3015561810711e-07
1.80725,-0.53256854727641,-0.66536447226803,9.2157104247664e-05,-2.9777988322144e-07
1.8075,-0.53827187512969,-0.65848333830221,9.2567662372684e-05,-1.13708124232e-06
1.80775,-0.54390564944308,-0.65148879396043,9.2973102407897e-05,-1.987879247607e-06
1.808,-0.54946729844881,-0.64437983500924,9.3373177660378e-05,-2.8503045936609e-06
1.80825,-0.55495415620209,-0.63715546011087,9.3767633755747e-05,-3.7244877103247e-06
1.8085,-0.56036345860364,-0.62981467280136,9.4156208442733e-05,-4.6105585794889e-06
1.80875,-0.56569233926674,-0.62235648367006,9.4538631397071e-05,-5.5086465389865e-06
1.809,-0.57093782522575,-0.61477991275697,9.4914624025408e-05,-6.418880073059e-06
1.80925,-0.57609683248277,-0.60708399218623,9.5283899269958e-05,-7.3413865888001e-06
1.8095,-0.58116616138997,-0.59926776905488,9.5646161414779e-05,-8.2762921780421e-06
1.80975,-0.58614249186545,-0.59133030859792,9.6001105894646e-05,-9.2237213641244e-06
1.81,-0.59102237844108,-0.58327069765197,9.6348419107604e-05,-1.0183796833005e-05
1.81025,-0.59580224514155,-0.57508804844162,9.6687778232467e-05,-1.115663914822e-05
1.8105,-0.60047838019478,-0.56678150271423,9.7018851052638e-05,-1.2142366449216e-05
1.81075,-0.60504693057458,-0.55835023625088,9.7341295787828e-05,-1.314109413262e-05
1.811,-0.60950389637796,-0.54979346378295,9.7654760935418e-05,-1.4152934516102e-05
1.81125,-0.61384512504043,-0.5411104443463,9.7958885123445e-05,-1.5177996484531e-05
1.8115,-0.61806630539469,-0.53230048710662,9.8253296977394e-05,-1.6216385118251e-05
1.81175,-0.62216296157927,-0.52336295769223,9.8537615003256e-05,-1.72682013034e-05
1.812,-0.62613044680624,-0.51429728507311,9.8811447489586e-05,-1.8333541324377e-05
1.81225,-0.62996393699916,-0.50510296902685,9.9074392431613e-05,-1.9412496438702e-05
1.8125,-0.63365842431514,-0.49577958823556,9.9326037480806e-05,-2.0505152434787e-05
1.81275,-0.6372087105678,-0.48632680905997,9.9565959923667e-05,-2.1611589173347e-05
1.813,-0.6406094005716,-0.47674439503986,9.9793726693977e-05,-2.2731880113559e-05
1.81325,-0.64385489543138,-0.46703221717292,0.00010000889442318,-2.3866091825398e-05
1.8135,-0.64693938580564,-0.45719026502689,0.00010021100953413,-2.5014283490106e-05
1.81375,-0.64985684517682,-0.44721865874263,0.00010039960838395,-2.6176506391257e-05
1.814,-0.65260102316712,-0.43711766198912,0.00010057421746256,-2.7352803399523e-05
1.81425,-0.65516543894482,-0.42688769593357,0.00010073435365396,-2.8543208455101e-05
1.8145,-0.65754337477239,-0.41652935429306,0.0001008795245683,-2.9747746052601e-05
1.81475,-0.65972786975561,-0.40604341953669,0.0001010092289536,-3.0966430734376e-05
1.815,-0.6617117138611,-0.39543088030914,0.00010112295719714,-3.2199266599581e-05
1.81525,-0.66348744227894,-0.38469295014949,0.00010122019192733,-3.344624683781e-05
1.8155,-0.66504733021751,-0.37383108757973,0.00010130040872862,-3.4707353298117e-05
1.81575,-0.66638338822862,-0.36284701763964,0.00010136307698289,-3.5982556106428e-05
1.816,-0.66748735817382,-0.35174275494473,0.00010140766085286,-3.7271813347126e-05
1.81625,-0.66835070995608,-0.34052062834378,0.00010143362042436,-3.8575070827866e-05
1.8165,-0.66896463915616,-0.32918330725158,0.00010144041302669,-3.9892261950614e-05
1.81675,-0.66932006572881,-0.31773382973018,0.00010142749475224,-4.1223307716693e-05
1.817,-0.66940763393186,-0.30617563238823,0.00010139432219916,-4.2568116899441e-05
1.81725,-0.6692177136799,-0.29451258216309,0.00010134035446368,-4.3926586425077e-05
1.8175,-0.66874040353473,-0.28274901004296,0.00010126505541176,-4.529860201107e-05
1.81775,-0.66796553556645,-0.27088974677727,0.00010116789626312,-4.6684039121771e-05
1.818,-0.66688268234211,-0.258940160612,0.00010104835852466,-4.8082764314067e-05
1.81825,-0.66548116632353,-0.24690619707108,0.00010090593731432,-4.9494637061885e-05
1.8185,-0.66375007198089,-0.23479442078788,0.00010074014512094,-5.0919512168183e-05
1.81875,-0.66167826095606,-0.22261205936835,0.00010055051605044,-5.2357242897862e-05
1.819,-0.65925439063611,-0.21036704924102,0.00010033661061343,-5.3807684996101e-05
1.81925,-0.65646693652579,-0.19806808341842,0.00010009802111394,-5.5270701795526e-05
1.8195,-0.65330421883526,-0.1857246610575,9.9834377703283e-05,-5.6746170665123e-05
1.81975,-0.64975443372637,-0.17334713866422,9.9545355165347e-05,-5.8233991116435e-05
1.82,-0.64580568968704,-0.1609467827385,9.923068050028e-05,-5.9734094962817e-05
1.82025,-0.64144604952704,-0.14853582359876,9.8890141369119e-05,-6.1246459030614e-05
1.8205,-0.63666357850937,-0.136127510062,9.8523595450789e-05,-6.2771121054215e-05
1.82075,-0.63144639914841,-0.12373616458186,9.8130980739872e-05,-6.430819956e-05
1.821,-0.62578275321685,-0.11137723836666,9.7712326771899e-05,-6.585791877023e-05
1.82125,-0.61966107150812,-0.099067365909019,9.7267766691577e-05,-6.7420639854767e-05
1.8215,-0.61307005189551,-0.086824418258579,9.6797549961178e-05,-6.8996900250593e-05
1.82175,-0.60599874621393,-0.074667554261378,9.630205531427e-05,-7.0587463289043e-05
1.822,-0.59843665646099,-0.062617268871407,9.5781803251265e-05,-7.2193381063546e-05
1.82225,-0.59037384076918,-0.050695437514055,9.5237466880063e-05,-7.3816074396817e-05
1.8225,-0.5818010295375,-0.038925355348487,9.4669879118601e-05,-7.5457435006924e-05
1.82275,-0.5727097520265,-0.027331770137586,9.4080033021504e-05,-7.7119956633141e-05
1.823,-0.56309247361103,-0.015940907292111,9.346906998616e-05,-7.8806904100592e-05
1.82325,-0.55294274374887,-0.0047804855142265,9.2838247370953e-05,-8.052253223893e-05
1.8235,-0.54225535455619,0.0061202786737342,9.2188871857692e-05,-8.2272370391904e-05
1.82375,-0.53102650968112,0.016730679359839,9.152217645277e-05,-8.4063593067807e-05
1.824,-0.51925400293134,0.027018544594507,9.0839105262433e-05,-8.5905502961962e-05
1.82425,-0.50693740583915,0.036950276723722,9.0139947650935e-05,-8.7810158368494e-05
1.8245,-0.49407826303785,0.046490911832997,8.9423726453994e-05,-8.9793180547669e-05
1.82475,-0.48068029397515,0.055604200466406,8.8687184550549e-05,-9.1874771902149e-05
1.825,-0.4667495991067,0.064252711773784,8.7923116592503e-05,-9.4080948525225e-05
1.82525,-0.45229486829747,0.072397963173227,8.7117639612207e-05,-9.6444908413441e-05
1.8255,-0.43732758871729,0.08000057748472,8.62457704445e-05,-9.9008249003857e-05
1.82575,-0.42186224905759,0.087020469282947,8.5264390940463e-05,-0.00010182126958755
1.826,-0.40591653643035,0.093417061923919,8.4101464146264e-05,-0.0001049405719574
1.82625,-0.38951152185035,0.099149536311885,8.2640714616472e-05,-0.00010842018332483
1.8265,-0.37267182976672,0.10417711198239,8.0703331852275e-05,-0.00011228916305951
1.82675,-0.35542578671824,0.10845936048045,7.8035736750055e-05,-0.00011650532179916
1.827,-0.33780554386137,0.11195655030831,7.4329041137823e-05,-0.00012087811066429
1.82725,-0.31984716788686,0.11463002190831,6.9316552009285e-05,-0.00012498194777846
1.8275,-0.30159069472427,0.11644259024214,6.2980065977451e-05,-0.00012815003734305
1.82775,-0.28308014046297,0.11735897154262,5.5770015566514e-05,-0.00012968638978878
1.828,-0.26436346411664,0.11734622977027,4.8572650857235e-05,-0.00012927495293123
1.82825,-0.24549247725024,0.11637423723251,4.2293916374413e-05,-0.00012723132886671
1.8285,-0.22652269609311,0.11441614275439,3.7405005329632e-05,-0.00012429437305628
1.82875,-0.20751313258925,0.11144883976854,3.3863085287511e-05,-0.00012118866526068
1.829,-0.18852602189202,0.10745342576623,3.1342767310558e-05,-0.00011836705154517
1.82925,-0.16962648508702,0.10241564377199,2.9477820253346e-05,-0.00011600905746616
1.8295,-0.15088212740505,0.096326295924297,2.7977631768793e-05,-0.00011412480724049
1.82975,-0.13236257383657,0.089181618915303,2.6647086684112e-05,-0.00011264911826252
1.83,-0.11413894583352,0.080983611009395,2.5367726738283e-05,-0.00011149640226245
1.83025,-0.096283284626423,0.071740300662144,2.4073022086364e-05,-0.00011058539563169
1.8305,-0.078867928527314,0.061465947422934,2.2728774043058e-05,-0.00010984748470059
1.83075,-0.061964853353801,0.050181166837868,2.1319964689121e-05,-0.00010922771815602
1.831,-0.045644986715048,0.037912972466222,1.9842582606192e-05,-0.00010868315204319
1.83125,-0.029977508267022,0.024694729858721,1.8298739128158e-05,-0.00010818056988793
1.8315,-0.015029149091847,0.010566019370905,1.6693816013738e-05,-0.00010769435412707
1.83175,-0.00086350402103084,-0.0044275930636603,1.5034825517941e-05,-0.00010720473467737
1.832,0.012459629048955,-0.020234875680548,1.3329481420623e-05,-0.00010669642600647
1.83225,0.024884869039838,-0.036799337188112,1.1585682687005e-05,-0.00010615759435603
1.8325,0.036361817680441,-0.054059713270742,9.8112346521865e-06,-0.00010557908445544
1.83275,0.046845559688258,-0.071950524698808,8.0137055722881e-06,-0.00010495384271361
1.833,0.056297086832942,-0.090402696469016,6.2003591296188e-06,-0.00010427648643964
1.83325,0.064683637535401,-0.10934422575716,4.3781284449531e-06,-0.00010354298064389
1.8335,0.071978945901348,-0.1287008852357,2.5536117354361e-06,-0.00010275039381968
1.83375,0.078163396517888,-0.14839694753956,7.3307829074869e-07,-0.00010189671167888
1.834,0.083224083853141,-0.16835591638146,-1.0775215609452e-06,-0.00010098069345505
1.83425,0.087154777585792,-0.18850125002387,-2.8725458996759e-06,-0.00010000175952403
1.8345,0.089955797552116,-0.20875706348219,-4.6466517696246e-06,-9.8959902104875e-05
1.83475,0.09163380414198,-0.22904879691887,-6.3947875565553e-06,-9.7855612996544e-05
1.835,0.092201511826506,-0.24930383912584,-8.1121873419623e-06,-9.6689823903502e-05
1.83525,0.091677335001277,-0.26945209670328,-9.7943670856248e-06,-9.5463856073453e-05
1.8355,0.090084976444338,-0.28942650144391,-1.1437122335114e-05,-9.4179376831098e-05
1.83575,0.087452969402391,-0.30916345043165,-1.3036527096042e-05,-9.2838361229159e-05
1.836,0.083814184637053,-0.32860317537832,-1.4588933483744e-05,-9.1443057512545e-05
1.83625,0.079205313708691,-0.34769003967466,-1.6090971793562e-05,-8.9995955446984e-05
1.8365,0.073666339386529,-0.36637276345123,-1.7539550659359e-05,-8.8499756830922e-05
1.83675,0.067240003399038,-0.3846045785819,-1.8931857010813e-05,-8.6957347711285e-05
1.837,0.059971280834472,-0.40234331697353,-2.0265355584162e-05,-8.5371771976066e-05
1.83725,0.051906869426998,-0.41955143664771,-2.1537787785816e-05,-8.3746206111454e-05
1.8375,0.04309470077774,-0.43619599102359,-2.2747169751793e-05,-8.2083934996953e-05
1.83775,0.033583479318472,-0.45224854745499,-2.3891789487098e-05,-8.0388328675234e-05
1.838,0.023422253578216,-0.46768506147362,-2.4970203007488e-05,-7.8662820079131e-05
1.83825,0.012660023102292,-0.4824857133648,-2.5981229441029e-05,-7.6910883729886e-05
1.8385,0.0013453832348813,-0.49663471367681,-2.6923945078271e-05,-7.513601544151e-05
1.83875,-0.01047379106436,-0.51012008407228,-2.7797676387593e-05,-7.3341713078169e-05
1.839,-0.022750622123631,-0.52293341960103,-2.8601992036341e-05,-7.1531458416625e-05
1.83925,-0.035439467732863,-0.53506963803933,-2.9336693978693e-05,-6.9708700165618e-05
1.8395,-0.048496121805328,-0.54652672143225,-3.0001807687953e-05,-6.7876838189771e-05
1.83975,-0.06187797928014,-0.55730545441992,-3.05975716242e-05,-6.6039208978296e-05
1.84,-0.075544167431409,-0.56740916334995,-3.1124426038159e-05,-6.4199072389348e-05
1.84025,-0.089455646048124,-0.57684345959802,-3.158300121901e-05,-6.2359599689933e-05
1.8405,-0.10357527914303,-0.58561598995208,-3.1974105297758e-05,-6.0523862899771e-05
1.84075,-0.11786788095372,-0.59373619637812,-3.2298711719185e-05,-5.869482543554e-05
1.841,-0.13230023902598,-0.60121508698416,-3.2557946494395e-05,-5.6875334040317e-05
1.84125,-0.14684111713266,-0.60806501954274,-3.2753075342988e-05,-5.5068111971938e-05
1.8415,-0.16146124069382,-0.61429949852346,-3.2885490829144e-05,-5.3275753413608e-05
1.84175,-0.17613326723572,-0.61993298622753,-3.2956699589778e-05,-5.1500719060897e-05
1.842,-0.19083174426979,-0.62498072830665,-3.2968309745628e-05,-4.9745332831121e-05
1.84225,-0.20553305679671,-0.62945859368576,-3.2922018577974e-05,-4.8011779634203e-05
1.8425,-0.22021536645199,-0.63338292869185,-3.2819600545002e-05,-4.6302104138582e-05
1.84275,-0.23485854411632,-0.63677042501474,-3.2662895702672e-05,-4.461821046147e-05
1.843,-0.24944409762136,-0.63963800098752,-3.2453798585782e-05,-4.2961862709679e-05
1.84325,-0.26395509599218,-0.64200269556866,-3.2194247595693e-05,-4.133468629548e-05
1.8435,-0.2783760914879,-0.64388157433265,-3.1886214932248e-05,-3.9738169951192e-05
1.84375,-0.29269304053089,-0.64529164672507,-3.1531697098786e-05,-3.8173668366532e-05
1.844,-0.3068932244562,-0.6462497938091,-3.1132706001028e-05,-3.6642405373968e-05
1.84425,-0.32096517086738,-0.64677270571915,-3.0691260652982e-05,-3.5145477609244e-05
1.8445,-0.33489857625142,-0.64687682804077,-3.020937949606e-05,-3.3683858577028e-05
1.84475,-0.34868423038667,-0.64657831635111,-2.9689073331238e-05,-3.2258403054707e-05
1.845,-0.36231394297073,-0.64589299817814,-2.9132338858461e-05,-3.0869851771144e-05
1.84525,-0.37578047280095,-0.64483634166847,-2.8541152812509e-05,-2.9518836301116e-05
1.8455,-0.38907745975872,-0.64342343028909,-2.7917466680234e-05,-2.8205884120418e-05
1.84575,-0.40219935977638,-0.64166894292825,-2.7263201980483e-05,-2.6931423770977e-05
1.846,-0.4151413829049,-0.63958713880194,-2.6580246084958e-05,-2.5695790089798e-05
1.84625,-0.42789943454837,-0.63719184661472,-2.5870448555883e-05,-2.4499229459925e-05
1.8465,-0.44047005988712,-0.63449645746619,-2.5135617974488e-05,-2.3341905046062e-05
1.84675,-0.45285039147549,-0.63151392103576,-2.437751923291e-05,-2.2223901981668e-05
1.847,-0.46503809996998,-0.6282567446191,-2.359787126127e-05,-2.1145232478482e-05
1.84725,-0.47703134791957,-0.62473699462821,-2.2798345161154e-05,-2.0105840833342e-05
1.8475,-0.4888287465314,-0.62096630020381,-2.1980562716593e-05,-1.9105608310788e-05
1.84775,-0.50042931530946,-0.61695585862384,-2.1146095253846e-05,-1.8144357883466e-05
1.848,-0.51183244445425,-0.61271644222385,-2.0296462821709e-05,-1.7221858815486e-05
1.84825,-0.52303785990268,-0.60825840657564,-1.9433133664777e-05,-1.6337831076862e-05
1.8485,-0.53404559088283,-0.60359169969822,-1.855752396296e-05,-1.549194957987e-05
1.84875,-0.54485593985589,-0.5987258721009,-1.7670997811541e-05,-1.4683848230555e-05
1.849,-0.555469454716,-0.59367008748174,-1.6774867417217e-05,-1.3913123790846e-05
1.84925,-0.56588690311991,-0.58843313392608,-1.587039348683e-05,-1.3179339548687e-05
1.8495,-0.57610924882023,-0.58302343546929,-1.49587857867e-05,-1.248202879531e-05
1.84975,-0.58613762987881,-0.57744906390522,-1.4041203851863e-05,-1.1820698110273e-05
1.85,-0.59597333864046,-0.57171775073814,-1.3118757825844e-05,-1.1194830456254e-05
1.85025,-0.6056178033518,-0.56583689918953,-1.2192509412921e-05,-1.0603888086619e-05
1.8505,-0.6150725713141,-0.55981359618436,-1.1263472926173e-05,-1.0047315269839e-05
1.85075,-0.62433929346462,-0.55365462425243,-1.0332616415917e-05,-9.5245408355231e-06
1.851,-0.63341971028556,-0.54736647329062,-9.400862864387e-06,-9.0349805475415e-06
1.85125,-0.64231563894513,-0.54095535214081,-8.4690914337323e-06,-8.5780393102128e-06
1.8515,-0.65102896158076,-0.53442719994597,-7.5381387555828e-06,-8.153113213903e-06
1.85175,-0.6595616146391,-0.52778769725413,-6.6088002515432e-06,-7.7595914267114e-06
1.852,-0.6679155791931,-0.52104227684565,-5.6818314750154e-06,-7.3968579390908e-06
1.85225,-0.67609287216114,-0.5141961342649,-4.7579494657568e-06,-7.064293168381e-06
1.8525,-0.68409553835795,-0.50725423804196,-3.8378341095132e-06,-6.7612754302863e-06
1.85275,-0.69192564331185,-0.50022133959381,-2.922129495912e-06,-6.4871822843e-06
1.853,-0.69958526678722,-0.49310198279816,-2.0114452686273e-06,-6.2413917600291e-06
1.85325,-0.70707649695501,-0.4859005132361,-1.1063579625779e-06,-6.0232834712592e-06
1.8535,-0.71440142515872,-0.47862108710193,-2.0741232358285e-07,-5.832239624449e-06
1.85375,-0.72156214122652,-0.47126767978123,6.8487739344555e-07,-5.6676459281739e-06
1.854,-0.72856072928378,-0.46384409409958,1.5700261511141e-06,-5.5288924098409e-06
1.85425,-0.73539926402417,-0.45635396824616,2.447576883809e-06,-5.4153741457689e-06
1.8545,-0.74207980739999,-0.44880078337757,3.3170992819255e-06,-5.3264919105082e-06
1.85475,-0.74860440569565,-0.44118787090845,4.1781886080001e-06,-5.2616527510177e-06
1.855,-0.75497508695118,-0.43351841949591,5.0304645462592e-06,-5.2202704910779e-06
1.85525,-0.76119385870475,-0.42579548172607,5.8735700867505e-06,-5.2017661710601e-06
1.8555,-0.767262706026,-0.41802198051083,6.7071704449372e-06,-5.2055684279157e-06
1.85575,-0.77318358981406,-0.41020071520389,7.5309520173142e-06,-5.2311138199999e-06
1.856,-0.77895844533625,-0.40233436744502,8.3446213734017e-06,-5.2778471010908e-06
1.85625,-0.78458918098525,-0.3944255067419,9.1479042842291e-06,-5.3452214477197e-06
1.8565,-0.79007767723457,-0.3864765957989,9.9405447872303e-06,-5.4326986436871e-06
1.85675,-0.79542578577358,-0.37848999560202,1.0722304287328e-05,-5.5397492254059e-06
1.857,-0.80063532880506,-0.37046797026949,1.1492960693821e-05,-5.665852591489e-06
1.85725,-0.80570809848946,-0.36241269167714,1.2252307592564e-05,-5.8104970797764e-06
1.8575,-0.81064585652168,-0.35432624386768,1.3000153452843e-05,-5.9731800147921e-06
1.85775,-0.81545033382691,-0.34621062725278,1.3736320868257e-05,-6.1534077284203e-06
1.858,-0.82012323036377,-0.33806776261675,1.4460645830805e-05,-6.3506955563962e-06
1.85825,-0.82466621502352,-0.32989949493022,1.5172977037396e-05,-6.5645678130288e-06
1.8585,-0.82908092561532,-0.3217075969822,1.5873175227865e-05,-6.7945577463989e-06
1.85875,-0.83336896892834,-0.31349377283854,1.6561112553598e-05,-7.0402074761122e-06
1.859,-0.83753192086231,-0.30525966113439,1.7236671975837e-05,-7.3010679155332e-06
1.85925,-0.84157132661877,-0.29700683820852,1.7899746692675e-05,-7.5766986802784e-06
1.8595,-0.84548870094615,-0.28873682108636,1.855023959379e-05,-7.8666679846146e-06
1.85975,-0.84928552843222,-0.28045107031905,1.9188062741932e-05,-8.170552527272e-06
1.86,-0.8529632638381,-0.27215099268498,1.981313688018e-05,-8.4879373680693e-06
1.86025,-0.85652333246871,-0.26383794376034,2.0425390964008e-05,-8.8184157966289e-06
1.8605,-0.85996713057455,-0.25551323036507,2.1024761717176e-05,-9.1615891943529e-06
1.86075,-0.86329602578088,-0.24717811288973,2.1611193210502e-05,-9.5170668907412e-06
1.861,-0.86651135754001,-0.23883380750933,2.2184636462585e-05,-9.8844660150303e-06
1.86125,-0.86961443760329,-0.23048148828935,2.274504906155e-05,-1.0263411344047e-05
1.8615,-0.87260655050956,-0.22212228918924,2.3292394806911e-05,-1.0653535147102e-05
1.86175,-0.87548895408705,-0.21375730596831,2.3826643370694e-05,-1.1054477028656e-05
1.862,-0.87826287996619,-0.20538759799877,2.434776997694e-05,-1.1465883769443e-05
1.86225,-0.88092953410095,-0.19701418999037,2.4855755098789e-05,-1.1887409166646e-05
1.8625,-0.88349009729644,-0.18863807363113,2.5350584172301e-05,-1.2318713873696e-05
1.86275,-0.885945725741,-0.18026020914805,2.5832247326277e-05,-1.2759465240162e-05
1.863,-0.888297551541,-0.17188152679181,2.6300739127293e-05,-1.3209337152217e-05
1.86325,-0.89054668325675,-0.16350292824929,2.6756058339237e-05,-1.3668009874028e-05
1.8635,-0.89269420643826,-0.15512528798719,2.7198207696648e-05,-1.4135169890484e-05
1.86375,-0.89474118415947,-0.14674945453054,2.7627193691165e-05,-1.4610509751518e-05
1.864,-0.89668865754998,-0.13837625167884,2.8043026370466e-05,-1.5093727918359e-05
1.86425,-0.89853764632334,-0.13000647966322,2.8445719149038e-05,-1.5584528611919e-05
1.8645,-0.90028914930079,-0.12164091624752,2.8835288630213e-05,-1.6082621663553e-05
1.86475,-0.90194414493014,-0.11328031777581,2.9211754438866e-05,-1.6587722368371e-05
1.865,-0.9035035917987,-0.10492542016924,2.9575139064243e-05,-1.709955134127e-05
1.86525,-0.90496842913992,-0.096576939874587,2.9925467712385e-05,-1.761783437582e-05
1.8655,-0.90633957733328,-0.088235574766918,3.0262768167646e-05,-1.8142302306122e-05
1.86575,-0.90761793839683,-0.079902005008595,3.0587070662813e-05,-1.8672690871738e-05
1.866,-0.90880439647218,-0.071576893866787,3.0898407757378e-05,-1.920874058577e-05
1.86625,-0.90989981830158,-0.063260888491548,3.119681422352e-05,-1.9750196606158e-05
1.8665,-0.91090505369677,-0.054954620656364,3.1482326939368e-05,-2.0296808610234e-05
1.86675,-0.91182093599965,-0.046658707462996,3.1754984789144e-05,-2.0848330672578e-05
1.867,-0.91264828253416,-0.038373752012363,3.201482856982e-05,-2.1404521146203e-05
1.86725,-0.91338789504981,-0.030100344043275,3.2261900903899e-05,-2.1965142547066e-05
1.8675,-0.91404056015623,-0.02183906054028,3.249624615799e-05,-2.2529961441923e-05
1.86775,-0.91460704974909,-0.013590466312447,3.2717910366836e-05,-2.3098748339515e-05
1.868,-0.91508812142717,-0.0053551145443423,3.2926941162484e-05,-2.3671277585076e-05
1.86825,-0.91548451890052,0.0028664526795419,3.3123387708299e-05,-2.4247327258137e-05
1.8685,-0.91579697238996,0.011073703875302,3.3307300637525e-05,-2.4826679073601e-05
1.86875,-0.91602619901769,0.019266117684301,3.3478731996131e-05,-2.5409118286061e-05
1.869,-0.91617290318922,0.027443182420463,3.3637735189682e-05,-2.5994433597316e-05
1.86925,-0.9162377769667,0.035604395639288,3.3784364933986e-05,-2.6582417067048e-05
1.8695,-0.91622150043359,0.043749263727537,3.391867720928e-05,-2.7172864026611e-05
1.86975,-0.91612474205094,0.051877301512518,3.4040729217744e-05,-2.7765572995889e-05
1.87,-0.91594815900525,0.059988031890101,3.4150579344119e-05,-2.8360345603163e-05
1.87025,-0.91569239754806,0.068080985470519,3.4248287119237e-05,-2.895698650794e-05
1.8705,-0.9153580933275,0.076155700241169,3.4333913186267e-05,-2.955530332668e-05
1.87075,-0.91494587171165,0.084211721245442,3.4407519269501e-05,-3.015510656137e-05
1.871,-0.91445634810423,0.09224860027717,3.4469168145505e-05,-3.0756209530881e-05
1.87125,-0.91389012825237,0.10026589558944,3.4518923616474e-05,-3.1358428305046e-05
1.8715,-0.91324780854682,0.10826317161757,3.4556850485632e-05,-3.1961581641404e-05
1.87175,-0.91252997631479,0.1162399987153,3.4583014534539e-05,-3.2565490924534e-05
1.872,-0.91173721010537,0.12419595290371,3.4597482502159e-05,-3.316998010793e-05
1.87225,-0.91087007996776,0.13213061563218,3.4600322065553e-05,-3.377487565835e-05
1.8725,-0.90992914772259,0.14004357355083,3.4591601822092e-05,-3.4380006502562e-05
1.87275,-0.90891496722627,0.14793441829403,3.4571391273041e-05,-3.4985203976441e-05
1.873,-0.90782808462859,0.15580274627431,3.453976080843e-05,-3.5590301776349e-05
1.87325,-0.90666903862386,0.16364815848621,3.4496781693093e-05,-3.6195135912723e-05
1.8735,-0.9054383606955,0.17147026031977,3.4442526053768e-05,-3.6799544665822e-05
1.87375,-0.90413657535438,0.17926866138301,3.4377066867183e-05,-3.7403368543562e-05
1.874,-0.90276420037102,0.18704297533299,3.4300477949011e-05,-3.8006450241378e-05
1.87425,-0.90132174700182,0.19479281971533,3.4212833943636e-05,-3.8608634604058e-05
1.8745,-0.89980972020938,0.20251781581146,3.4114210314631e-05,-3.9209768589473e-05
1.87475,-0.8982286188771,0.21021758849334,3.4004683335875e-05,-3.9809701234157e-05
1.875,-0.89657893601834,0.21789176608561,3.3884330083244e-05,-4.0408283620673e-05
1.87525,-0.89486115897988,0.22553998023429,3.3753228426804e-05,-4.10053688467e-05
1.8755,-0.89307576964035,0.23316186578215,3.3611457023439e-05,-4.1600811995792e-05
1.87575,-0.8912232446033,0.24075706065047,3.3459095309856e-05,-4.2194470109742e-05
1.876,-0.88930405538528,0.24832520572641,3.3296223495917e-05,-4.2786202162504e-05
1.87625,-0.88731866859901,0.25586594475646,3.3122922558226e-05,-4.3375869035613e-05
1.8765,-0.88526754613177,0.26337892424502,3.2939274233944e-05,-4.3963333495042e-05
1.87675,-0.88315114531908,0.27086379335842,3.274536101477e-05,-4.4548460169457e-05
1.877,-0.88096991911382,0.27832020383366,3.2541266141037e-05,-4.5131115529801e-05
1.87725,-0.87872431625098,0.28574780989213,3.2327073595907e-05,-4.5711167870164e-05
1.8775,-0.87641478140803,0.29314626815768,3.2102868099596e-05,-4.6288487289891e-05
1.87775,-0.87404175536107,0.30051523757917,3.1868735103612e-05,-4.6862945676865e-05
1.878,-0.87160567513695,0.30785437935693,3.1624760784962e-05,-4.743441669193e-05
1.87825,-0.86910697416131,0.31516335687354,3.1371032040304e-05,-4.8002775754394e-05
1.8785,-0.86654608240279,0.32244183562798,3.1107636480007e-05,-4.8567900028579e-05
1.87875,-0.86392342651344,0.3296894831738,3.0834662422091e-05,-4.9129668411351e-05
1.879,-0.86123942996539,0.33690596906038,3.055219888603e-05,-4.9687961520605e-05
1.87925,-0.85849451318401,0.34409096477778,3.0260335586385e-05,-5.0242661684648e-05
1.8795,-0.8556890936775,0.35124414370467,2.9959162926246e-05,-5.0793652932441e-05
1.87975,-0.85282358616311,0.35836518105917,2.964877199047e-05,-5.1340820984656e-05
1.88,-0.84989840269,0.36545375385283,2.9329254538685e-05,-5.1884053245504e-05
1.88025,-0.84691395275892,0.37250954084713,2.9000702998059e-05,-5.2423238795304e-05
1.8805,-0.84387064343873,0.37953222251282,2.8663210455794e-05,-5.2958268383732e-05
1.88075,-0.84076887947981,0.38652148099176,2.8316870651363e-05,-5.3489034423732e-05
1.881,-0.83760906342449,0.39347700006111,2.7961777968442e-05,-5.4015430986042e-05
1.88125,-0.83439159571466,0.40039846509993,2.7598027426563e-05,-5.4537353794294e-05
1.8815,-0.83111687479644,0.40728556305806,2.7225714672438e-05,-5.5054700220656e-05
1.88175,-0.82778529722214,0.41413798242696,2.6844935970985e-05,-5.5567369281986e-05
1.882,-0.8243972577495,0.42095541321281,2.6455788196014e-05,-5.6075261636443e-05
1.88225,-0.82095314943837,0.42773754691141,2.6058368820593e-05,-5.6578279580556e-05
1.8825,-0.81745336374479,0.43448407648507,2.565277590707e-05,-5.707632704667e-05
1.88275,-0.81389829061259,0.44119469634117,2.5239108096755e-05,-5.7569309600791e-05
1.883,-0.81028831856257,0.4478691023126,2.4817464599266e-05,-5.8057134440751e-05
1.88325,-0.80662383477937,0.45450699163973,2.4387945181511e-05,-5.8539710394692e-05
1.8835,-0.80290522519591,0.46110806295405,2.3950650156339e-05,-5.9016947919827e-05
1.88375,-0.79913287457576,0.46767201626325,2.3505680370833e-05,-5.9488759101452e-05
1.884,-0.7953071665932,0.47419855293776,2.3053137194256e-05,-5.9955057652179e-05
1.88425,-0.79142848391117,0.48068737569883,2.2593122505644e-05,-6.041575891137e-05
1.8845,-0.7874972082572,0.48713818860773,2.2125738681064e-05,-6.0870779844729e-05
1.88475,-0.78351372049726,0.49355069705636,2.1651088580518e-05,-6.1320039044043e-05
1.885,-0.77947840070764,0.49992460775912,2.1169275534509e-05,-6.1763456727044e-05
1.88525,-0.77539162824496,0.50625962874579,2.0680403330274e-05,-6.2200954737352e-05
1.8855,-0.77125378181419,0.51255546935579,2.0184576197679e-05,-6.2632456544498e-05
1.88575,-0.76706523953498,0.5188118402333,1.968189879479e-05,-6.3057887243988e-05
1.886,-0.76282637900611,0.52502845332351,1.9172476193123e-05,-6.3477173557396e-05
1.88625,-0.75853757736818,0.53120502186991,1.8656413862571e-05,-6.3890243832452e-05
1.8865,-0.75419921136468,0.53734126041243,1.8133817656037e-05,-6.4297028043117e-05
1.88675,-0.74981165740135,0.54343688478663,1.7604793793748e-05,-6.4697457789623e-05
1.887,-0.7453752916039,0.5494916121236,1.7069448847285e-05,-6.509146629845e-05
1.88725,-0.74089048987419,0.55550516085088,1.6527889723328e-05,-6.5478988422229e-05
1.8875,-0.73635762794486,0.56147725069407,1.5980223647116e-05,-6.5859960639555e-05
1.88775,-0.73177708143239,0.56740760267923,1.5426558145645e-05,-6.6234321054684e-05
1.888,-0.72714922588881,0.57329593913608,1.4867001030603e-05,-6.6602009397109e-05
1.88825,-0.7224744368518,0.57914198370187,1.4301660381055e-05,-6.6962967020985e-05
1.8885,-0.71775308989358,0.58494546132588,1.3730644525892e-05,-6.7317136904406e-05
1.88875,-0.71298556066823,0.59070609827471,1.3154062026047e-05,-6.7664463648499e-05
1.889,-0.70817222495782,0.59642362213808,1.2572021656487e-05,-6.8004893476342e-05
1.88925,-0.70331345871716,0.60209776183525,1.198463238801e-05,-6.8338374231676e-05
1.8895,-0.69840963811725,0.60772824762208,1.1392003368829e-05,-6.8664855377406e-05
1.88975,-0.6934611395875,0.61331481109854,1.079424390598e-05,-6.8984287993881e-05
1.89,-0.68846833985678,0.61885718521682,1.0191463446555e-05,-6.9296624776937e-05
1.89025,-0.68343161599313,0.62435510428998,9.5837715587604e-06,-6.9601820035698e-05
1.8905,-0.67835134544242,0.62980830400094,8.9712779128407e-06,-6.9899829690113e-05
1.89075,-0.67322790606582,0.63521652141207,8.3540922618475e-06,-7.0190611268243e-05
1.891,-0.66806167617612,0.64057949497517,7.7323244222916e-06,-7.0474123903259e-05
1.89125,-0.66285303457303,0.64589696454187,7.1060842546733e-06,-7.075032833017e-05
1.8915,-0.65760236057725,0.65116867137443,6.475481643909e-06,-7.1019186882257e-05
1.89175,-0.65231003406368,0.65639435815695,5.8406264796729e-06,-7.1280663487208e-05
1.892,-0.64697643549345,0.66157376900688,5.2016286366533e-06,-7.1534723662961e-05
1.89225,-0.64160194594494,0.66670664948702,4.5585979547435e-06,-7.1781334513226e-05
1.8925,-0.63618694714397,0.67179274661765,3.9116442191834e-06,-7.2020464722703e-05
1.89275,-0.63073182149282,0.67683180888919,3.2608771406543e-06,-7.2252084551976e-05
1.893,-0.62523695209838,0.68182358627498,2.6064063353441e-06,-7.247616583209e-05
1.89325,-0.61970272279943,0.68676783024447,1.9483413050018e-06,-7.2692681958796e-05
1.8935,-0.61412951819285,0.69166429377665,1.2867914169783e-06,-7.2901607886469e-05
1.89375,-0.60851772365916,0.69651273137368,6.2186588428343e-07,-7.3102920121696e-05
1.894,-0.60286772538694,0.70131289907482,-4.6326254342759e-08,-7.3296596716527e-05
1.89425,-0.59717991039652,0.70606455447064,-7.176761543272e-07,-7.3482617261395e-05
1.8945,-0.59145466656287,0.71076745671729,-1.3920751851108e-06,-7.3660962877689e-05
1.89475,-0.5856923826375,0.71542136655114,-2.0694149499491e-06,-7.3831616210001e-05
1.895,-0.57989344826971,0.72002604630351,-2.7495873056355e-06,-7.399456141803e-05
1.89525,-0.57405825402694,0.72458125991563,-3.4324843821522e-06,-7.4149784168142e-05
1.8955,-0.56818719141436,0.72908677295374,-4.1179986022295e-06,-7.4297271624608e-05
1.89575,-0.56228065289375,0.73354235262433,-4.8060227007982e-06,-7.4437012440487e-05
1.896,-0.55633903190153,0.73794776778959,-5.4964497443332e-06,-7.4568996748192e-05
1.89625,-0.55036272286606,0.74230278898294,-6.1891731500737e-06,-7.4693216149708e-05
1.8965,-0.54435212122433,0.74660718842469,-6.8840867051018e-06,-7.4809663706491e-05
1.89675,-0.5383076234378,0.75086074003779,-7.5810845852809e-06,-7.4918333929034e-05
1.897,-0.53222962700756,0.75506321946379,-8.2800613740376e-06,-7.5019222766106e-05
1.89725,-0.52611853048894,0.75921440407869,-8.9809120809712e-06,-7.5112327593671e-05
1.8975,-0.51997473350514,0.76331407300911,-9.6835321602949e-06,-7.5197647203493e-05
1.89775,-0.51379863676057,0.76736200714837,-1.0387817529082e-05,-7.527518179142e-05
1.898,-0.50759064205328,0.77135798917263,-1.109366458532e-05,-7.5344932945362e-05
1.89825,-0.50135115228677,0.77530180355717,-1.1800970225765e-05,-7.5406903632966e-05
1.8985,-0.49508057148136,0.77919323659268,-1.2509631863566e-05,-7.5461098188985e-05
1.89875,-0.48877930478456,0.78303207640158,-1.3219547445683e-05,-7.5507522302357e-05
1.899,-0.48244775848134,0.78681811295427,-1.3930615470062e-05,-7.5546183002995e-05
1.89925,-0.47608634000333,0.79055113808561,-1.464273500257e-05,-7.5577088648289e-05
1.8995,-0.46969545793771,0.79423094551119,-1.5355805693691e-05,-7.5600248909332e-05
1.89975,-0.46327552203547,0.79785733084371,-1.6069727794953e-05,-7.5615674756878e-05
1.9,-0.45682694321898,0.80143009160935,-1.6784402175097e-05,-7.5623378447031e-05
1.90025,-0.45035013358923,0.80494902726402,-1.7499730335982e-05,-7.5623373506678e-05
1.9005,-0.44384550643223,0.80841393920976,-1.8215614428195e-05,-7.5615674718667e-05
1.90075,-0.43731347622516,0.81182463081089,-1.893195726639e-05,-7.5600298106747e-05
1.901,-0.43075445864175,0.81518090741037,-1.9648662344336e-05,-7.5577260920267e-05
1.90125,-0.42416887055741,0.81848257634571,-2.0365633849655e-05,-7.5546581618643e-05
1.9015,-0.41755713005346,0.82172944696537,-2.1082776678274e-05,-7.5508279855606e-05
1.90175,-0.41091965642129,0.82492133064454,-2.1799996448552e-05,-7.5462376463242e-05
1.902,-0.40425687016569,0.82805804080123,-2.2517199515104e-05,-7.5408893435807e-05
1.90225,-0.39756919300791,0.83113939291205,-2.3234292982306e-05,-7.5347853913368e-05
1.9025,-0.39085704788811,0.83416520452795,-2.3951184717466e-05,-7.5279282165231e-05
1.90275,-0.38412085896741,0.83713529529006,-2.466778336368e-05,-7.5203203573202e-05
1.903,-0.37736105162949,0.84004948694495,-2.5383998352348e-05,-7.5119644614667e-05
1.90325,-0.37057805248167,0.84290760336029,-2.6099739915355e-05,-7.5028632845508e-05
1.9035,-0.36377228935569,0.84570947054003,-2.6814919096922e-05,-7.4930196882864e-05
1.90375,-0.35694419130786,0.84845491663962,-2.7529447765094e-05,-7.4824366387736e-05
1.904,-0.35009418861895,0.851143771981,-2.8243238622906e-05,-7.4711172047464e-05
1.90425,-0.34322271279363,0.85377586906742,-2.8956205219189e-05,-7.4590645558057e-05
1.9045,-0.33633019655941,0.85635104259821,-2.9668261959021e-05,-7.4462819606415e-05
1.90475,-0.32941707386541,0.8588691294833,-3.0379324113839e-05,-7.4327727852427e-05
1.905,-0.32248377988042,0.86132996885754,-3.1089307831186e-05,-7.4185404910965e-05
1.90525,-0.31553075099081,0.86373340209489,-3.1798130144105e-05,-7.4035886333783e-05
1.9055,-0.30855842479799,0.86607927282246,-3.2505708980181e-05,-7.3879208591325e-05
1.90575,-0.30156724011564,0.86836742693414,-3.321196317022e-05,-7.3715409054453e-05
1.906,-0.29455763696633,0.87059771260428,-3.3916812456564e-05,-7.3544525976107e-05
1.90625,-0.28753005657795,0.87276998030109,-3.4620177501065e-05,-7.3366598472898e-05
1.9065,-0.28048494137992,0.87488408279953,-3.5321979892679e-05,-7.3181666506646e-05
1.90675,-0.27342273499882,0.87693987519444,-3.6022142154717e-05,-7.2989770865877e-05
1.907,-0.26634388225375,0.87893721491311,-3.6720587751725e-05,-7.2790953147276e-05
1.90725,-0.25924882915177,0.88087596172757,-3.7417241096013e-05,-7.2585255737118e-05
1.9075,-0.25213802288234,0.88275597776687,-3.8112027553829e-05,-7.2372721792669e-05
1.90775,-0.24501191181212,0.8845771275288,-3.8804873451167e-05,-7.215339522358e-05
1.908,-0.23787094547916,0.88633927789163,-3.9495706079228e-05,-7.1927320673279e-05
1.90825,-0.23071557458673,0.8880422981253,-4.0184453699525e-05,-7.1694543500356e-05
1.9085,-0.22354625099733,0.88968605990245,-4.0871045548634e-05,-7.1455109759966e-05
1.90875,-0.21636342772592,0.89127043730911,-4.1555411842601e-05,-7.1209066185252e-05
1.909,-0.20916755893322,0.89279530685519,-4.223748378099e-05,-7.0956460168791e-05
1.90925,-0.20195909991874,0.8942605474844,-4.2917193550599e-05,-7.0697339744075e-05
1.9095,-0.19473850711347,0.89566604058415,-4.3594474328824e-05,-7.0431753567031e-05
1.90975,-0.18750623807253,0.89701166999484,-4.4269260286685e-05,-7.0159750897596e-05
1.91,-0.18026275146743,0.89829732201897,-4.4941486591514e-05,-6.9881381581339e-05
1.91025,-0.17300850707836,0.89952288542986,-4.5611089409311e-05,-6.9596696031158e-05
1.9105,-0.16574396578599,0.90068825147996,-4.6278005906763e-05,-6.9305745209034e-05
1.91075,-0.15846958956348,0.90179331390889,-4.6942174252947e-05,-6.9008580607867e-05
1.911,-0.1511858414681,0.90283796895087,-4.7603533620695e-05,-6.8705254233401e-05
1.91125,-0.14389318563268,0.90382211534206,-4.8262024187644e-05,-6.839581858623e-05
1.9115,-0.13659208725694,0.90474565432738,-4.8917587136979e-05,-6.8080326643903e-05
1.91175,-0.12928301259898,0.90560848966669,-4.9570164657842e-05,-6.7758831843136e-05
1.912,-0.12196642896619,0.90641052764094,-5.0219699945458e-05,-6.7431388062124e-05
1.91225,-0.11464280470645,0.90715167705771,-5.0866137200935e-05,-6.7098049602972e-05
1.9125,-0.107312609199,0.90783184925614,-5.1509421630777e-05,-6.6758871174251e-05
1.91275,-0.099976312845509,0.90845095811177,-5.21494994461e-05,-6.6413907873665e-05
1.913,-0.092634387060673,0.90900892004057,-5.278631786155e-05,-6.6063215170867e-05
1.91325,-0.08528730426334,0.90950565400273,-5.3419825093946e-05,-6.5706848890395e-05
1.9135,-0.077935537866915,0.90994108150595,-5.4049970360635e-05,-6.5344865194759e-05
1.91375,-0.070579562270415,0.91031512660813,-5.4676703877568e-05,-6.4977320567673e-05
1.914,-0.063219852849104,0.91062771591958,-5.5299976857115e-05,-6.4604271797431e-05
1.91425,-0.055856885945286,0.91087877860491,-5.5919741505603e-05,-6.4225775960448e-05
1.9145,-0.048491138859126,0.91106824638411,-5.65359510206e-05,-6.3841890404954e-05
1.91475,-0.041123089839489,0.91119605353336,-5.7148559587941e-05,-6.3452672734853e-05
1.915,-0.033753218074838,0.91126213688518,-5.7757522378501e-05,-6.3058180793752e-05
1.91525,-0.026382003684295,0.91126643582792,-5.8362795544728e-05,-6.2658472649162e-05
1.9155,-0.019009927708688,0.91120889230499,-5.8964336216928e-05,-6.2253606576871e-05
1.91575,-0.011637472101787,0.91108945081321,-5.9562102499329e-05,-6.1843641045501e-05
1.916,-0.004265119721631,0.91090805840077,-6.0156053465896e-05,-6.1428634701241e-05
1.91625,0.0031066456779306,0.91066466466451,-6.0746149155947e-05,-6.1008646352776e-05
1.9165,0.010477339455624,0.91035922174663,-6.1332350569526e-05,-6.0583734956393e-05
1.91675,0.017846476090865,0.90999168433077,-6.1914619662586e-05,-6.0153959601287e-05
1.917,0.025213569191646,0.9095620096375,-6.2492919341947e-05,-5.9719379495059e-05
1.91725,0.032578131502298,0.90907015741908,-6.3067213460063e-05,-5.928005394941e-05
1.9175,0.039939674910892,0.9085160899537,-6.3637466809594e-05,-5.8836042366035e-05
1.91775,0.047297710456402,0.90789977203894,-6.4203645117779e-05,-5.8387404222719e-05
1.918,0.054651748335586,0.90722117098462,-6.4765715040633e-05,-5.7934199059637e-05
1.91825,0.062001297909518,0.90648025660498,-6.5323644156965e-05,-5.7476486465859e-05
1.9185,0.069345867709792,0.90567700121011,-6.5877400962212e-05,-5.7014326066062e-05
1.91875,0.076684965444361,0.90481137959669,-6.6426954862124e-05,-5.6547777507452e-05
1.919,0.084018098002958,0.90388336903805,-6.6972276166266e-05,-5.6076900446897e-05
1.91925,0.091344771462097,0.90289294927343,-6.7513336081377e-05,-5.5601754538271e-05
1.9195,0.098664491089655,0.90184010249653,-6.8050106704577e-05,-5.512239942001e-05
1.91975,0.10597676134896,0.90072481334331,-6.8582561016422e-05,-5.4638894702886e-05
1.92,0.11328108590238,0.899547068879,-6.9110672873821e-05,-5.4151299957992e-05
1.92025,0.12057696761433,0.89830685858431,-6.9634417002826e-05,-5.3659674704944e-05
1.9205,0.12786390855373,0.89700417434089,-7.0153768991277e-05,-5.3164078400303e-05
1.92075,0.13514140999611,0.89563901041595,-7.0668705281341e-05,-5.2664570426205e-05
1.921,0.14240897242452,0.89421136344599,-7.1179203161916e-05,-5.2161210079221e-05
1.92125,0.14966609553043,0.89272123241985,-7.1685240760934e-05,-5.1654056559426e-05
1.9215,0.15691227821341,0.89116861866076,-7.2186797037549e-05,-5.1143168959684e-05
1.92175,0.16414701858056,0.88955352580754,-7.2683851774221e-05,-5.0628606255162e-05
1.922,0.17136981394462,0.88787595979505,-7.317638556871e-05,-5.0110427293046e-05
1.92225,0.17858016082174,0.88613592883357,-7.3664379825967e-05,-4.9588690782493e-05
1.9225,0.18577755492828,0.88433344338733,-7.414781674994e-05,-4.906345528478e-05
1.92275,0.19296149117657,0.88246851615223,-7.4626679335307e-05,-4.8534779203688e-05
1.923,0.20013146366985,0.88054116203249,-7.5100951359111e-05,-4.8002720776089e-05
1.92325,0.20728696569645,0.87855139811627,-7.5570617372343e-05,-4.7467338062757e-05
1.9235,0.21442748972232,0.87649924365054,-7.6035662691441e-05,-4.6928688939388e-05
1.92375,0.22155252738361,0.87438472001495,-7.6496073389729e-05,-4.6386831087841e-05
1.924,0.22866156947673,0.87220785069428,-7.6951836288804e-05,-4.5841821987582e-05
1.92425,0.23575410594861,0.86996866125048,-7.7402938949856e-05,-4.529371890735e-05
1.9245,0.24282962588483,0.86766717929338,-7.7849369664946e-05,-4.4742578897029e-05
1.92475,0.24988761749673,0.86530343445021,-7.8291117448237e-05,-4.4188458779729e-05
1.925,0.25692756810766,0.8628774583342,-7.8728172027181e-05,-4.363141514408e-05
1.92525,0.26394896413721,0.86038928451223,-7.9160523833666e-05,-4.3071504336728e-05
1.9255,0.2709512910842,0.8578389484713,-7.9588163995141e-05,-4.2508782455036e-05
1.92575,0.27793403350871,0.85522648758346,-8.0011084325694e-05,-4.194330534e-05
1.926,0.28489667501146,0.85255194107044,-8.0429277317123e-05,-4.1375128569353e-05
1.92625,0.29183869821325,0.84981534996642,-8.0842736129971e-05,-4.080430745088e-05
1.9265,0.29875958473053,0.8470167570797,-8.1251454584553e-05,-4.0230897015927e-05
1.92675,0.30565881515135,0.84415620695372,-8.1655427151965e-05,-3.9654952013111e-05
1.927,0.31253586900837,0.84123374582639,-8.2054648945084e-05,-3.9076526902226e-05
1.92725,0.31939022474979,0.83824942158791,-8.2449115709557e-05,-3.8495675848337e-05
1.9275,0.32622135970898,0.83520328373842,-8.2838823814798e-05,-3.7912452716073e-05
1.92775,0.33302875007191,0.83209538334307,-8.3223770244974e-05,-3.7326911064109e-05
1.928,0.33981187084202,0.82892577298684,-8.360395259e-05,-3.6739104139828e-05
1.92825,0.34657019580364,0.82569450672742,-8.397936903654e-05,-3.6149084874182e-05
1.9285,0.3533031974814,0.82240164004709,-8.4350018359019e-05,-3.5556905876723e-05
1.92875,0.3600103471006,0.81904722980337,-8.4715899910649e-05,-3.4962619430827e-05
1.929,0.36669111454063,0.81563133417743,-8.5077013614467e-05,-3.4366277489091e-05
1.92925,0.37334496828974,0.81215401262265,-8.5433359954396e-05,-3.3767931668907e-05
1.9295,0.37997137539541,0.80861532581037,-8.5784939966331e-05,-3.3167633248214e-05
1.92975,0.38656980141009,0.80501533557487,-8.6131755229241e-05,-3.2565433161424e-05
1.93,0.39313971033903,0.80135410485669,-8.6473807856309e-05,-3.1961381995507e-05
1.93025,0.39968056457968,0.79763169764459,-8.6811100486093e-05,-3.1355529986262e-05
1.9305,0.40619182486019,0.79384817891662,-8.7143636273726e-05,-3.0747927014741e-05
1.93075,0.41267295017664,0.79000361457774,-8.7471418882147e-05,-3.0138622603832e-05
1.931,0.41912339772245,0.78609807139865,-8.7794452473375e-05,-2.9527665915022e-05
1.93125,0.42554262281846,0.78213161695031,-8.8112741699817e-05,-2.8915105745297e-05
1.9315,0.43193007883676,0.77810431953961,-8.842629169562e-05,-2.8300990524208e-05
1.93175,0.43828521712126,0.77401624814112,-8.8735108068071e-05,-2.7685368311097e-05
1.932,0.44460748690497,0.76986747232793,-8.9039196889036e-05,-2.7068286792456e-05
1.93225,0.45089633522249,0.76565806220176,-8.9338564686455e-05,-2.6449793279453e-05
1.9325,0.4571512068179,0.76138808832089,-8.9633218435883e-05,-2.5829934705592e-05
1.93275,0.46337154404887,0.75705762162478,-8.9923165552083e-05,-2.5208757624522e-05
1.933,0.46955678678546,0.75266673336038,-9.0208413880674e-05,-2.4586308207984e-05
1.93325,0.47570637230506,0.74821549500314,-9.0488971689834e-05,-2.3962632243903e-05
1.9335,0.48181973518058,0.7437039781789,-9.0764847662065e-05,-2.3337775134604e-05
1.93375,0.48789630716499,0.73913225458223,-9.1036050886005e-05,-2.2711781895174e-05
1.934,0.49393551706971,0.73450039589467,-9.1302590848316e-05,-2.2084697151946e-05
1.93425,0.49993679063657,0.72980847369934,-9.1564477425619e-05,-2.1456565141119e-05
1.9345,0.50589955040509,0.72505655939523,-9.1821720876503e-05,-2.0827429707501e-05
1.93475,0.51182321557315,0.72024472410856,-9.2074331833593e-05,-2.0197334303367e-05
1.935,0.5177072018504,0.71537303860341,-9.2322321295686e-05,-1.9566321987455e-05
1.93525,0.52355092130649,0.71044157318912,-9.2565700619951e-05,-1.8934435424069e-05
1.9355,0.5293537822095,0.70545039762727,-9.2804481514201e-05,-1.8301716882298e-05
1.93575,0.53511518886206,0.70039958103469,-9.3038676029233e-05,-1.7668208235355e-05
1.936,0.54083454142404,0.69528919178737,-9.3268296551232e-05,-1.7033950960022e-05
1.93625,0.54651123572994,0.69011929742063,-9.349335579426e-05,-1.6398986136206e-05
1.9365,0.55214466310025,0.68488996452558,-9.3713866792798e-05,-1.5763354446604e-05
1.93675,0.5577342101405,0.67960125864974,-9.3929842894381e-05,-1.5127096176464e-05
1.937,0.56327925853233,0.67425324418743,-9.4141297752288e-05,-1.4490251213458e-05
1.93725,0.5687791848168,0.66884598427514,-9.4348245318321e-05,-1.385285904765e-05
1.9375,0.57423336016657,0.66337954068104,-9.4550699835648e-05,-1.3214958771553e-05
1.93775,0.57964115014703,0.65785397369427,-9.4748675831732e-05,-1.2576589080298e-05
1.938,0.58500191446907,0.65226934201222,-9.4942188111322e-05,-1.1937788271879e-05
1.93825,0.59031500672854,0.64662570262349,-9.5131251749538e-05,-1.1298594247499e-05
1.9385,0.59557977413618,0.64092311069364,-9.5315882085019e-05,-1.0659044511997e-05
1.93875,0.60079555723123,0.63516161944492,-9.5496094713153e-05,-1.0019176174363e-05
1.939,0.60596168959051,0.62934128003433,-9.5671905479391e-05,-9.3790259483378e-06
1.93925,0.61107749751337,0.62346214143339,-9.5843330472628e-05,-8.7386301530963e-06
1.9395,0.61614229970264,0.61752425030239,-9.6010386018672e-05,-8.0980247139996e-06
1.93975,0.621155406925,0.61152765086429,-9.6173088673786e-05,-7.4572451634374e-06
1.94,0.62611612165905,0.60547238477722,-9.6331455218314e-05,-6.8163266417361e-06
1.94025,0.63102373772646,0.5993584910049,-9.6485502650383e-05,-6.1753038981411e-06
1.9405,0.63587753990673,0.59318600568564,-9.6635248179684e-05,-5.534211291875e-06
1.94075,0.64067680353419,0.58695496200078,-9.6780709221332e-05,-4.8930827932557e-06
1.941,0.64542079407917,0.58066539003797,-9.6921903389809e-05,-4.2519519848907e-06
1.94125,0.65010876670621,0.5743173166602,-9.7058848492987e-05,-3.6108520629263e-06
1.9415,0.65473996581794,0.56791076536455,-9.7191562526221e-05,-2.9698158383686e-06
1.94175,0.65931362457045,0.56144575614999,-9.7320063666534e-05,-2.3288757384592e-06
1.942,0.66382896437584,0.55492230537463,-9.7444370266874e-05,-1.6880638081096e-06
1.94225,0.66828519437499,0.54834042561975,-9.7564500850452e-05,-1.0474117113977e-06
1.9425,0.67268151088845,0.54170012554908,-9.7680474105158e-05,-4.0695073311455e-07
1.94275,0.67701709684514,0.53500140976866,-9.7792308878061e-05,2.3328821963602e-07
1.943,0.68129112118198,0.52824427868667,-9.7900024169979e-05,8.7327461578108e-07
1.94325,0.68550273821311,0.52142872837637,-9.8003639130136e-05,1.5129782985777e-06
1.9435,0.68965108697906,0.5145547504324,-9.8103173050893e-05,2.1523694838642e-06
1.94375,0.69373529055422,0.50762233183589,-9.8198645362558e-05,2.7914187582594e-06
1.944,0.69775445533299,0.50063145481613,-9.8290075628272e-05,3.430097077326e-06
1.94425,0.70170767027666,0.49358209671195,-9.8377483538976e-05,4.0683757636821e-06
1.9445,0.70559400612502,0.48647422984204,-9.8460888908454e-05,4.7062265050782e-06
1.94475,0.70941251457335,0.47930782137065,-9.8540311668447e-05,5.3436213524333e-06
1.945,0.71316222741109,0.47208283317912,-9.8615771863855e-05,5.9805327178282e-06
1.94525,0.71684215561832,0.46479922174069,-9.8687289648003e-05,6.6169333724701e-06
1.9455,0.72045128841723,0.45745693800116,-9.8754885277988e-05,7.2527964446146e-06
1.94575,0.72398859228625,0.4500559272594,-9.8818579110103e-05,7.8880954174584e-06
1.946,0.72745300991659,0.44259612906036,-9.8878391595332e-05,8.5228041270017e-06
1.94625,0.73084345913006,0.43507747708717,-9.8934343274918e-05,9.1568967598732e-06
1.9465,0.73415883173307,0.42749989906664,-9.8986454776012e-05,9.7903478511325e-06
1.94675,0.73739799232642,0.41986331667981,-9.9034746807385e-05,1.0423132282043e-05
1.947,0.74055977704958,0.41216764548396,-9.9079240155217e-05,1.1055225277816e-05
1.94725,0.74364299226756,0.404412794841,-9.9119955678965e-05,1.1686602405329e-05
1.9475,0.74664641319167,0.3965986678649,-9.9156914307289e-05,1.231723957083e-05
1.94775,0.74956878243448,0.38872516137626,-9.9190137034059e-05,1.2947113017601e-05
1.948,0.75240880849157,0.38079216587505,-9.9219644914427e-05,1.3576199323619e-05
1.94825,0.75516516414905,0.37279956553045,-9.9245459060975e-05,1.4204475399184e-05
1.9485,0.75783648481148,0.36474723818773,-9.9267600639925e-05,1.4831918484535e-05
1.94875,0.76042136674635,0.3566350553974,-9.9286090867419e-05,1.5458506147444e-05
1.949,0.76291836524074,0.3484628824675,-9.9300951005873e-05,1.6084216280795e-05
1.94925,0.76532599266352,0.34023057854094,-9.9312202360388e-05,1.670902710015e-05
1.9495,0.76764271643059,0.33193799670375,-9.9319866275238e-05,1.7332917141294e-05
1.94975,0.76986695686686,0.32358498412155,-9.9323964130419e-05,1.7955865257775e-05
1.95,0.77199708495716,0.31517138221474,-9.9324517338259e-05,1.8577850618425e-05
