1.7,0.68145980558808,0.68758045901461,-3.4813133490748e-05,1.4883230731942e-05
1.70025,0.68573153060473,0.68323152810319,-3.4740509517236e-05,1.5007805602478e-05
1.7005,0.68997609420397,0.67885567617905,-3.4667341184493e-05,1.5132560038136e-05
1.70075,0.69419332761276,0.67445306218243,-3.459362526003e-05,1.5257493311892e-05
1.701,0.6983830628967,0.67002384603523,-3.4519358491891e-05,1.5382604681527e-05
1.70125,0.70254513296418,0.66556818863744,-3.4444537608534e-05,1.5507893389433e-05
1.7015,0.70667937157062,0.66108625186368,-3.4369159318721e-05,1.5633358662421e-05
1.70175,0.71078561332266,0.65657819855975,-3.4293220311395e-05,1.5758999711523e-05
1.702,0.71486369368233,0.65204419253916,-3.4216717255563e-05,1.5884815731786e-05
1.70225,0.71891344897132,0.64748439857955,-3.4139646800181e-05,1.6010805902077e-05
1.7025,0.72293471637508,0.64289898241928,-3.4062005574036e-05,1.6136969384871e-05
1.70275,0.72692733394698,0.63828811075408,-3.3983790185621e-05,1.6263305326051e-05
1.703,0.73089114061277,0.6336519512333,-3.3904997223021e-05,1.638981285469e-05
1.70325,0.73482597617434,0.62899067245671,-3.382562325379e-05,1.6516491082841e-05
1.7035,0.73873168131449,0.62430444397081,-3.3745664824828e-05,1.6643339105325e-05
1.70375,0.74260809760048,0.61959343626543,-3.3665118462265e-05,1.6770355999509e-05
1.704,0.74645506748883,0.61485782077034,-3.3583980671334e-05,1.6897540825084e-05
1.70425,0.75027243432912,0.61009776985161,-3.3502247936248e-05,1.7024892623847e-05
1.7045,0.75406004236833,0.60531345680822,-3.341991672008e-05,1.7152410419469e-05
1.70475,0.75781773675513,0.6005050558686,-3.3336983464637e-05,1.7280093217271e-05
1.705,0.76154536354399,0.59567274218707,-3.3253444590335e-05,1.7407940003988e-05
1.70525,0.76524276969938,0.59081669184025,-3.3169296496075e-05,1.7535949747536e-05
1.7055,0.76890980310011,0.58593708182388,-3.3084535559117e-05,1.7664121396775e-05
1.70575,0.7725463125433,0.58103409004911,-3.2999158134952e-05,1.7792453881267e-05
1.706,0.77615214774907,0.57610789533879,-3.2913160557178e-05,1.7920946111035e-05
1.70625,0.77972715936413,0.57115867742446,-3.282653913737e-05,1.8049596976313e-05
1.7065,0.78327119896666,0.56618661694237,-3.2739290164955e-05,1.8178405347298e-05
1.70675,0.7867841190699,0.56119189543037,-3.2651409907077e-05,1.8307370073899e-05
1.707,0.79026577312705,0.55617469532386,-3.2562894608477e-05,1.8436489985477e-05
1.70725,0.79371601553499,0.55113519995282,-3.2473740491355e-05,1.8565763890592e-05
1.7075,0.79713470163881,0.54607359353785,-3.2383943755243e-05,1.8695190576733e-05
1.70775,0.80052168773596,0.54099006118686,-3.2293500576875e-05,1.8824768810061e-05
1.708,0.80387683108036,0.53588478889159,-3.2202407110052e-05,1.8954497335131e-05
1.70825,0.80719998988697,0.53075796352371,-3.2110659485514e-05,1.9084374874629e-05
1.7085,0.81049102333604,0.5256097728314,-3.2018253810805e-05,1.921440012909e-05
1.70875,0.81374979157689,0.52044040543598,-3.1925186170139e-05,1.9344571776621e-05
1.709,0.8169761557327,0.51525005082829,-3.1831452624267e-05,1.9474888472617e-05
1.70925,0.82016997790493,0.51003889936451,-3.1737049210344e-05,1.9605348849478e-05
1.7095,0.82333112117645,0.50480714226364,-3.164197194179e-05,1.9735951516318e-05
1.70975,0.82645944961762,0.49955497160269,-3.1546216808159e-05,1.9866695058669e-05
1.71,0.82955482828911,0.49428258031399,-3.1449779774999e-05,1.9997578038188e-05
1.71025,0.83261712324655,0.48899016218102,-3.1352656783719e-05,2.0128598992352e-05
1.7105,0.83564620154557,0.483677911835,-3.1254843751448e-05,2.0259756434159e-05
1.71075,0.83864193124497,0.47834602475123,-3.1156336570899e-05,2.0391048851812e-05
1.711,0.84160418141198,0.47299469724508,-3.105713111023e-05,2.0522474708415e-05
1.71125,0.84453282212582,0.46762412646897,-3.0957223212906e-05,2.0654032441651e-05
1.7115,0.84742772448248,0.46223451040813,-3.0856608697558e-05,2.0785720463462e-05
1.71175,0.85028876059934,0.45682604787665,-3.0755283357844e-05,2.0917537159728e-05
1.712,0.85311580361854,0.45139893851487,-3.0653242962308e-05,2.1049480889934e-05
1.71225,0.8559087277122,0.44595338278442,-3.0550483254238e-05,2.1181549986844e-05
1.7125,0.85866740808618,0.44048958196497,-3.0446999951525e-05,2.1313742756155e-05
1.71275,0.86139172098501,0.4350077381507,-3.0342788746522e-05,2.1446057476163e-05
1.713,0.86408154369565,0.42950805424615,-3.0237845305898e-05,2.1578492397416e-05
1.71325,0.86673675455212,0.42399073396266,-3.0132165270497e-05,2.1711045742361e-05
1.7135,0.8693572329397,0.41845598181432,-3.0025744255194e-05,2.1843715704993e-05
1.71375,0.87194285929989,0.41290400311419,-2.9918577848749e-05,2.1976500450494e-05
1.714,0.87449351513356,0.40733500397072,-2.9810661613664e-05,2.210939811487e-05
1.71425,0.87700908300646,0.40174919128391,-2.9701991086036e-05,2.2242406804582e-05
1.7145,0.87948944655342,0.39614677274062,-2.9592561775412e-05,2.2375524596175e-05
1.71475,0.88193449048184,0.39052795681177,-2.9482369164641e-05,2.2508749535897e-05
1.715,0.88434410057714,0.38489295274781,-2.9371408709729e-05,2.2642079639319e-05
1.71525,0.88671816370665,0.37924197057499,-2.9259675839691e-05,2.2775512890946e-05
1.7155,0.88905656782385,0.373575221091,-2.9147165956401e-05,2.2909047243824e-05
1.71575,0.89135920197313,0.36789291586169,-2.9033874434445e-05,2.3042680619142e-05
1.716,0.89362595629381,0.36219526721669,-2.8919796620972e-05,2.3176410905832e-05
1.71625,0.89585672202476,0.35648248824528,-2.8804927835546e-05,2.3310235960155e-05
1.7165,0.89805139150887,0.35075479279242,-2.8689263369993e-05,2.3444153605293e-05
1.71675,0.900209858197,0.34501239545515,-2.857279848825e-05,2.3578161630928e-05
1.717,0.90233201665304,0.33925551157793,-2.845552842622e-05,2.3712257792815e-05
1.71725,0.9044177625577,0.33348435724857,-2.8337448391613e-05,2.3846439812356e-05
1.7175,0.90646699271322,0.32769914929474,-2.8218553563801e-05,2.3980705376161e-05
1.71775,0.90847960504778,0.32190010527913,-2.8098839093659e-05,2.4115052135611e-05
1.718,0.91045549861957,0.31608744349576,-2.7978300103418e-05,2.4249477706405e-05
1.71825,0.91239457362166,0.31026138296571,-2.785693168651e-05,2.438397966811e-05
1.7185,0.91429673138607,0.30442214343248,-2.7734728907411e-05,2.4518555563703e-05
1.71875,0.91616187438833,0.29856994535844,-2.7611686801493e-05,2.4653202899103e-05
1.719,0.91798990625173,0.2927050099202,-2.7487800374866e-05,2.4787919142702e-05
1.71925,0.91978073175186,0.28682755900457,-2.7363064604222e-05,2.4922701724886e-05
1.7195,0.92153425682118,0.28093781520353,-2.7237474436682e-05,2.5057548037551e-05
1.71975,0.92325038855268,0.27503600181131,-2.7111024789642e-05,2.5192455433613e-05
1.72,0.92492903520521,0.26912234281871,-2.698371055061e-05,2.5327421226511e-05
1.72025,0.9265701062073,0.26319706290957,-2.685552657706e-05,2.5462442689703e-05
1.7205,0.92817351216172,0.25726038745579,-2.6726467696266e-05,2.5597517056155e-05
1.72075,0.9297391648497,0.25131254251353,-2.6596528705149e-05,2.5732641517825e-05
1.721,0.93126697723561,0.24535375481834,-2.6465704370121e-05,2.5867813225138e-05
1.72125,0.93275686347139,0.2393842517805,-2.6333989426922e-05,2.6003029286454e-05
1.7215,0.93420873890021,0.2334042614815,-2.6201378580467e-05,2.6138286767531e-05
1.72175,0.93562252006171,0.22741401266844,-2.6067866504688e-05,2.6273582690977e-05
1.722,0.93699812469612,0.22141373475003,-2.5933447842368e-05,2.6408914035699e-05
1.72225,0.93833547174809,0.21540365779195,-2.5798117204992e-05,2.6544277736341e-05
1.7225,0.93963448137198,0.20938401251234,-2.566186917258e-05,2.6679670682714e-05
1.72275,0.94089507493531,0.203355030277,-2.552469829353e-05,2.6815089719222e-05
1.723,0.94211717502373,0.19731694309493,-2.538659908446e-05,2.6950531644279e-05
1.72325,0.94330070544508,0.19126998361358,-2.5247566030045e-05,2.7085993209711e-05
1.7235,0.94444559123383,0.18521438511409,-2.5107593582857e-05,2.7221471120163e-05
1.72375,0.94555175865541,0.17915038150667,-2.4966676163209e-05,2.7356962032484e-05
1.724,0.94661913521041,0.17307820732603,-2.4824808158987e-05,2.7492462555115e-05
1.72425,0.94764764963884,0.16699809772641,-2.4681983925495e-05,2.7627969247461e-05
1.7245,0.94863723192494,0.16091028847648,-2.453819778529e-05,2.7763478619253e-05
1.72475,0.94958781330068,0.15481501595517,-2.4393444028024e-05,2.7898987129913e-05
1.725,0.95049932625092,0.14871251714621,-2.4247716910281e-05,2.8034491187895e-05
1.72525,0.95137170451677,0.14260302963399,-2.4101010655414e-05,2.8169987150027e-05
1.7255,0.95220488310064,0.13648679159776,-2.3953319453387e-05,2.8305471320837e-05
1.72575,0.95299879827006,0.13036404180739,-2.380463746061e-05,2.8440939951878e-05
1.726,0.95375338756222,0.12423501961799,-2.3654958799777e-05,2.8576389241034e-05
1.72625,0.95446858978768,0.11809996496531,-2.3504277559709e-05,2.8711815331822e-05
1.7265,0.95514434503531,0.11195911836038,-2.3352587795186e-05,2.8847214312682e-05
1.72675,0.95578059467587,0.10581272088477,-2.3199883526788e-05,2.8982582216261e-05
1.727,0.95637728136668,0.099661014185343,-2.3046158740732e-05,2.9117915018676e-05
1.72725,0.95693434905544,0.093504240469019,-2.2891407388713e-05,2.9253208638782e-05
1.7275,0.95745174298465,0.087342642498275,-2.2735623387736e-05,2.9388458937415e-05
1.72775,0.95792940969556,0.081176463585168,-2.2578800619963e-05,2.9523661716633e-05
1.728,0.95836729703264,0.07500594758674,-2.2420932932542e-05,2.9658812718942e-05
1.72825,0.95876535414729,0.068831338899802,-2.2262014137452e-05,2.9793907626516e-05
1.7285,0.95912353150218,0.062652882455493,-2.2102038011337e-05,2.9928942060395e-05
1.72875,0.95944178087542,0.056470823713987,-2.1940998295348e-05,3.0063911579684e-05
1.729,0.95972005536439,0.050285408659498,-2.177888869498e-05,3.0198811680732e-05
1.72925,0.95995830939017,0.044096883794868,-2.1615702879911e-05,3.0333637796301e-05
1.7295,0.9601564987011,0.037905496136255,-2.1451434483843e-05,3.0468385294723e-05
1.72975,0.96031458037721,0.03171149320758,-2.1286077104339e-05,3.0603049479047e-05
1.73,0.96043251283403,0.025515123035569,-2.1119624302662e-05,3.0737625586168e-05
1.73025,0.96051025582676,0.019316634143891,-2.0952069603619e-05,3.0872108785948e-05
1.7305,0.96054777045394,0.013116275548244,-2.07834064954e-05,3.1006494180322e-05
1.73075,0.96054501916164,0.0069142967502769,-2.0613628429414e-05,3.1140776802387e-05
1.731,0.96050196574732,0.00071094773271146,-2.0442728820139e-05,3.1274951615488e-05
1.73125,0.96041857536364,-0.0054935210463002,-2.0270701044954e-05,3.1409013512277e-05
1.7315,0.96029481452259,-0.011698858659078,-2.0097538443988e-05,3.1542957313767e-05
1.73175,0.9601306510991,-0.01790481371326,-1.992323431996e-05,3.1676777768367e-05
1.732,0.95992605433505,-0.024111134358298,-1.9747781938022e-05,3.1810469550905e-05
1.73225,0.95968099484285,-0.030317568289791,-1.9571174525603e-05,3.1944027261635e-05
1.7325,0.95939544460959,-0.036523862756482,-1.9393405272252e-05,3.2077445425228e-05
1.73275,0.95906937700055,-0.042729764564854,-1.9214467329485e-05,3.2210718489751e-05
1.733,0.95870276676292,-0.048935020085127,-1.903435381063e-05,3.2343840825623e-05
1.73325,0.95829559002973,-0.055139375257137,-1.8853057790672e-05,3.2476806724563e-05
1.7335,0.95784782432347,-0.061342575595622,-1.86705723061e-05,3.2609610398517e-05
1.73375,0.95735944855951,-0.067544366196278,-1.8486890354758e-05,3.2742245978568e-05
1.734,0.95683044305013,-0.073744491741191,-1.8302004895691e-05,3.2874707513834e-05
1.73425,0.95626078950785,-0.07994269650503,-1.8115908848993e-05,3.300698897034e-05
1.7345,0.95565047104916,-0.086138724360236,-1.7928595095664e-05,3.3139084229879e-05
1.73475,0.95499947219803,-0.092332318783366,-1.7740056477454e-05,3.3270987088854e-05
1.735,0.95430777888938,-0.098523222860438,-1.7550285796721e-05,3.34026912571e-05
1.73525,0.95357537847283,-0.10471117929307,-1.7359275816283e-05,3.3534190356687e-05
1.7355,0.95280225971575,-0.11089593040426,-1.7167019259272e-05,3.3665477920704e-05
1.73575,0.95198841280702,-0.11707721814399,-1.6973508808993e-05,3.3796547392028e-05
1.736,0.95113382936043,-0.12325478409544,-1.677873710878e-05,3.3927392122062e-05
1.73625,0.9502385024179,-0.12942836948074,-1.6582696761853e-05,3.4058005369464e-05
1.7365,0.949302426453,-0.13559771516684,-1.6385380331182e-05,3.4188380298852e-05
1.73675,0.9483255973741,-0.14176256167141,-1.6186780339346e-05,3.4318509979482e-05
1.737,0.94730801252776,-0.14792264916875,-1.5986889268397e-05,3.4448387383913e-05
1.73725,0.94624967070196,-0.15407771749588,-1.5785699559727e-05,3.4578005386641e-05
1.7375,0.94515057212935,-0.16022750615833,-1.5583203613931e-05,3.470735676272e-05
1.73775,0.94401071849038,-0.16637175433613,-1.5379393790681e-05,3.4836434186352e-05
1.738,0.9428301129164,-0.17251020088981,-1.5174262408588e-05,3.4965230229455e-05
1.73825,0.94160875999298,-0.17864258436633,-1.4967801745083e-05,3.5093737360212e-05
1.7385,0.94034666576277,-0.18476864300519,-1.4760004036287e-05,3.5221947941587e-05
1.73875,0.93904383772862,-0.19088811474427,-1.4550861476887e-05,3.5349854229826e-05
1.739,0.93770028485664,-0.19700073722577,-1.4340366220018e-05,3.5477448372921e-05
1.73925,0.93631601757917,-0.20310624780259,-1.4128510377139e-05,3.5604722409055e-05
1.7395,0.93489104779763,-0.20920438354385,-1.3915286017922e-05,3.5731668265022e-05
1.73975,0.93342538888546,-0.21529488124125,-1.3700685170135e-05,3.5858277754612e-05
1.74,0.93191905569104,-0.22137747741493,-1.3484699819528e-05,3.5984542576974e-05
1.74025,0.93037206454054,-0.2274519083196,-1.3267321909731e-05,3.6110454314946e-05
1.7405,0.92878443324047,-0.23351790995035,-1.3048543342142e-05,3.6236004433364e-05
1.74075,0.92715618108075,-0.23957521804895,-1.282835597583e-05,3.6361184277328e-05
1.741,0.92548732883718,-0.24562356810955,-1.2606751627428e-05,3.6485985070449e-05
1.74125,0.92377789877424,-0.25166269538506,-1.2383722071044e-05,3.6610397913055e-05
1.7415,0.92202791464774,-0.25769233489279,-1.2159259038164e-05,3.6734413780379e-05
1.74175,0.92023740170724,-0.26371222142064,-1.1933354217561e-05,3.6858023520693e-05
1.742,0.91840638669884,-0.26972208953322,-1.1705999255216e-05,3.6981217853432e-05
1.74225,0.91653489786748,-0.2757216735776,-1.1477185754227e-05,3.7103987367261e-05
1.7425,0.91462296495956,-0.28171070768939,-1.1246905274738e-05,3.7226322518129e-05
1.74275,0.91267061922528,-0.28768892579873,-1.1015149333864e-05,3.7348213627264e-05
1.743,0.91067789342111,-0.29365606163632,-1.0781909405618e-05,3.7469650879152e-05
1.74325,0.90864482181207,-0.29961184873921,-1.0547176920851e-05,3.7590624319464e-05
1.7435,0.9065714401741,-0.30555602045689,-1.0310943267188e-05,3.771112385295e-05
1.74375,0.90445778579625,-0.31148830995708,-1.0073199788976e-05,3.7831139241291e-05
1.744,0.90230389748298,-0.31740845023179,-9.8339377872307e-06,3.7950660100917e-05
1.74425,0.90010981555633,-0.32331617410317,-9.5931485195964e-06,3.8069675900769e-05
1.7445,0.89787558185799,-0.32921121422915,-9.350823200302e-06,3.8188175960037e-05
1.74475,0.8956012397515,-0.33509330310962,-9.1069530001313e-06,3.8306149445836e-05
1.745,0.89328683412426,-0.34096217309207,-8.8615290463948e-06,3.8423585370851e-05
1.74525,0.89093241138953,-0.34681755637752,-8.6145424229084e-06,3.8540472590929e-05
1.7455,0.88853801948847,-0.35265918502605,-8.3659841699807e-06,3.8656799802625e-05
1.74575,0.88610370789196,-0.35848679096296,-8.1158452844052e-06,3.8772555540698e-05
1.746,0.88362952760259,-0.3643001059841,-7.8641167194594e-06,3.8887728175564e-05
1.74625,0.88111553115649,-0.37009886176176,-7.6107893849149e-06,3.900230591069e-05
1.7465,0.87856177262508,-0.37588278985027,-7.3558541470498e-06,3.9116276779939e-05
1.74675,0.87596830761682,-0.3816516216917,-7.0993018286753e-06,3.9229628644863e-05
1.747,0.87333519327911,-0.38740508862142,-6.8411232091664e-06,3.9342349191937e-05
1.74725,0.8706624882997,-0.39314292187363,-6.5813090245032e-06,3.9454425929742e-05
1.7475,0.86795025290851,-0.3988648525869,-6.3198499673223e-06,3.9565846186085e-05
1.74775,0.86519854887919,-0.40457061180962,-6.0567366869768e-06,3.9676597105059e-05
1.748,0.86240743953064,-0.41025993050552,-5.7919597896066e-06,3.9786665644051e-05
1.74825,0.85957698972852,-0.41593253955896,-5.5255098382201e-06,3.9896038570672e-05
1.7485,0.85670726588673,-0.42158816978035,-5.2573773527862e-06,4.0004702459634e-05
1.74875,0.85379833596889,-0.42722655191138,-4.9875528103392e-06,4.0112643689561e-05
1.749,0.85085026948963,-0.43284741663032,-4.7160266450945e-06,4.0219848439721e-05
1.74925,0.84786313751599,-0.4384504945572,-4.4427892485766e-06,4.03263026867e-05
1.7495,0.84483701266876,-0.4440355162589,-4.1678309697632e-06,4.0431992200998e-05
1.74975,0.8417719691237,-0.44960221225433,-3.8911421152406e-06,4.053690254355e-05
1.75,0.83866808261275,-0.45515031301934,-3.6127129493737e-06,4.0641019062176e-05
1.75025,0.83552543042528,-0.46067954899178,-3.3325336944933e-06,4.0744326887944e-05
1.7505,0.83234409140918,-0.46618965057627,-3.0505945310966e-06,4.0846810931466e-05
1.75075,0.82912414597204,-0.47168034814918,-2.7668855980673e-06,4.0948455879092e-05
1.751,0.82586567608216,-0.47715137206327,-2.481396992911e-06,4.104924618904e-05
1.75125,0.82256876526964,-0.48260245265242,-2.1941187720085e-06,4.1149166087421e-05
1.7515,0.81923349862732,-0.48803332023632,-1.9050409508911e-06,4.1248199564182e-05
1.75175,0.81585996281184,-0.49344370512486,-1.6141535045333e-06,4.1346330368954e-05
1.752,0.81244824604445,-0.49883333762268,-1.3214463676665e-06,4.1443542006806e-05
1.75225,0.80899843811203,-0.50420194803356,-1.0269094351173e-06,4.1539817733898e-05
1.7525,0.80551063036789,-0.50954926666469,-7.3053256216509e-07,4.1635140553031e-05
1.75275,0.80198491573259,-0.5148750238309,-4.3230556492777e-07,4.1729493209096e-05
1.753,0.79842138869482,-0.52017894985868,-1.3221822076984e-07,4.1822858184414e-05
1.75325,0.79482014531202,-0.52546077509035,1.6973973126263e-07,4.1915217693963e-05
1.7535,0.7911812832113,-0.53072022988792,4.7357858997655e-07,4.2006553680492e-05
1.75375,0.78750490159002,-0.53595704463687,7.7930869154029e-07,4.2096847809518e-05
1.754,0.78379110121652,-0.54117094975001,1.0869404089606e-06,4.2186081464198e-05
1.75425,0.78003998443082,-0.54636167567092,1.3964841515251e-06,4.2274235740075e-05
1.7545,0.77625165514515,-0.55152895287766,1.7079503642151e-06,4.2361291439702e-05
1.75475,0.77242621884466,-0.55667251188604,2.0213495270785e-06,4.2447229067123e-05
1.755,0.76856378258794,-0.56179208325296,2.3366921545685e-06,4.2532028822219e-05
1.75525,0.76466445500761,-0.56688739757961,2.6539887948426e-06,4.2615670594917e-05
1.7555,0.76072834631087,-0.57195818551443,2.9732500290193e-06,4.2698133959243e-05
1.75575,0.75675556828003,-0.57700417775616,3.2944864703919e-06,4.2779398167232e-05
1.756,0.75274623427294,-0.58202510505654,3.6177087635993e-06,4.2859442142674e-05
1.75625,0.74870045922362,-0.58702069822302,3.9429275837441e-06,4.2938244474706e-05
1.7565,0.74461835964264,-0.5919906881213,4.2701536354664e-06,4.3015783411231e-05
1.75675,0.74050005361759,-0.59693480567768,4.5993976519596e-06,4.3092036852165e-05
1.757,0.73634566081359,-0.60185278188136,4.9306703939333e-06,4.316698234251e-05
1.75725,0.73215530247369,-0.60674434778652,5.2639826485189e-06,4.3240597065242e-05
1.7575,0.72792910141935,-0.61160923451425,5.5993452281095e-06,4.3312857834002e-05
1.75775,0.72366718205085,-0.61644717325438,5.9367689691391e-06,4.3383741085599e-05
1.758,0.71936967034773,-0.62125789526713,6.2762647307926e-06,4.3453222872308e-05
1.75825,0.71503669386924,-0.62604113188453,6.6178433936418e-06,4.3521278853952e-05
1.7585,0.71066838175477,-0.63079661451174,6.9615158582094e-06,4.3587884289773e-05
1.75875,0.70626486472429,-0.63552407462825,7.3072930434497e-06,4.3653014030077e-05
1.759,0.70182627507881,-0.64022324378875,7.6551858851476e-06,4.3716642507641e-05
1.75925,0.69735274670084,-0.64489385362397,8.0052053342299e-06,4.3778743728891e-05
1.7595,0.69284441505483,-0.64953563584122,8.3573623549792e-06,4.3839291264815e-05
1.75975,0.68830141718775,-0.65414832222484,8.7116679231542e-06,4.3898258241633e-05
1.76,0.68372389172948,-0.65873164463638,9.0681330240039e-06,4.3955617331193e-05
1.76025,0.67911197889341,-0.6632853350146,9.4267686501714e-06,4.4011340741089e-05
1.7605,0.67446582047696,-0.6678091253753,9.7875857994849e-06,4.4065400204502e-05
1.76075,0.66978555986223,-0.67230274781085,1.0150595472624e-05,4.411776696973e-05
1.761,0.6650713420165,-0.67676593448963,1.0515808670658e-05,4.4168411789428e-05
1.76125,0.66032331349296,-0.68119841765516,1.0883236392452e-05,4.4217304909518e-05
1.7615,0.65554162243138,-0.68559992962499,1.1252889631922e-05,4.4264416057773e-05
1.76175,0.65072641855878,-0.68997020278947,1.1624779375146e-05,4.4309714432065e-05
1.762,0.6458778531903,-0.69430896961012,1.199891659731e-05,4.4353168688248e-05
1.76225,0.64099607922994,-0.69861596261789,1.2375312259485e-05,4.4394746927688e-05
1.7625,0.63608125117145,-0.70289091441115,1.2753977305231e-05,4.4434416684402e-05
1.76275,0.63113352509929,-0.70713355765334,1.3134922657001e-05,4.4472144911809e-05
1.763,0.62615305868963,-0.71134362507043,1.3518159212356e-05,4.450789796907e-05
1.76325,0.62114001121135,-0.71552084944814,1.3903697839961e-05,4.4541641607003e-05
1.7635,0.61609454352726,-0.71966496362877,1.4291549375359e-05,4.4573340953565e-05
1.76375,0.61101681809525,-0.72377570050791,1.4681724616509e-05,4.4602960498867e-05
1.764,0.60590699896961,-0.7278527930307,1.5074234319073e-05,4.4630464079727e-05
1.76425,0.60076525180243,-0.73189597418789,1.5469089191436e-05,4.4655814863725e-05
1.7645,0.59559174384502,-0.73590497701161,1.5866299889446e-05,4.4678975332751e-05
1.76475,0.59038664394954,-0.73987953457076,1.6265877010856e-05,4.4699907266023e-05
1.765,0.58515012257067,-0.74381937996612,1.6667831089446e-05,4.471857172256e-05
1.76525,0.57988235176736,-0.74772424632519,1.7072172588823e-05,4.4734929023078e-05
1.7655,0.57458350520479,-0.75159386679657,1.7478911895847e-05,4.4748938731304e-05
1.76575,0.56925375815634,-0.75542797454416,1.78880593137e-05,4.4760559634665e-05
1.766,0.56389328750583,-0.75922630274086,1.8299625054542e-05,4.476974972435e-05
1.76625,0.55850227174974,-0.76298858456203,1.8713619231754e-05,4.4776466174702e-05
1.7665,0.55308089099971,-0.76671455317853,1.9130051851728e-05,4.4780665321927e-05
1.76675,0.54762932698511,-0.77040394174939,1.9548932805176e-05,4.4782302642082e-05
1.767,0.54214776305582,-0.77405648341412,1.9970271857943e-05,4.4781332728332e-05
1.76725,0.53663638418509,-0.77767191128462,2.0394078641278e-05,4.4777709267426e-05
1.7675,0.53109537697275,-0.78124995843669,2.0820362641532e-05,4.4771385015376e-05
1.76775,0.52552492964841,-0.78479035790111,2.1249133189257e-05,4.4762311772305e-05
1.768,0.51992523207496,-0.78829284265437,2.1680399447657e-05,4.4750440356435e-05
1.76825,0.51429647575231,-0.79175714560889,2.2114170400355e-05,4.4735720577166e-05
1.7685,0.5086388538212,-0.79518299960286,2.2550454838438e-05,4.4718101207235e-05
1.76875,0.50295256106741,-0.7985701373896,2.2989261346717e-05,4.4697529953899e-05
1.769,0.49723779392606,-0.80191829162647,2.3430598289184e-05,4.4673953429114e-05
1.76925,0.49149475048626,-0.80522719486334,2.3874473793573e-05,4.4647317118671e-05
1.7695,0.48572363049593,-0.80849657953056,2.4320895735006e-05,4.4617565350241e-05
1.76975,0.47992463536692,-0.8117261779264,2.476987171864e-05,4.4584641260293e-05
1.77,0.47409796818048,-0.81491572220405,2.5221409061264e-05,4.4548486759852e-05
1.77025,0.4682438336929,-0.8180649443581,2.5675514771766e-05,4.4509042499022e-05
1.7705,0.46236243834151,-0.82117357621046,2.6132195530414e-05,4.4466247830261e-05
1.77075,0.45645399025105,-0.82424134939573,2.6591457666849e-05,4.4420040770336e-05
1.771,0.45051869924028,-0.82726799534612,2.7053307136733e-05,4.4370357960928e-05
1.77125,0.44455677682899,-0.83025324527568,2.7517749496937e-05,4.4317134627807e-05
1.7715,0.43856843624537,-0.83319683016404,2.7984789879193e-05,4.4260304538559e-05
1.77175,0.43255389243376,-0.83609848073952,2.8454432962097e-05,4.4199799958786e-05
1.772,0.42651336206273,-0.83895792746168,2.8926682941351e-05,4.4135551606721e-05
1.77225,0.42044706353369,-0.84177490050319,2.9401543498136e-05,4.4067488606228e-05
1.7725,0.41435521698976,-0.84454912973114,2.9879017765482e-05,4.3995538438086e-05
1.77275,0.40823804432528,-0.84728034468765,3.0359108292499e-05,4.391962688954e-05
1.773,0.40209576919563,-0.84996827456986,3.0841817006334e-05,4.3839678002015e-05
1.77325,0.39592861702757,-0.8526126482092,3.1327145171683e-05,4.3755614016969e-05
1.7735,0.38973681503013,-0.85521319405003,3.1815093347706e-05,4.3667355319787e-05
1.77375,0.38352059220593,-0.85776964012754,3.2305661342159e-05,4.3574820381673e-05
1.774,0.37728017936318,-0.86028171404488,3.2798848162551e-05,4.3477925699463e-05
1.77425,0.3710158091281,-0.86274914294966,3.3294651964122e-05,4.3376585733298e-05
1.7745,0.364727715958,-0.86517165350961,3.3793069994423e-05,4.327071284208e-05
1.77475,0.358416136155,-0.86754897188748,3.4294098534258e-05,4.3160217216666e-05
1.775,0.3520813078803,-0.86988082371516,3.4797732834736e-05,4.30450068107e-05
1.77525,0.3457234711692,-0.87216693406701,3.5303967050157e-05,4.2924987269054e-05
1.7755,0.33934286794678,-0.87440702743232,3.581279416644e-05,4.2800061853788e-05
1.77575,0.33293974204425,-0.87660082768695,3.6324205924787e-05,4.2670131367576e-05
1.776,0.32651433921612,-0.8787480580641,3.683819274022e-05,4.2535094074546e-05
1.77625,0.32006690715811,-0.88084844112417,3.735474361466e-05,4.2394845618464e-05
1.7765,0.31359769552584,-0.88290169872377,3.7873846044133e-05,4.224927893823e-05
1.77675,0.30710695595442,-0.88490755198373,3.8395485919694e-05,4.2098284180619e-05
1.777,0.30059494207885,-0.8868657212562,3.8919647421609e-05,4.1941748610254e-05
1.77725,0.29406190955539,-0.88877592609082,3.9446312906332e-05,4.1779556516758e-05
1.7775,0.28750811608379,-0.89063788519978,3.997546278572e-05,4.1611589119088e-05
1.77775,0.28093382143061,-0.89245131642198,4.0507075397962e-05,4.1437724467026e-05
1.778,0.27433928745343,-0.89421593668611,4.1041126869599e-05,4.1257837339844e-05
1.77825,0.26772477812627,-0.89593146197264,4.157759096799e-05,4.1071799142166e-05
1.7785,0.26109055956594,-0.89759760727477,4.2116438943539e-05,4.0879477797066e-05
1.77875,0.2544369000597,-0.89921408655823,4.265763936092e-05,4.0680737636476e-05
1.779,0.24776407009401,-0.90078061271995,4.3201157918511e-05,4.0475439288988e-05
1.77925,0.24107234238455,-0.90229689754562,4.3746957255165e-05,4.0263439565181e-05
1.7795,0.23436199190751,-0.90376265166595,4.4294996743394e-05,4.0044591340621e-05
1.77975,0.22763329593226,-0.90517758451184,4.484523226797e-05,3.9818743436749e-05
1.78,0.22088653405538,-0.90654140426819,4.5397615988874e-05,3.9585740499879e-05
1.78025,0.21412198823614,-0.90785381782656,4.5952096087444e-05,3.9345422878635e-05
1.7805,0.20733994283348,-0.9091145307364,4.6508616494495e-05,3.9097626500153e-05
1.78075,0.2005406846446,-0.91032324715505,4.7067116599079e-05,3.8842182745504e-05
1.781,0.19372450294509,-0.91147966979637,4.7627530936491e-05,3.8578918324835e-05
1.78125,0.18689168953087,-0.91258349987789,4.8189788853979e-05,3.8307655152825e-05
1.7815,0.1800425387618,-0.91363443706667,4.8753814152552e-05,3.8028210225173e-05
1.78175,0.1731773476071,-0.91463217942363,4.9319524703152e-05,3.7740395496916e-05
1.782,0.16629641569282,-0.91557642334638,4.9886832035316e-05,3.7444017763559e-05
1.78225,0.15940004535113,-0.91646686351062,5.0455640896375e-05,3.713887854609e-05
1.7825,0.15248854167173,-0.9173031928099,5.1025848779053e-05,3.6824773981189e-05
1.78275,0.14556221255543,-0.91808510229388,5.1597345415238e-05,3.6501494718075e-05
1.783,0.13862136876995,-0.91881228110488,5.2170012233526e-05,3.6168825823699e-05
1.78325,0.13166632400798,-0.91948441641285,5.2743721778007e-05,3.5826546698214e-05
1.7835,0.12469739494774,-0.92010119334868,5.3318337085607e-05,3.5474431002947e-05
1.78375,0.11771490131598,-0.92066229493568,5.3893711019155e-05,3.5112246603401e-05
1.784,0.11071916595365,-0.92116740201939,5.4469685553185e-05,3.4739755530195e-05
1.78425,0.10371051488423,-0.9216161931956,5.504609100934e-05,3.4356713961217e-05
1.7845,0.09668927738493,-0.92200834473647,5.56227452381e-05,3.3962872228757e-05
1.78475,0.08965578606083,-0.92234353051487,5.6199452743411e-05,3.3557974855863e-05
1.785,0.082610376922072,-0.92262142192672,5.677600374668e-05,3.314176062674e-05
1.78525,0.075553389464225,-0.92284168781148,5.7352173186494e-05,3.2713962696673e-05
1.7855,0.068485166752031,-0.92300399437061,5.7927719650314e-05,3.2274308747625e-05
1.78575,0.061406055506519,-0.92310800508399,5.8502384234399e-05,3.1822521196513e-05
1.786,0.054316406195811,-0.92315338062433,5.9075889328137e-05,3.1358317463996e-05
1.78625,0.047216573129608,-0.92313977876943,5.9647937319064e-05,3.0881410312664e-05
1.7865,0.040106914557586,-0.92306685431238,6.0218209214931e-05,3.0391508264551e-05
1.78675,0.032987792771902,-0.92293425896952,6.0786363179383e-05,2.9888316109178e-05
1.787,0.025859574213888,-0.92274164128617,6.1352032978095e-05,2.9371535514628e-05
1.78725,0.018722629585139,-0.9224886465402,6.1914826332669e-05,2.8840865755681e-05
1.7875,0.011577333963269,-0.92217491664322,6.2474323180108e-05,2.8296004574636e-05
1.78775,0.0044240669223512,-0.92180009003947,6.30300738365e-05,2.7736649192265e-05
1.788,-0.0027367873415652,-0.92136380160239,6.3581597064467e-05,2.7162497488262e-05
1.78825,-0.0099048398798022,-0.9208656825287,6.4128378045219e-05,2.6573249372666e-05
1.7885,-0.017079696854993,-0.92030536023014,6.4669866257553e-05,2.5968608372022e-05
1.78875,-0.024260959399312,-0.91968245822265,6.5205473268101e-05,2.5348283456439e-05
1.789,-0.031448223466927,-0.91899659601311,6.5734570439441e-05,2.4711991136308e-05
1.78925,-0.038641079680221,-0.91824738898351,6.6256486565571e-05,2.405945786012e-05
1.7895,-0.045839113169701,-0.91743444827255,6.6770505447681e-05,2.3390422747624e-05
1.78975,-0.053041903407222,-0.91655738065465,6.7275863427277e-05,2.2704640695417e-05
1.79,-0.06024902403224,-0.91561578841634,6.7771746898642e-05,2.2001885894881e-05
1.79025,-0.067460042670851,-0.91460926923,6.8257289828403e-05,2.1281955805137e-05
1.7905,-0.074674520747296,-0.91353741602487,6.8731571316808e-05,2.0544675626218e-05
1.79075,-0.081892013287517,-0.9123998168555,6.9193613243257e-05,1.9789903319898e-05
1.791,-0.089112068714567,-0.91119605476733,6.9642378047868e-05,1.9017535227253e-05
1.79125,-0.096334228635431,-0.90992570765966,7.0076766711454e-05,1.8227512333033e-05
1.7915,-0.10355802761885,-0.90858834814585,7.0495617008416e-05,1.7419827226841e-05
1.79175,-0.11078299296391,-0.90718354341077,7.0897702120769e-05,1.6594531809681e-05
1.792,-0.11800864445879,-0.90571085506558,7.1281729716926e-05,1.5751745791344e-05
1.79225,-0.12523449412939,-0.90416983899966,7.1646341615946e-05,1.4891666018639e-05
1.7925,-0.13246004597741,-0.90256004522996,7.1990114176691e-05,1.4014576666345e-05
1.79275,-0.13968479570725,-0.90088101774756,7.2311559571597e-05,1.3120860311158e-05
1.793,-0.1469082304414,-0.89913229436154,7.2609128126242e-05,1.2211009893076e-05
1.79325,-0.15412982842381,-0.89731340654032,7.2881211928222e-05,1.128564154797e-05
1.7935,-0.16134905871054,-0.89542387925027,7.312614993138e-05,1.0345508268448e-05
1.79375,-0.16856538084741,-0.89346323079185,7.3342234803201e-05,9.3915143167782e-06
1.794,-0.17577824453375,-0.89143097263325,7.3527721783197e-05,8.4247302726116e-06
1.79425,-0.18298708927193,-0.88932660924161,7.3680839836571e-05,7.4464085487305e-06
1.7945,-0.19019134400182,-0.88714963791186,7.3799805398607e-05,6.4579991493556e-06
1.79475,-0.19739042671961,-0.88489954859348,7.3882839008546e-05,5.4611653772839e-06
1.795,-0.20458374408033,-0.88257582371497,7.3928185124363e-05,4.4577991182345e-06
1.79525,-0.21177069098317,-0.88017793800644,7.3934135388477e-05,3.450035243942e-06
1.7955,-0.21895065013906,-0.87770535832038,7.3899055575257e-05,2.4402645810712e-06
1.79575,-0.22612299161955,-0.87515754345068,7.3821416390197e-05,1.4311447933603e-06
1.796,-0.23328707238616,-0.87253394395022,7.3699828203707e-05,4.2560842332582e-07
1.79625,-0.24044223579938,-0.86983400194724,7.3533079685673e-05,-5.7313275754791e-07
1.7965,-0.24758781110644,-0.86705715096058,7.3320180157064e-05,-1.561588027886e-06
1.79675,-0.25472311290674,-0.86420281571423,7.3060405289843e-05,-2.5359936298431e-06
1.797,-0.26184744059404,-0.8612704119514,7.2753345566089e-05,-3.4923253594377e-06
1.79725,-0.26896007777438,-0.85825934624838,7.2398956654085e-05,-4.4263188719691e-06
1.7975,-0.27606029165852,-0.8551690158287,7.1997610579085e-05,-5.3334986816388e-06
1.79775,-0.28314733242786,-0.85199880837783,7.1550146269743e-05,-6.209216707625e-06
1.798,-0.29022043257257,-0.84874810185897,7.1057917762858e-05,-7.0487010124756e-06
1.79825,-0.29727880620066,-0.84541626433035,7.0522838069136e-05,-7.8471150837718e-06
1.7985,-0.30432164831672,-0.84200265376458,6.9947416466263e-05,-8.5996276222807e-06
1.79875,-0.3113481340689,-0.8385066178707,6.9334786821377e-05,-9.3014923219465e-06
1.799,-0.31835741796269,-0.83492749391947,6.8688724484066e-05,-9.948136570528e-06
1.79925,-0.32534863304008,-0.83126460857261,6.8013649363507e-05,-1.0535257386319e-05
1.7995,-0.33232089002232,-0.82751727771694,6.7314613035411e-05,-1.1058922269287e-05
1.79975,-0.33927327641487,-0.82368480630393,6.6597268133689e-05,-1.1515672027841e-05
1.8,-0.34620485557264,-0.81976648819592,6.5867818873339e-05,-1.1902622097428e-05
1.80025,-0.35311466572379,-0.81576160601977,6.5132952313531e-05,-1.2217558451269e-05
1.8005,-0.36000171895024,-0.81166943102917,6.4399750872933e-05,-1.2459023972643e-05
1.80075,-0.36686500012281,-0.80748922297676,6.3675587603292e-05,-1.2626391160628e-05
1.801,-0.37370346578907,-0.80322022999732,6.2968006744841e-05,-1.2719917310509e-05
1.80125,-0.38051604301173,-0.79886168850353,6.2284593048987e-05,-1.2740778858207e-05
1.8015,-0.38730162815522,-0.79441282309584,6.1632834175524e-05,-1.2691082390877e-05
1.80175,-0.39405908561838,-0.789872846488,6.1019981073621e-05,-1.2573850861289e-05
1.802,-0.40078724651055,-0.78524095945027,6.0452911573291e-05,-1.2392984733838e-05
1.80225,-0.40748490726878,-0.78051635077217,5.9938002405309e-05,-1.2153199046843e-05
1.8025,-0.41415082821341,-0.77569819724694,5.9481014521647e-05,-1.1859938600326e-05
1.80275,-0.42078373203931,-0.77078566368014,5.9086995926816e-05,-1.1519274571755e-05
1.803,-0.42738230223998,-0.76577790292482,5.8760205305445e-05,-1.113778673714e-05
1.80325,-0.43394518146152,-0.76067405594614,5.8504058620519e-05,-1.0722436066186e-05
1.8035,-0.44047096978349,-0.75547325191833,5.8321099652682e-05,-1.028043273135e-05
1.80375,-0.44695822292338,-0.75017460835739,5.8212994251378e-05,-9.8191045170063e-06
1.804,-0.45340545036152,-0.74477723129287,5.8180546964055e-05,-9.3457702622766e-06
1.80425,-0.45981111338302,-0.73928021548276,5.8223737774827e-05,-8.8676223703177e-06
1.8045,-0.4661736230332,-0.73368264467546,5.8341775971015e-05,-8.3916216362178e-06
1.80475,-0.47249133798294,-0.72798359192348,5.8533167691528e-05,-7.9244067614766e-06
1.805,-0.4787625623002,-0.7221821199536,5.8795793496809e-05,-7.4722200106353e-06
1.80525,-0.48498554312397,-0.71627728159883,5.9126992316494e-05,-7.040849592112e-06
1.8055,-0.4911584682366,-0.71026812029794,5.9523648342227e-05,-6.6355885638535e-06
1.80575,-0.49727946353071,-0.7041536706685,5.9982277794009e-05,-6.2612094119994e-06
1.806,-0.50334659036628,-0.6979329591604,6.0499112949919e-05,-5.9219529472733e-06
1.80625,-0.50935784281412,-0.69160500479689,6.1070181343774e-05,-5.6215298139742e-06
1.8065,-0.51531114478123,-0.68516882001092,6.169137856158e-05,-5.3631327025008e-06
1.80675,-0.52120434701378,-0.67862341158537,6.2358533571521e-05,-5.1494572814029e-06
1.807,-0.52703522397363,-0.67196778170613,6.3067465979242e-05,-4.9827298967784e-06
1.80725,-0.53280147058381,-0.66520092913795,6.3814034994196e-05,-4.8647402008066e-06
1.8075,-0.53850069883882,-0.65832185053368,6.4594180216185e-05,-4.7968770429536e-06
1.80775,-0.5441304342755,-0.6513295418883,6.5403954602383e-05,-4.780166164675e-06
1.808,-0.54968811230019,-0.64422300015028,6.6239550157798e-05,-4.8153084622684e-06
1.80825,-0.55517107436818,-0.63700122500335,6.7097317013214e-05,-4.9027178076615e-06
1.8085,-0.56057656401164,-0.62966322083335,6.7973776622809e-05,-5.0425576320108e-06
1.80875,-0.56590172271218,-0.62220799889546,6.8865629838755e-05,-5.2347756741768e-06
1.809,-0.57114358561475,-0.61463457969848,6.976976061135e-05,-5.4791364707536e-06
1.80925,-0.57629907707971,-0.60694199562439,7.0683236029657e-05,-5.7752513140961e-06
1.8095,-0.58136500607058,-0.59912929380213,7.1603303366814e-05,-6.1226055294515e-06
1.80975,-0.58633806137504,-0.59119553925664,7.2527384732707e-05,-6.5205830229237e-06
1.81,-0.59121480665791,-0.58313981835547,7.3453069869779e-05,-6.9684881305732e-06
1.81025,-0.59599167534508,-0.57496124257683,7.4378107559516e-05,-7.4655648580165e-06
1.8105,-0.60066496533846,-0.56665895262477,7.5300396040497e-05,-8.0110136421298e-06
1.81075,-0.60523083356295,-0.55823212291928,7.6217972775962e-05,-8.6040057946578e-06
1.811,-0.60968529034757,-0.54967996649054,7.7129003851053e-05,-9.2436958042826e-06
1.81125,-0.61402419364413,-0.54100174030927,7.8031773227755e-05,-9.9292316813246e-06
1.8115,-0.61824324308857,-0.53219675108656,7.892467203964e-05,-1.0659763529908e-05
1.81175,-0.62233797391167,-0.52326436157969,7.9806188068612e-05,-1.1434450527816e-05
1.812,-0.62630375070791,-0.51420399744205,8.067489551172e-05,-1.2252466485905e-05
1.81225,-0.63013576107355,-0.50501515465845,8.1529445117408e-05,-1.3113004148133e-05
1.8125,-0.63382900912771,-0.49569740760915,8.2368554746741e-05,-1.4015278380799e-05
1.81275,-0.63737830893307,-0.48625041780918,8.3191000395654e-05,-1.4958528386402e-05
1.813,-0.64077827783631,-0.47667394337167,8.3995607698662e-05,-1.5942019064104e-05
1.81325,-0.64402332975208,-0.46696784924753,8.4781243922114e-05,-1.6965041625518e-05
1.8135,-0.64710766841874,-0.45713211829591,8.5546810445572e-05,-1.802691356187e-05
1.81375,-0.65002528065882,-0.44716686324327,8.6291235722786e-05,-1.91269780465e-05
1.814,-0.65276992968248,-0.43707233959182,8.7013468708613e-05,-2.02646028455e-05
1.81425,-0.65533514847854,-0.42684895954053,8.7712472734767e-05,-2.1439178799019e-05
1.8145,-0.65771423334416,-0.4164973069851,8.8387219815208e-05,-2.265011792634e-05
1.81475,-0.65990023761184,-0.40601815366573,8.9036685360949e-05,-2.3896851199416e-05
1.815,-0.66188596564075,-0.39541247653379,8.9659843283996e-05,-2.5178826021978e-05
1.81525,-0.66366396714874,-0.3846814764109,9.0255661470739e-05,-2.6495503444566e-05
1.8155,-0.6652265319713,-0.37382659801538,9.0823097606293e-05,-2.7846355139972e-05
1.81575,-0.66656568534552,-0.36284955143241,9.1361095332951e-05,-2.9230860158297e-05
1.816,-0.66767318382877,-0.35175233510496,9.1868580727865e-05,-3.0648501476388e-05
1.81625,-0.6685405119761,-0.34053726042214,9.2344459087388e-05,-3.2098762352492e-05
1.8165,-0.66915887991475,-0.32920697798078,9.2787612007948e-05,-3.3581122493699e-05
1.81675,-0.66951922197017,-0.31776450559402,9.3196894756018e-05,-3.5095054040928e-05
1.817,-0.66961219651608,-0.30621325811673,9.3571133922519e-05,-3.6640017374024e-05
1.81725,-0.66942818723907,-0.29455707915293,9.3909125359889e-05,-3.8215456737657e-05
1.8175,-0.66895730602939,-0.28280027470321,9.4209632403045e-05,-3.9820795687433e-05
1.81775,-0.6681893977307,-0.27094764880106,9.44713843785e-05,-4.145543235466e-05
1.818,-0.66711404700498,-0.25900454117548,9.4693075409e-05,-4.311873452768e-05
1.81825,-0.66572058759294,-0.24697686696233,9.4873363524222e-05,-4.4810034547641e-05
1.8185,-0.66399811427604,-0.23487115846939,9.5010870091215e-05,-4.6528624016804e-05
1.81875,-0.66193549787272,-0.22269460897818,9.5104179581494e-05,-4.8273748318212e-05
1.819,-0.65952140362864,-0.2104551185393,9.515183969489e-05,-5.0044600946734e-05
1.81925,-0.65674431338888,-0.19816134168778,9.5152361863455e-05,-5.1840317652967e-05
1.8195,-0.65359255196739,-0.18582273696796,9.5104222161858e-05,-5.365997040362e-05
1.81975,-0.65005431815664,-0.17344961811546,9.5005862653839e-05,-5.5502561164449e-05
1.82,-0.64611772084628,-0.1610532066952,9.4855693207228e-05,-5.736701551483e-05
1.82025,-0.64177082074394,-0.14864568593744,9.4652093812938e-05,-5.9252176106695e-05
1.8205,-0.63700167821239,-0.13624025545106,9.4393417445961e-05,-6.1156795984561e-05
1.82075,-0.63179840775427,-0.12385118642027,9.407799350883e-05,-6.3079531788227e-05
1.821,-0.6261492396875,-0.11149387681041,9.3704131900079e-05,-6.5018936864962e-05
1.82125,-0.62004258955878,-0.099184906018629,9.3270127751895e-05,-6.6973454324011e-05
1.8215,-0.61346713583832,-0.086942088305594,9.2774266882355e-05,-6.8941410072906e-05
1.82175,-0.60641190642415,-0.074784524236222,9.2214832008155e-05,-7.0921005882335e-05
1.822,-0.59886637445549,-0.06273264924004,9.1590109763593e-05,-7.2910312534268e-05
1.82225,-0.59082056389115,-0.050808278275785,9.0898398570485e-05,-7.4907263116654e-05
1.8225,-0.58226516524609,-0.039034645452309,9.013801740164e-05,-7.6909646537166e-05
1.82275,-0.57319166179597,-0.027436437319365,8.9307315477292e-05,-7.8915101338148e-05
1.823,-0.5635924664511,-0.016039818399556,8.8404682929253e-05,-8.0921109905175e-05
1.82325,-0.55346106936629,-0.0048724473908489,8.7428562461509e-05,-8.2924993171979e-05
1.8235,-0.54279219618712,0.006036517670904,8.6377462028156e-05,-8.4923905935281e-05
1.82375,-0.5315819766348,0.016656427131345,8.5249968539934e-05,-8.6914832903622e-05
1.824,-0.51982812289789,0.026955162279437,8.404476259898e-05,-8.889458561465e-05
1.82425,-0.50753011702781,0.036899174811624,8.276063424753e-05,-9.0859800365225e-05
1.8245,-0.4946894062269,0.046453545329708,8.1396499700265e-05,-9.2806937307545e-05
1.82475,-0.48130960457043,0.055582063040794,7.995141901146e-05,-9.4732280872303e-05
1.825,-0.46739669932231,0.064247328819117,7.8424614607245e-05,-9.6631941685828e-05
1.82525,-0.4529592595893,0.072410883726485,7.6815490590103e-05,-9.8501860152032e-05
1.8255,-0.43800864461709,0.080033364960133,7.5123652697157e-05,-0.0001003378118712
1.82575,-0.42255920857181,0.087074690992597,7.3348928766357e-05,-0.00010213541506564
1.826,-0.40662849818324,0.093494277378661,7.1491389535308e-05,-0.00010389014017624
1.82625,-0.39023743916432,0.099251284320244,6.9551369566898e-05,-0.00010559732178425
1.8265,-0.37341050688323,0.10430489659344,6.7529488064426e-05,-0.00010725217299704
1.82675,-0.35617587636953,0.10861463584887,6.5426669307477e-05,-0.00010884980241673
1.827,-0.33856554640494,0.11214070459538,6.3244162408902e-05,-0.00011038523378408
1.82725,-0.32061543221108,0.11484436037099,6.0983560064262e-05,-0.00011185342835807
1.8275,-0.30236542112293,0.11668831770266,5.8646815938661e-05,-0.00011324931005287
1.82775,-0.28385938565819,0.11763717447225,5.62362603136e-05,-0.00011456779330934
1.828,-0.26514514858353,0.1176578582613,5.3754613599403e-05,-0.00011580381362756
1.82825,-0.24627439496135,0.11672008717071,5.120499730821e-05,-0.00011695236063057
1.8285,-0.22730252675703,0.11479683853843,4.859094208008e-05,-0.0001180085134687
1.82875,-0.20828845640525,0.11186481795086,4.5916392361275e-05,-0.00011896747830931
1.829,-0.18929433678283,0.1079049200094,4.3185707350892e-05,-0.00011982462758996
1.82925,-0.1703852263051,0.1029026715246,4.0403657860306e-05,-0.00012057554064564
1.8295,-0.15162868933702,0.09684864721777,3.7575418770131e-05,-0.0001212160452546
1.82975,-0.1330943337569,0.089738847667296,3.47065568221e-05,-0.00012174225958508
1.83,-0.11485328928564,0.081575029189202,3.1803013548124e-05,-0.00012215063396869
1.83025,-0.096977632040348,0.072364975628169,2.8871083215264e-05,-0.00012243799187796
1.8305,-0.079539762619919,0.062122702682582,2.5917385752557e-05,-0.00012260156944885
1.83075,-0.062611746805848,0.050868586406823,2.2948834721707e-05,-0.00012263905286473
1.831,-0.046264629579769,0.038629408919144,1.9972600496511e-05,-0.0001225486129099
1.83125,-0.030567734542063,0.025438316069516,1.6996068923023e-05,-0.00012232893600924
1.8315,-0.015587961881494,0.011334683841311,1.4026795840484e-05,-0.00012197925109713
1.83175,-0.0013890987302839,-0.0036361074894779,1.1072457948839e-05,-0.00012149935170455
1.832,0.011968844012276,-0.01942299001608,8.1408006084808e-06,-0.00012088961271743
1.83225,0.02443025452486,-0.035969611811344,5.2395832478792e-06,-0.00012015100134174
1.8325,0.035944489413146,-0.053214821210025,2.3765231319592e-06,-0.00011928508190944
1.83275,0.046466377563143,-0.071093223235293,-4.4076169546864e-07,-0.0001182940142716
1.833,0.055956648089854,-0.089535797640519,-3.2048094402474e-06,-0.00011718054564891
1.83325,0.064382273929322,-0.1084705663755,-5.9083706820668e-06,-0.0001159479959398
1.8335,0.071716724864391,-0.12782329703558,-8.5444627211971e-06,-0.00011460023662071
1.83375,0.077940126206027,-0.14751822806184,-1.1106421299685e-05,-0.00011314166350511
1.834,0.083039321869656,-0.16747880115835,-1.3587948896531e-05,-0.00011157716375546
1.83425,0.087007843083167,-0.1876283865803,-1.5983158865182e-05,-0.00010991207765913
1.8345,0.089845786337472,-0.20789098759917,-1.8286614769279e-05,-0.00010815215578362
1.83475,0.09155960635061,-0.22819191152481,-2.0493364376245e-05,-0.00010630351221287
1.835,0.092161831685285,-0.24845839609409,-2.2598967884489e-05,-0.00010437257463448
1.83525,0.091670712179171,-0.26862018174328,-2.459952008436e-05,-0.00010236603209332
1.8355,0.090109808480666,-0.2886100221824,-2.6491666281902e-05,-0.00010029078125191
1.83575,0.087507534713666,-0.30836412769362,-2.827261194314e-05,-9.8153871999307e-05
1.836,0.083896665628274,-0.32782253759759,-2.9940126141371e-05,-9.5962453231447e-05
1.83625,0.079313819552504,-0.34692942029338,-3.1492539006941e-05,-9.3723719586623e-05
1.8365,0.073798928081016,-0.36563330110831,-3.2928733484933e-05,-9.144485986352e-05
1.83675,0.067394702769122,-0.38388721984333,-3.4248131798682e-05,-8.9133007778102e-05
1.837,0.060146108200325,-0.40164882132254,-3.545067709398e-05,-8.6795195633115e-05
1.83725,0.052099849722693,-0.41888038343056,-3.6536810799114e-05,-8.4438311383179e-05
1.8375,0.043303882962394,-0.43554878803562,-3.7507446279044e-05,-8.2069059482785e-05
1.83775,0.033806950978295,-0.45162544085089,-3.8363939388116e-05,-7.9693925807277e-05
1.838,0.023658153669692,-0.46708614669431,-3.9108056535603e-05,-7.7319146840992e-05
1.83825,0.01290655283296,-0.48191094678885,-3.9741940873275e-05,-7.4950683234704e-05
1.8385,0.0016008151181866,-0.49608392472562,-4.0268077195717e-05,-7.2594197748826e-05
1.83875,-0.010211105910284,-0.50959298752408,-4.0689256114222e-05,-7.0255037520977e-05
1.839,-0.022482248336693,-0.52242962789672,-4.1008538025821e-05,-6.7938220527851e-05
1.83925,-0.035166881610421,-0.53458867339288,-4.1229217352508e-05,-6.5648426052863e-05
1.8395,-0.048220708619157,-0.54606802758824,-4.1354787474103e-05,-6.3389988922806e-05
1.83975,-0.061601031863063,-0.55686840792976,-4.1388906723405e-05,-6.1166897239076e-05
1.84,-0.075266885891575,-0.56699308426593,-4.1335365756215e-05,-5.8982793301425e-05
1.84025,-0.089179138466974,-0.57644762150997,-4.119805655302e-05,-5.6840977403983e-05
1.8405,-0.10330056311631,-0.58523962931444,-4.0980943254958e-05,-5.4744414173941e-05
1.84075,-0.11759588584086,-0.59337852109588,-4.0688034985364e-05,-5.2695741121449e-05
1.841,-0.13203180878123,-0.60087528424372,-4.0323360760433e-05,-5.069727907433e-05
1.84125,-0.14657701360072,-0.60774226288907,-3.9890946549098e-05,-4.8751044181776e-05
1.8415,-0.16120214726295,-0.61399295419721,-3.9394794503419e-05,-4.6858761186256e-05
1.84175,-0.17587979275222,-0.6196418187861,-3.8838864346868e-05,-4.5021877681594e-05
1.842,-0.19058442712859,-0.62470410556062,-3.8227056878887e-05,-4.3241579096347e-05
1.84225,-0.20529236913336,-0.6291956909884,-3.7563199529899e-05,-4.1518804164527e-05
1.8425,-0.21998171837191,-0.63313293262311,-3.6851033881344e-05,-3.9854260669537e-05
1.84275,-0.23463228790657,-0.636532536504,-3.6094205050022e-05,-3.8248441271376e-05
1.843,-0.24922553189938,-0.63941143792022,-3.5296252824623e-05,-3.6701639250866e-05
1.84325,-0.26374446975425,-0.64178669492273,-3.4460604434513e-05,-3.5213964027896e-05
1.8435,-0.27817360802736,-0.64367539388942,-3.3590568826118e-05,-3.3785356332555e-05
1.84375,-0.29249886120295,-0.64509456639842,-3.2689332320241e-05,-3.2415602928751e-05
1.844,-0.30670747227194,-0.64606111663454,-3.1759955523954e-05,-3.1104350809041e-05
1.84425,-0.32078793390475,-0.64659175854246,-3.0805371372865e-05,-2.9851120796806e-05
1.8445,-0.33472991087535,-0.64670296194321,-2.982838418337e-05,-2.8655320507761e-05
1.84475,-0.34852416427414,-0.6464109068456,-2.8831669599393e-05,-2.7516256636785e-05
1.845,-0.36216247793978,-0.64573144520833,-2.7817775324045e-05,-2.6433146548471e-05
1.84525,-0.37563758744529,-0.64468006943945,-2.6789122533179e-05,-2.5405129160597e-05
1.8455,-0.38894311189151,-0.64327188695632,-2.5748007874739e-05,-2.4431275118906e-05
1.84575,-0.4020734886886,-0.64152160016838,-2.4696605965057e-05,-2.3510596269462e-05
1.846,-0.41502391144485,-0.63944349128674,-2.3636972300524e-05,-2.264205444136e-05
1.84625,-0.42779027102996,-0.63705141140729,-2.2571046510246e-05,-2.1824569557853e-05
1.8465,-0.44036909983519,-0.63435877335599,-2.1500655882407e-05,-2.1057027098257e-05
1.84675,-0.45275751921688,-0.63137854782744,-2.0427519103802e-05,-2.0338284936261e-05
1.847,-0.46495319007939,-0.62812326238788,-1.9353250158538e-05,-1.9667179582725e-05
1.84725,-0.47695426652924,-0.62460500295305,-1.8279362338023e-05,-1.9042531862794e-05
1.8475,-0.48875935251357,-0.62083541738803,-1.7207272320065e-05,-1.8463152058204e-05
1.84775,-0.50036746134072,-0.61682572091139,-1.6138304280296e-05,-1.7927844546258e-05
1.848,-0.51177797797019,-0.61258670301832,-1.507369400401e-05,-1.7435411967012e-05
1.84825,-0.52299062395131,-0.60812873566772,-1.4014592971018e-05,-1.6984658949936e-05
1.8485,-0.53400542488487,-0.60346178250664,-1.2962072390269e-05,-1.6574395430777e-05
1.84875,-0.54482268027941,-0.59859540893075,-1.1917127164633e-05,-1.6203439588458e-05
1.849,-0.55544293567278,-0.59353879280337,-1.0880679769634e-05,-1.5870620430871e-05
1.84925,-0.56586695689029,-0.58830073567722,-9.8535840329133e-06,-1.5574780057261e-05
1.8495,-0.57609570631286,-0.5828896743822,-8.8366288038137e-06,-1.5314775623586e-05
1.84975,-0.58613032103139,-0.57731369286041,-7.8305415048835e-06,-1.5089481035952e-05
1.85,-0.59597209276697,-0.57158053414557,-6.8359915591407e-06,-1.4897788395789e-05
1.85025,-0.60562244944143,-0.56569761239796,-5.8535936887317e-06,-1.4738609219075e-05
1.8505,-0.61508293828678,-0.55967202491911,-4.8839110822271e-06,-1.461087545049e-05
1.85075,-0.62435521038748,-0.55351056408161,-3.927458429105e-06,-1.451354029201e-05
1.851,-0.63344100655454,-0.54721972911954,-2.9847048211629e-06,-1.4445578864101e-05
1.85125,-0.64234214443542,-0.54080573773427,-2.0560765215748e-06,-1.4405988716382e-05
1.8515,-0.65106050676958,-0.53427453747785,-1.1419596031148e-06,-1.4393790203332e-05
1.85175,-0.65959803070398,-0.52763181688357,-2.4270245779514e-07,-1.4408026739444e-05
1.852,-0.66795669808851,-0.52088301631912,6.4138181931436e-07,-1.4447764947078e-05
1.85225,-0.67613852667619,-0.51403333854325,1.510013168835e-06,-1.4512094709165e-05
1.8525,-0.68414556215744,-0.5070877589516,2.3629424247892e-06,-1.4600129137901e-05
1.85275,-0.69197987096298,-0.500051035501,3.199949287411e-06,-1.4711004469622e-05
1.853,-0.6996435337738,-0.49292771830558,4.0208404069713e-06,-1.4843879895129e-05
1.85325,-0.70713863968111,-0.48572215890052,4.8254475743944e-06,-1.4997937333908e-05
1.8535,-0.71446728094323,-0.47843851917222,5.613626014374e-06,-1.517238115991e-05
1.85375,-0.72163154829008,-0.4710807799555,6.3852527766362e-06,-1.5366437885827e-05
1.854,-0.72863352672957,-0.46365274930065,7.1402252209963e-06,-1.5579355812137e-05
1.85425,-0.73547529181348,-0.45615807041427,7.8784595919089e-06,-1.5810404646568e-05
1.8545,-0.74215890632378,-0.4486002292795,8.5998896782332e-06,-1.6058875099067e-05
1.85475,-0.74868641734305,-0.44098256196205,9.3044655540463e-06,-1.6324078456835e-05
1.855,-0.75505985367566,-0.43330826160922,9.9921523964225e-06,-1.6605346143514e-05
1.85525,-0.76128122358873,-0.42558038515012,1.0662929376194e-05,-1.6902029266161e-05
1.8555,-0.76735251284473,-0.41780185970527,1.1316788617867e-05,-1.7213498153265e-05
1.85575,-0.77327568299908,-0.40997548871475,1.1953734224958e-05,-1.7539141886677e-05
1.856,-0.77905266993915,-0.40210395779372,1.2573781367182e-05,-1.7878367830003e-05
1.85625,-0.78468538264211,-0.39418984032486,1.3176955426055e-05,-1.8230601155702e-05
1.8565,-0.79017570213146,-0.38623560279697,1.3763291195605e-05,-1.8595284372859e-05
1.85675,-0.79552548061353,-0.37824360989916,1.4332832135056e-05,-1.897187685736e-05
1.857,-0.80073654077668,-0.37021612937992,1.4885629670475e-05,-1.9359854385954e-05
1.85725,-0.80581067523763,-0.36215533668047,1.5421742542502e-05,-1.9758708675515e-05
1.8575,-0.81074964612031,-0.35406331935143,1.5941236197462e-05,-2.0167946928596e-05
1.85775,-0.81555518475422,-0.34594208126162,1.6444182219252e-05,-2.058709138625e-05
1.858,-0.82022899147997,-0.3377935466081,1.6930657799561e-05,-2.1015678888884e-05
1.85825,-0.82477273555124,-0.32961956373558,1.7400745244093e-05,-2.1453260445851e-05
1.8585,-0.82918805512273,-0.32142190877381,1.7854531512588e-05,-2.1899400814308e-05
1.85875,-0.83347655731515,-0.31320228910086,1.8292107790578e-05,-2.2353678087797e-05
1.859,-0.83763981834863,-0.30496234664011,1.8713569090896e-05,-2.2815683294893e-05
1.85925,-0.84167938373691,-0.29670366099852,1.9119013883101e-05,-2.3285020008198e-05
1.8595,-0.84559676853543,-0.28842775245335,1.9508543749072e-05,-2.3761303963871e-05
1.85975,-0.84939345763664,-0.28013608479451,1.9882263063122e-05,-2.4244162691815e-05
1.86,-0.85307090610712,-0.27183006802904,2.0240278695095e-05,-2.4733235156615e-05
1.86025,-0.85663053956083,-0.26351106095437,2.0582699734987e-05,-2.522817140923e-05
1.8605,-0.86007375456399,-0.25518037360651,2.0909637237736e-05,-2.5728632249419e-05
1.86075,-0.86340191906704,-0.246839269589,2.1221203986889e-05,-2.6234288898854e-05
1.861,-0.86661637285984,-0.23848896828852,2.1517514275951e-05,-2.6744822684803e-05
1.86125,-0.86971842804651,-0.23013064698244,2.1798683706288e-05,-2.7259924734287e-05
1.8615,-0.87270936953657,-0.2217654428436,2.2064829000536e-05,-2.7779295678534e-05
1.86175,-0.87559045554964,-0.2133944548472,2.2316067830517e-05,-2.8302645367587e-05
1.862,-0.87836291813086,-0.20501874558473,2.255251865874e-05,-2.8829692594858e-05
1.86225,-0.88102796367479,-0.19663934298924,2.277430059264e-05,-2.9360164831439e-05
1.8625,-0.88358677345557,-0.18825724197649,2.2981533250719e-05,-2.9893797969947e-05
1.86275,-0.88604050416145,-0.17987340600591,2.317433663986e-05,-3.0430336077683e-05
1.863,-0.88839028843195,-0.1714887685654,2.3352831043097e-05,-3.0969531158867e-05
1.86325,-0.89063723539606,-0.16310423458379,2.3517136917192e-05,-3.1511142925716e-05
1.8635,-0.89278243121021,-0.15472068177426,2.3667374799396e-05,-3.2054938578104e-05
1.86375,-0.89482693959465,-0.14633896191241,2.3803665222842e-05,-3.2600692591576e-05
1.864,-0.89677180236725,-0.13795990205194,2.3926128640021e-05,-3.3148186513447e-05
1.86425,-0.8986180399737,-0.12958430568122,2.4034885353862e-05,-3.3697208766744e-05
1.8645,-0.90036665201321,-0.12121295382354,2.4130055455941e-05,-3.4247554461724e-05
1.86475,-0.90201861775913,-0.11284660608385,2.4211758771415e-05,-3.4799025214732e-05
1.865,-0.90357489667363,-0.10448600164458,2.428011481026e-05,-3.5351428974132e-05
1.86525,-0.90503642891598,-0.096131860213149,2.4335242724466e-05,-3.5904579853053e-05
1.8655,-0.90640413584394,-0.087784882923486,2.4377261270834e-05,-3.645829796872e-05
1.86575,-0.90767892050779,-0.079445753193736,2.4406288779068e-05,-3.7012409288106e-05
1.866,-0.90886166813669,-0.071115137542505,2.4422443124864e-05,-3.7566745479647e-05
1.86625,-0.90995324661702,-0.062793686365469,2.4425841707722e-05,-3.8121143770806e-05
1.8665,-0.9109545069625,-0.054482034674471,2.4416601433247e-05,-3.8675446811209e-05
1.86675,-0.91186628377583,-0.046180802800813,2.4394838699676e-05,-3.9229502541133e-05
1.867,-0.91268939570176,-0.037890597064536,2.4360669388449e-05,-3.9783164065109e-05
1.86725,-0.91342464587141,-0.029612010411443,2.4314208858603e-05,-4.0336289530383e-05
1.8675,-0.91407282233776,-0.021345623019271,2.425557194481e-05,-4.088874201003e-05
1.86775,-0.91463469850233,-0.013092002874667,2.4184872958893e-05,-4.1440389390466e-05
1.868,-0.91511103353284,-0.0048517063223353,2.4102225694657e-05,-4.199110426314e-05
1.86825,-0.9155025727721,0.0033747214123809,2.4007743435887e-05,-4.2540763820188e-05
1.8685,-0.91581004813789,0.011586745725955,2.3901538967383e-05,-4.3089249753795e-05
1.86875,-0.91603417851404,0.019783842163255,2.3783724588897e-05,-4.3636448159079e-05
1.869,-0.91617567013274,0.027965495966859,2.3654412131849e-05,-4.4182249440245e-05
1.86925,-0.91623521694801,0.036131201648045,2.351371297873e-05,-4.4726548219808e-05
1.8695,-0.91621350100065,0.044280462578528,2.3361738085056e-05,-4.5269243250659e-05
1.86975,-0.91611119277452,0.052412790601835,2.3198598003802e-05,-4.5810237330762e-05
1.87,-0.91592895154441,0.060527705663328,2.3024402912193e-05,-4.6349437220256e-05
1.87025,-0.91566742571564,0.068624735458208,2.2839262640787e-05,-4.6886753560768e-05
1.8705,-0.91532725315524,0.076703415096306,2.2643286704728e-05,-4.7422100796701e-05
1.87075,-0.91490906151528,0.084763286783176,2.2436584337118e-05,-4.7955397098304e-05
1.871,-0.91441346854806,0.092803899516569,2.221926452438e-05,-4.8486564286308e-05
1.87125,-0.91384108241351,0.10082480879745,2.199143604357e-05,-4.9015527757907e-05
1.8715,-0.91319250197898,0.10882557635515,2.1753207501504e-05,-4.9542216413899e-05
1.87175,-0.91246831711138,0.11680576988567,2.1504687375655e-05,-5.0066562586761e-05
1.872,-0.91166910896196,0.12476496280276,2.1245984056696e-05,-5.0588501969462e-05
1.87225,-0.91079545024389,0.13270273400106,2.0977205892613e-05,-5.110797354481e-05
1.8725,-0.90984790550266,0.14061866763066,2.0698461234288e-05,-5.162491951513e-05
1.87275,-0.90882703137953,0.14851235288279,2.0409858482448e-05,-5.2139285232069e-05
1.873,-0.90773337686824,0.15638338378584,2.0111506135873e-05,-5.2651019126351e-05
1.87325,-0.90656748356497,0.16423135901137,1.9803512840759e-05,-5.3160072637255e-05
1.8735,-0.90532988591186,0.17205588168967,1.9485987441105e-05,-5.3666400141657e-05
1.87375,-0.90402111143413,0.17985655923434,1.9159039030015e-05,-5.4169958882435e-05
1.874,-0.90264168097097,0.18763300317549,1.8822777001766e-05,-5.4670708896042e-05
1.87425,-0.9011921089004,0.19538482900128,1.847731110452e-05,-5.5168612939105e-05
1.8745,-0.89967290335812,0.20311165600715,1.8122751493516e-05,-5.5663636413832e-05
1.87475,-0.89808456645067,0.21081310715273,1.7759208784595e-05,-5.61557472921e-05
1.875,-0.89642759446286,0.21848880892577,1.7386794107893e-05,-5.664491603804e-05
1.87525,-0.89470247805969,0.22613839121292,1.7005619161517e-05,-5.7131115528975e-05
1.8755,-0.89290970248293,0.2337614871771,1.6615796265029e-05,-5.761432097458e-05
1.87575,-0.89104974774242,0.24135773314096,1.6217438412546e-05,-5.8094509834103e-05
1.876,-0.88912308880226,0.2489267684763,1.5810659325243e-05,-5.8571661731552e-05
1.87625,-0.88713019576202,0.25646823549929,1.5395573503048e-05,-5.9045758368728e-05
1.8765,-0.88507153403303,0.26398177937084,1.4972296275315e-05,-5.9516783435989e-05
1.87675,-0.88294756451002,0.27146704800233,1.4540943850238e-05,-5.9984722520686e-05
1.877,-0.88075874373808,0.27892369196619,1.4101633362755e-05,-6.0449563013183e-05
1.87725,-0.8785055240751,0.28635136441112,1.3654482920713e-05,-6.0911294010414e-05
1.8775,-0.87618835384984,0.29374972098193,1.3199611649024e-05,-6.1369906216928e-05
1.87775,-0.87380767751577,0.30111841974353,1.2737139731553e-05,-6.1825391843423e-05
1.878,-0.87136393580066,0.3084571211091,1.2267188450465e-05,-6.2277744502747e-05
1.87825,-0.86885756585215,0.31576548777212,1.178988022276e-05,-6.27269591034e-05
1.8785,-0.8662890013794,0.32304318464213,1.1305338633722e-05,-6.3173031740564e-05
1.87875,-0.86365867279081,0.3302898787841,1.0813688466988e-05,-6.3615959584748e-05
1.879,-0.86096700732804,0.33750523936117,1.0315055730968e-05,-6.4055740768097e-05
1.87925,-0.8582144291964,0.3446889375806,9.8095676813303e-06,-6.4492374268512e-05
1.8795,-0.85540135969158,0.35184064664293,9.2973528392632e-06,-6.492585979169e-05
1.87975,-0.85252821732305,0.35896004169402,8.7785410052576e-06,-6.5356197651254e-05
1.88,-0.84959541793396,0.36604679977993,8.2532632681198e-06,-6.578338864715e-05
1.88025,-0.84660337481782,0.37310059980459,7.7216520089625e-06,-6.6207433942535e-05
1.8805,-0.84355249883194,0.38012112248994,7.1838408999263e-06,-6.6628334939367e-05
1.88075,-0.84044319850781,0.38710805033861,6.6399648973819e-06,-6.7046093152984e-05
1.881,-0.83727588015836,0.394061067599,6.0901602293943e-06,-6.7460710085949e-05
1.88125,-0.8340509479823,0.4009798602325,5.534564377244e-06,-6.7872187101455e-05
1.8815,-0.83076880416561,0.40786411588297,4.973316050806e-06,-6.8280525296664e-05
1.88175,-0.82742984898016,0.41471352384825,4.4065551576335e-06,-6.8685725376291e-05
1.882,-0.82403448087965,0.4215277750536,3.8344227655918e-06,-6.9087787526857e-05
1.88225,-0.82058309659283,0.42830656202708,3.2570610589314e-06,-6.9486711291979e-05
1.8825,-0.8170760912142,0.43504957887668,2.6746132877157e-06,-6.9882495449129e-05
1.88275,-0.8135138582921,0.44175652126917,2.0872237105362e-06,-7.0275137888301e-05
1.883,-0.80989678991442,0.44842708641064,1.495037530506e-06,-7.066463549303e-05
1.88325,-0.80622527679184,0.45506097302848,8.9820082452801e-07,-7.1050984024212e-05
1.8835,-0.80249970833878,0.46165788135506,2.9686046589243e-07,-7.1434178007228e-05
1.88375,-0.79872047275207,0.46821751311257,-3.0883595970908e-07,-7.1814210622809e-05
1.884,-0.79488795708737,0.47473957149949,-9.187402446352e-07,-7.2191073602146e-05
1.88425,-0.79100254733347,0.48122376117817,-1.5327036560469e-06,-7.2564757126719e-05
1.8845,-0.78706462848449,0.48766978826372,-2.1505770387477e-06,-7.2935249733307e-05
1.88475,-0.78307458460996,0.49407736031408,-2.772210923877e-06,-7.3302538224663e-05
1.885,-0.77903279892299,0.50044618632128,-3.3974556431664e-06,-7.3666607586297e-05
1.88525,-0.77493965384645,0.50677597670361,-4.0261614484247e-06,-7.4027440909807e-05
1.8855,-0.77079553107723,0.51306644329902,-4.6581786358999e-06,-7.4385019323181e-05
1.88575,-0.76660081164873,0.51931729935938,-5.2933576750963e-06,-7.4739321928474e-05
1.886,-0.76235587599144,0.52552825954568,-5.931549341619e-06,-7.5090325747213e-05
1.88625,-0.75806110399186,0.53169903992415,-6.5726048535619e-06,-7.5438005673891e-05
1.8865,-0.75371687504966,0.53782935796325,-7.2163760109264e-06,-7.5782334437842e-05
1.88675,-0.74932356813317,0.54391893253141,-7.8627153375427e-06,-7.6123282573773e-05
1.887,-0.74488156183326,0.54996748389556,-8.5114762249119e-06,-7.646081840118e-05
1.88725,-0.74039123441567,0.55597473372042,-9.1625130773937e-06,-7.6794908012833e-05
1.8875,-0.73585296387169,0.56194040506846,-9.8156814581231e-06,-7.7125515272482e-05
1.88775,-0.73126712796745,0.5678642224005,-1.0470838235027e-05,-7.7452601821852e-05
1.888,-0.72663410429169,0.57374591157702,-1.1127841726312e-05,-7.7776127097002e-05
1.88825,-0.72195427030206,0.57958519985994,-1.1786551844781e-05,-7.8096048354018e-05
1.8885,-0.71722800337013,0.5853818159151,-1.2446830240315e-05,-7.841232070399e-05
1.88875,-0.71245568082496,0.59113548981516,-1.31085404399e-05,-7.8724897157164e-05
1.889,-0.70763767999531,0.59684595304314,-1.377154798455e-05,-7.9033728676102e-05
1.88925,-0.70277437825069,0.60251293849624,-1.443572056249e-05,-7.9338764237645e-05
1.8895,-0.69786615304103,0.6081361804904,-1.5100928138016e-05,-7.9639950903401e-05
1.88975,-0.69291338193516,0.61371541476498,-1.5767043075419e-05,-7.9937233898456e-05
1.89,-0.68791644265812,0.6192503784881,-1.6433940257427e-05,-8.023055669795e-05
1.89025,-0.68287571312724,0.62474081026221,-1.7101497197621e-05,-8.0519861121102e-05
1.8905,-0.67779157148718,0.6301864501301,-1.7769594146335e-05,-8.0805087432242e-05
1.89075,-0.67266439614372,0.63558703958122,-1.8438114189573e-05,-8.1086174448381e-05
1.891,-0.66749456579665,0.64094232155829,-1.9106943340522e-05,-8.1363059652765e-05
1.89125,-0.66228245947144,0.64625204046426,-1.9775970623284e-05,-8.16356793139e-05
1.8915,-0.65702845654996,0.65151594216958,-2.04450881485e-05,-8.1903968609442e-05
1.89175,-0.65173293680019,0.65673377401958,-2.1114191180573e-05,-8.2167861754368e-05
1.892,-0.64639628040501,0.66190528484228,-2.1783178196266e-05,-8.2427292132794e-05
1.89225,-0.64101886798987,0.66703022495632,-2.2451950934496e-05,-8.2682192432826e-05
1.8925,-0.63560108064975,0.67210834617908,-2.3120414437174e-05,-8.2932494783789e-05
1.89275,-0.63014329997509,0.67713940183512,-2.3788477081036e-05,-8.317813089519e-05
1.893,-0.62464590807683,0.68212314676463,-2.4456050600435e-05,-8.341903219678e-05
1.89325,-0.61910928761066,0.68705933733217,-2.5123050101095e-05,-8.3655129979064e-05
1.8935,-0.61353382180038,0.69194773143555,-2.5789394064937e-05,-8.388635553364e-05
1.89375,-0.60791989446051,0.69678808851474,-2.6455004346074e-05,-8.4112640292742e-05
1.894,-0.60226789001807,0.70158016956101,-2.7119806158158e-05,-8.4333915967396e-05
1.89425,-0.59657819353351,0.70632373712621,-2.7783728053285e-05,-8.4550114683613e-05
1.8945,-0.59085119072108,0.71101855533196,-2.8446701892712e-05,-8.4761169116061e-05
1.89475,-0.58508726796831,0.71566438987916,-2.9108662809698e-05,-8.4967012618712e-05
1.895,-0.57928681235482,0.72026100805741,-2.9769549164768e-05,-8.5167579351946e-05
1.89525,-0.57345021167049,0.72480817875457,-3.0429302493779e-05,-8.5362804405681e-05
1.8955,-0.56757785443289,0.72930567246631,-3.1087867449192e-05,-8.5552623918101e-05
1.89575,-0.56167012990409,0.7337532613058,-3.1745191734916e-05,-8.573697518958e-05
1.896,-0.55572742810687,0.73815071901333,-3.240122603522e-05,-8.5915796791489e-05
1.89625,-0.54975013984022,0.74249782096601,-3.3055923938114e-05,-8.6089028669552e-05
1.8965,-0.54373865669435,0.74679434418746,-3.3709241853699e-05,-8.6256612241506e-05
1.89675,-0.53769337106505,0.75104006735754,-3.4361138927935e-05,-8.641849048883e-05
1.897,-0.53161467616749,0.75523477082202,-3.5011576952339e-05,-8.6574608042361e-05
1.89725,-0.52550296604952,0.75937823660226,-3.5660520270061e-05,-8.6724911261655e-05
1.8975,-0.51935863560437,0.76347024840492,-3.630793567886e-05,-8.6869348307982e-05
1.89775,-0.51318208058291,0.76751059163155,-3.6953792331424e-05,-8.7007869210899e-05
1.898,-0.50697369760536,0.77149905338823,-3.7598061633537e-05,-8.7140425928352e-05
1.89825,-0.50073388417252,0.77543542249508,-3.8240717140536e-05,-8.7266972400328e-05
1.8985,-0.49446303867657,0.77931948949582,-3.888173445252e-05,-8.7387464596082e-05
1.89875,-0.48816156041139,0.78315104666721,-3.9521091108741e-05,-8.7501860555012e-05
1.899,-0.48182984958246,0.78692988802842,-4.0158766481608e-05,-8.7610120421276e-05
1.89925,-0.47546830731632,0.79065580935036,-4.0794741670689e-05,-8.7712206472283e-05
1.8995,-0.46907733566965,0.79432860816496,-4.1428999397115e-05,-8.7808083141195e-05
1.89975,-0.46265733763793,0.79794808377428,-4.2061523898724e-05,-8.7897717033614e-05
1.9,-0.45620871716379,0.80151403725966,-4.2692300826303e-05,-8.7981076938657e-05
1.90025,-0.44973187914485,0.80502627149065,-4.3321317141236e-05,-8.8058133834607e-05
1.9005,-0.44322722944147,0.80848459113395,-4.3948561014843e-05,-8.8128860889378e-05
1.90075,-0.43669517488387,0.81188880266218,-4.4574021729696e-05,-8.819323345603e-05
1.901,-0.43013612327914,0.81523871436261,-4.5197689583145e-05,-8.8251229063569e-05
1.90125,-0.42355048341789,0.81853413634571,-4.5819555793266e-05,-8.8302827403307e-05
1.9015,-0.41693866508056,0.82177488055363,-4.6439612407451e-05,-8.8348010311028e-05
1.90175,-0.41030107904352,0.82496076076857,-4.705785221379e-05,-8.8386761745228e-05
1.902,-0.40363813708491,0.82809159262101,-4.767426865541e-05,-8.8419067761714e-05
1.90225,-0.39695025199013,0.83116719359784,-4.8288855747892e-05,-8.8444916484809e-05
1.9025,-0.39023783755725,0.8341873830503,-4.8901607999872e-05,-8.8464298075452e-05
1.90275,-0.38350130860201,0.83715198220191,-4.9512520336916e-05,-8.8477204696448e-05
1.903,-0.37674108096283,0.84006081415614,-5.0121588028735e-05,-8.8483630475136e-05
1.90325,-0.36995757150544,0.84291370390404,-5.0728806619781e-05,-8.8483571463731e-05
1.9035,-0.36315119812742,0.84571047833168,-5.1334171863259e-05,-8.84770255976e-05
1.90375,-0.35632237976253,0.84845096622748,-5.1937679658571e-05,-8.8463992651702e-05
1.904,-0.34947153638493,0.85113499828939,-5.2539325992179e-05,-8.8444474195449e-05
1.90425,-0.34259908901319,0.85376240713192,-5.3139106881886e-05,-8.8418473546199e-05
1.9045,-0.33570545971426,0.85633302729304,-5.373701832449e-05,-8.838599572161e-05
1.90475,-0.32879107160724,0.85884669524092,-5.433305624678e-05,-8.8347047391073e-05
1.905,-0.32185634886707,0.86130324938057,-5.4927216459821e-05,-8.8301636826398e-05
1.90525,-0.31490171672817,0.86370253006025,-5.5519494616452e-05,-8.8249773851979e-05
1.9055,-0.30792760148792,0.86604437957783,-5.6109886171953e-05,-8.8191469794581e-05
1.90575,-0.3009344305102,0.86832864218693,-5.669838634777e-05,-8.8126737432943e-05
1.906,-0.29392263222872,0.87055516410291,-5.7284990098245e-05,-8.8055590947345e-05
1.90625,-0.28689263615045,0.8727237935088,-5.7869692080237e-05,-8.7978045869285e-05
1.9065,-0.27984487285894,0.87483438056099,-5.8452486625539e-05,-8.7894119031404e-05
1.90675,-0.27277977401764,0.87688677739482,-5.903336771602e-05,-8.7803828517785e-05
1.907,-0.26569777237326,0.87888083812997,-5.9612328961342e-05,-8.7707193614742e-05
1.90725,-0.25859930175913,0.88081641887583,-6.0189363579192e-05,-8.7604234762203e-05
1.9075,-0.25148479709848,0.88269337773654,-6.0764464377895e-05,-8.749497350579e-05
1.90775,-0.24435469440796,0.88451157481609,-6.1337623741314e-05,-8.7379432449664e-05
1.908,-0.23720943080103,0.88627087222311,-6.1908833615912e-05,-8.725763521024e-05
1.90825,-0.23004944449147,0.88797113407561,-6.2478085499898e-05,-8.7129606370813e-05
1.9085,-0.22287517479702,0.88961222650559,-6.304537043431e-05,-8.699537143718e-05
1.90875,-0.21568706214305,0.89119401766345,-6.3610678995967e-05,-8.685495679429e-05
1.909,-0.20848554806634,0.89271637772236,-6.4174001292157e-05,-8.6708389663983e-05
1.90925,-0.201271075219,0.8941791788824,-6.4735326956976e-05,-8.6555698063843e-05
1.9095,-0.19404408737248,0.89558229537464,-6.5294645149203e-05,-8.6396910767211e-05
1.90975,-0.18680502942178,0.89692560346513,-6.5851944551623e-05,-8.6232057264372e-05
1.91,-0.17955434738975,0.89820898145863,-6.6407213371699e-05,-8.6061167724931e-05
1.91025,-0.17229248843162,0.89943230970242,-6.6960439343498e-05,-8.5884272961418e-05
1.9105,-0.16501990083963,0.90059547058984,-6.7511609730779e-05,-8.5701404394092e-05
1.91075,-0.15773703404795,0.90169834856381,-6.8060711331165e-05,-8.5512594016984e-05
1.911,-0.15044433863776,0.90274083012019,-6.8607730481304e-05,-8.5317874365157e-05
1.91125,-0.14314226634253,0.90372280381112,-6.9152653062946e-05,-8.5117278483192e-05
1.9115,-0.13583127005355,0.9046441602482,-6.9695464509857e-05,-8.4910839894878e-05
1.91175,-0.12851180382575,0.90550479210565,-7.0236149815493e-05,-8.4698592574112e-05
1.912,-0.12118432288374,0.90630459412328,-7.077469354137e-05,-8.4480570916986e-05
1.91225,-0.11384928362809,0.90704346310955,-7.1311079826056e-05,-8.4256809715042e-05
1.9125,-0.10650714364199,0.9077212979444,-7.1845292394727e-05,-8.4027344129689e-05
1.91275,-0.099158361698146,0.90833799958216,-7.2377314569222e-05,-8.3792209667743e-05
1.913,-0.091803397765989,0.90889347105429,-7.2907129278546e-05,-8.3551442158088e-05
1.91325,-0.084442713019267,0.90938761747218,-7.3434719069755e-05,-8.3305077729415e-05
1.9135,-0.077076769843897,0.90982034602984,-7.3960066119195e-05,-8.3053152789028e-05
1.91375,-0.069706031846272,0.9101915660066,-7.4483152244015e-05,-8.2795704002683e-05
1.914,-0.062330963861843,0.91050118876979,-7.5003958913941e-05,-8.2532768275434e-05
1.91425,-0.054952031964173,0.91074912777738,-7.5522467263248e-05,-8.226438273346e-05
1.9145,-0.047569703474318,0.91093529858066,-7.60386581029e-05,-8.1990584706842e-05
1.91475,-0.040184446970651,0.91105961882691,-7.6552511932821e-05,-8.1711411713257e-05
1.915,-0.032796732299126,0.91112200826212,-7.7064008954258e-05,-8.1426901442572e-05
1.91525,-0.025407030583965,0.91112238873367,-7.757312908221e-05,-8.1137091742291e-05
1.9155,-0.01801581423878,0.91106068419315,-7.8079851957896e-05,-8.0842020603841e-05
1.91575,-0.010623556978219,0.91093682069914,-7.8584156961224e-05,-8.0541726149658e-05
1.916,-0.0032307338300518,0.91075072642015,-7.9086023223249e-05,-8.0236246621042e-05
1.91625,0.0041621788522645,0.91050233163756,-7.9585429638594e-05,-7.9925620366763e-05
1.9165,0.011554703376429,0.9101915687487,-8.0082354877803e-05,-7.9609885832372e-05
1.91675,0.018946360697721,0.90981837227001,-8.0576777399627e-05,-7.9289081550208e-05
1.917,0.026336670404779,0.90938267884037,-8.1068675463206e-05,-7.8963246130052e-05
1.91725,0.0337251507049,0.90888442722448,-8.1558027140144e-05,-7.863241825042e-05
1.9175,0.041111318408763,0.90832355831646,-8.2044810326463e-05,-7.8296636650447e-05
1.91775,0.048494688914504,0.90770001514363,-8.252900275441e-05,-7.7955940122358e-05
1.918,0.055874776191292,0.90701374287038,-8.3010582004129e-05,-7.7610367504479e-05
1.91825,0.063251092762198,0.90626468880233,-8.3489525515167e-05,-7.725995767478e-05
1.9185,0.0706231496865,0.90545280239071,-8.3965810597814e-05,-7.6904749544908e-05
1.91875,0.07799045654135,0.90457803523685,-8.4439414444278e-05,-7.6544782054703e-05
1.919,0.085352521402717,0.90364034109711,-8.4910314139668e-05,-7.6180094167159e-05
1.91925,0.092708850825736,0.90263967588795,-8.5378486672803e-05,-7.5810724863819e-05
1.9195,0.10005894982436,0.90157599769131,-8.5843908946826e-05,-7.5436713140571e-05
1.91975,0.10740232185025,0.90044926676034,-8.6306557789626e-05,-7.5058098003832e-05
1.92,0.11473846877105,0.89925944552548,-8.6766409964063e-05,-7.4674918467098e-05
1.92025,0.12206689084787,0.89800649860083,-8.7223442178001e-05,-7.4287213547833e-05
1.9205,0.12938708671199,0.89669039279095,-8.7677631094132e-05,-7.3895022264688e-05
1.92075,0.13669855334098,0.89531109709804,-8.8128953339609e-05,-7.3498383635023e-05
1.921,0.1440007860338,0.89386858272958,-8.8577385515472e-05,-7.3097336672722e-05
1.92125,0.15129327838535,0.89236282310638,-8.902290420588e-05,-7.2691920386273e-05
1.9215,0.15857552226008,0.89079379387115,-8.9465485987136e-05,-7.2282173777105e-05
1.92175,0.16584700776482,0.88916147289751,-8.9905107436522e-05,-7.1868135838168e-05
1.922,0.17310722322084,0.88746584029964,-9.034174514093e-05,-7.1449845552728e-05
1.92225,0.18035565513499,0.88570687844238,-9.0775375705305e-05,-7.1027341893379e-05
1.9225,0.18759178817004,0.88388457195198,-9.1205975760883e-05,-7.0600663821243e-05
1.92275,0.19481510511416,0.88199890772745,-9.1633521973258e-05,-7.0169850285356e-05
1.923,0.20202508684948,0.8800498749526,-9.205799105024e-05,-6.9734940222218e-05
1.92325,0.20922121231982,0.8780374651087,-9.2479359749543e-05,-6.92959725555e-05
1.9235,0.21640295849745,0.87596167198788,-9.2897604886287e-05,-6.8852986195897e-05
1.92375,0.22356980034898,0.87382249170733,-9.3312703340315e-05,-6.840602004111e-05
1.924,0.23072121080032,0.87161992272421,-9.3724632063345e-05,-6.7955112975955e-05
1.92425,0.23785666070069,0.86935396585142,-9.4133368085943e-05,-6.7500303872574e-05
1.9245,0.24497561878566,0.86702462427423,-9.4538888524328e-05,-6.7041631590762e-05
1.92475,0.2520775516393,0.86463190356779,-9.4941170587017e-05,-6.657913497837e-05
1.925,0.25916192365524,0.86217581171561,-9.5340191581302e-05,-6.6112852871804e-05
1.92525,0.26622819699685,0.85965635912896,-9.5735928919575e-05,-6.5642824096595e-05
1.9255,0.27327583155643,0.85707355866733,-9.61283601255e-05,-6.5169087468031e-05
1.92575,0.28030428491325,0.85442742565997,-9.6517462840023e-05,-6.4691681791854e-05
1.926,0.28731301229081,0.85171797792847,-9.6903214827259e-05,-6.4210645865008e-05
1.92625,0.29430146651287,0.84894523581053,-9.7285593980209e-05,-6.3726018476429e-05
1.9265,0.30126909795856,0.84610922218497,-9.7664578326361e-05,-6.3237838407876e-05
1.92675,0.30821535451644,0.84320996249787,-9.8040146033145e-05,-6.274614443479e-05
1.927,0.31513968153751,0.84024748479014,-9.8412275413255e-05,-6.2250975327185e-05
1.92725,0.32204152178712,0.83722181972635,-9.8780944929849e-05,-6.1752369850554e-05
1.9275,0.32892031539596,0.83413300062498,-9.9146133201625e-05,-6.1250366766792e-05
1.92775,0.33577549980979,0.8309810634901,-9.9507819007767e-05,-6.0745004835131e-05
1.928,0.34260650973829,0.82776604704463,-9.9865981292785e-05,-6.0236322813074e-05
1.92825,0.34941277710277,0.82448799276507,-0.00010022059917124,-5.9724359457337e-05
1.9285,0.35619373098274,0.82114694491794,-0.00010057165193233,-5.9209153524785e-05
1.92875,0.36294879756156,0.81774295059781,-0.00010091911904445,-5.8690743773357e-05
1.929,0.36967740007086,0.81427605976718,-0.00010126298015952,-5.8169168962981e-05
1.92925,0.37637895873399,0.81074632529806,-0.00010160321511732,-5.764446785648e-05
1.9295,0.38305289070835,0.80715380301551,-0.00010193980394971,-5.711667922045e-05
1.92975,0.3896986100267,0.80349855174309,-0.00010227272688468,-5.6585841826122e-05
1.93,0.39631552753736,0.79978063335026,-0.0001026019643504,-5.60519944502e-05
1.93025,0.4029030508433,0.79600011280199,-0.00010292749697914,-5.5515175875668e-05
1.9305,0.40946058424034,0.79215705821039,-0.00010324930561109,-5.4975424892568e-05
1.93075,0.41598752865416,0.78825154088859,-0.00010356737129811,-5.4432780298749e-05
1.931,0.42248328157627,0.78428363540703,-0.00010388167530743,-5.3887280900576e-05
1.93125,0.42894723699908,0.78025341965198,-0.00010419219912518,-5.3338965513606e-05
1.9315,0.43537878534983,0.77616097488658,-0.00010449892445995,-5.278787296322e-05
1.93175,0.4417773134236,0.77200638581446,-0.0001048018332462,-5.223404208522e-05
1.932,0.44814220431525,0.76778974064594,-0.00010510090764764,-5.1677511726381e-05
1.93225,0.45447283735055,0.76351113116691,-0.00010539613006049,-5.1118320744953e-05
1.9325,0.46076858801616,0.75917065281061,-0.00010568748311674,-5.0556508011128e-05
1.93275,0.4670288278889,0.75476840473218,-0.00010597494968729,-4.9992112407447e-05
1.933,0.47325292456394,0.75030448988625,-0.00010625851288501,-4.9425172829172e-05
1.93325,0.47944024158223,0.74577901510767,-0.0001065381560678,-4.8855728184596e-05
1.9335,0.48559013835709,0.74119209119523,-0.00010681386284156,-4.8283817395307e-05
1.93375,0.4917019700999,0.7365438329989,-0.00010708561706304,-4.7709479396401e-05
1.934,0.49777508774515,0.73183435951018,-0.00010735340284275,-4.7132753136642e-05
1.93425,0.50380883787461,0.72706379395617,-0.00010761720454769,-4.6553677578565e-05
1.9345,0.5098025626409,0.72223226389704,-0.0001078770068041,-4.5972291698528e-05
1.93475,0.51575559969042,0.71733990132731,-0.00010813279450013,-4.5388634486706e-05
1.935,0.5216672820856,0.71238684278086,-0.00010838455278847,-4.4802744947032e-05
1.93525,0.52753693822664,0.70737322943987,-0.00010863226708891,-4.4214662097078e-05
1.9355,0.53336389177276,0.70229920724786,-0.00010887592309083,-4.3624424967882e-05
1.93575,0.53914746156299,0.69716492702677,-0.00010911550675569,-4.3032072603716e-05
1.936,0.54488696153659,0.69197054459837,-0.00010935100431944,-4.2437644061801e-05
1.93625,0.55058170065317,0.6867162209101,-0.00010958240229488,-4.1841178411953e-05
1.9365,0.55623098281251,0.68140212216533,-0.00010980968747395,-4.1242714736183e-05
1.93675,0.56183410677431,0.67602841995833,-0.00011003284693005,-4.0642292128234e-05
1.937,0.56739036607777,0.67059529141405,-0.00011025186802021,-4.0039949693055e-05
1.93725,0.57289904896119,0.66510291933268,-0.00011046673838727,-3.9435726546224e-05
1.9375,0.57835943828172,0.6595514923394,-0.00011067744596204,-3.8829661813306e-05
1.93775,0.58377081143518,0.65394120503919,-0.00011088397896535,-3.822179462916e-05
1.938,0.58913244027628,0.64827225817703,-0.00011108632591009,-3.7612164137176e-05
1.93825,0.59444359103917,0.64254485880353,-0.00011128447560321,-3.7000809488464e-05
1.9385,0.59970352425848,0.63675922044614,-0.00011147841714767,-3.6387769840982e-05
1.93875,0.60491149469109,0.63091556328616,-0.00011166813994434,-3.57730843586e-05
1.939,0.6100667512385,0.62501411434156,-0.00011185363369385,-3.5156792210118e-05
1.93925,0.61516853687021,0.61905510765596,-0.00011203488839842,-3.453893256821e-05
1.9395,0.62021608854812,0.61303878449366,-0.00011221189436363,-3.3919544608327e-05
1.93975,0.62520863715202,0.60696539354116,-0.00011238464220013,-3.3298667507533e-05
1.94,0.63014540740649,0.60083519111503,-0.00011255312282538,-3.2676340443287e-05
1.94025,0.63502561780929,0.59464844137658,-0.00011271732746523,-3.2052602592164e-05
1.9405,0.63984848056138,0.58840541655325,-0.00011287724765555,-3.1427493128536e-05
1.94075,0.64461320149887,0.58210639716693,-0.00011303287524381,-3.0801051223172e-05
1.941,0.6493189800269,0.5757516722696,-0.00011318420239057,-3.0173316041809e-05
1.94125,0.6539650090559,0.56934153968598,-0.00011333122157094,-2.9544326743647e-05
1.9415,0.65855047494018,0.56287630626388,-0.00011347392557605,-2.8914122479807e-05
1.94175,0.66307455741926,0.556356288132,-0.00011361230751439,-2.8282742391724e-05
1.942,0.66753642956216,0.54978181096554,-0.00011374636081321,-2.7650225609492e-05
1.94225,0.67193525771471,0.54315321025979,-0.00011387607921977,-2.7016611250154e-05
1.9425,0.67627020145036,0.53647083161173,-0.00011400145680261,-2.6381938415949e-05
1.94275,0.68054041352467,0.52973503100989,-0.00011412248795279,-2.5746246192491e-05
1.943,0.68474503983366,0.52294617513272,-0.00011423916738502,-2.5109573646916e-05
1.94325,0.6888832193765,0.51610464165533,-0.00011435149013882,-2.4471959825971e-05
1.9435,0.69295408422268,0.50921081956514,-0.00011445945157959,-2.3833443754047e-05
1.94375,0.69695675948407,0.50226510948626,-0.00011456304739963,-2.3194064431181e-05
1.944,0.70089036329215,0.49526792401294,-0.00011466227361915,-2.2553860830992e-05
1.94425,0.70475400678079,0.48821968805224,-0.00011475712658723,-2.1912871898586e-05
1.9445,0.70854679407493,0.4811208391759,-0.00011484760298268,-2.1271136548405e-05
1.94475,0.71226782228554,0.47397182798165,-0.00011493369981496,-2.0628693662032e-05
1.945,0.71591618151121,0.46677311846432,-0.00011501541442492,-1.9985582085958e-05
1.94525,0.71949095484688,0.45952518839628,-0.00011509274448562,-1.9341840629298e-05
1.9455,0.72299121839995,0.45222852971807,-0.00011516568800302,-1.8697508061473e-05
1.94575,0.72641604131449,0.44488364893878,-0.00011523424331666,-1.8052623109839e-05
1.946,0.72976448580369,0.43749106754646,-0.00011529840910029,-1.7407224457284e-05
1.94625,0.73303560719129,0.43005132242883,-0.00011535818436242,-1.6761350739787e-05
1.9465,0.73622845396228,0.42256496630407,-0.0001154135684469,-1.6115040543925e-05
1.94675,0.73934206782362,0.41503256816204,-0.00011546456103335,-1.5468332404359e-05
1.947,0.74237548377522,0.40745471371581,-0.00011551116213763,-1.4821264801272e-05
1.94725,0.74532773019197,0.39983200586373,-0.0001155533721122,-1.417387615777e-05
1.9475,0.7481978289173,0.39216506516185,-0.00011559119164647,-1.3526204837257e-05
1.94775,0.75098479536884,0.38445453030706,-0.00011562462176707,-1.2878289140771e-05
1.948,0.75368763865689,0.3767010586305,-0.00011565366383811,-1.2230167304278e-05
1.94825,0.75630536171612,0.36890532660179,-0.00011567831956135,-1.1581877495955e-05
1.9485,0.75883696145149,0.36106803034354,-0.00011569859097633,-1.0933457813419e-05
1.94875,0.76128142889872,0.35318988615646,-0.00011571448046048,-1.0284946280941e-05
1.949,0.76363774940022,0.34527163105488,-0.00011572599072914,-9.636380846628e-06
1.94925,0.7659049027972,0.33731402331252,-0.00011573312483552,-8.9877993795714e-06
1.9495,0.76808186363849,0.32931784301859,-0.00011573588617069,-8.3392396669774e-06
1.94975,0.77016760140717,0.32128389264399,-0.00011573427846341,-7.6907394112651e-06
1.95,0.77216108076545,0.3132129976173,-0.00011572830577996,-7.0423362271409e-06
