1.7,0.67944316436279,0.68949558354065,-2.6257703489223e-05,1.4864748762269e-05
1.70025,0.68359681030178,0.68537103634795,-2.6235972707865e-05,1.5049604074475e-05
1.7005,0.687728266932,0.68121761821436,-2.6212959559998e-05,1.5234731106938e-05
1.70075,0.6918372997613,0.67703544491563,-2.6188660168893e-05,1.5420120161099e-05
1.701,0.6959236749244,0.67282463429918,-2.6163070760237e-05,1.5605761506315e-05
1.70125,0.69998715920336,0.66858530627971,-2.6136187662371e-05,1.579164538149e-05
1.7015,0.70402752004787,0.66431758283448,-2.6108007306495e-05,1.5977761996707e-05
1.70175,0.70804452559558,0.6600215879984,-2.6078526226845e-05,1.6164101534863e-05
1.702,0.71203794469232,0.65569744785897,-2.6047741060839e-05,1.6350654153304e-05
1.70225,0.71600754691213,0.65134529055067,-2.6015648549185e-05,1.6537409985463e-05
1.7025,0.71995310257753,0.64696524624955,-2.5982245535962e-05,1.6724359142497e-05
1.70275,0.72387438277946,0.64255744716721,-2.5947528968664e-05,1.6911491714927e-05
1.703,0.7277711593972,0.63812202754483,-2.5911495898221e-05,1.7098797774265e-05
1.70325,0.73164320511818,0.63365912364671,-2.5874143478972e-05,1.7286267374659e-05
1.7035,0.73549029345796,0.62916887375377,-2.5835468968623e-05,1.7473890554514e-05
1.70375,0.73931219877968,0.62465141815684,-2.579546972816e-05,1.7661657338125e-05
1.704,0.74310869631393,0.62010689914942,-2.5754143221741e-05,1.7849557737298e-05
1.70425,0.74687956217802,0.61553546102068,-2.5711487016545e-05,1.8037581752972e-05
1.7045,0.75062457339558,0.61093725004777,-2.5667498782595e-05,1.8225719376829e-05
1.70475,0.75434350791581,0.60631241448825,-2.5622176292554e-05,1.8413960592903e-05
1.705,0.75803614463267,0.60166110457211,-2.557551742148e-05,1.860229537918e-05
1.70525,0.76170226340416,0.59698347249375,-2.5527520146557e-05,1.8790713709193e-05
1.7055,0.76534164507117,0.59227967240335,-2.5478182546793e-05,1.8979205553607e-05
1.70575,0.76895407147637,0.58754986039849,-2.5427502802682e-05,1.9167760881791e-05
1.706,0.77253932548327,0.58279419451542,-2.5375479195849e-05,1.9356369663391e-05
1.70625,0.77609719099455,0.57801283471986,-2.5322110108646e-05,1.9545021869886e-05
1.7065,0.77962745297072,0.57320594289784,-2.5267394023736e-05,1.9733707476129e-05
1.70675,0.78312989744865,0.56837368284631,-2.5211329523634e-05,1.9922416461892e-05
1.707,0.78660431155988,0.56351622026344,-2.5153915290222e-05,2.0111138813378e-05
1.70725,0.79005048354883,0.55863372273898,-2.5095150104243e-05,2.029986452474e-05
1.7075,0.79346820279034,0.55372635974375,-2.5035032844753e-05,2.0488583599577e-05
1.70775,0.79685725980837,0.54879430261989,-2.497356248855e-05,2.0677286052413e-05
1.708,0.80021744629332,0.54383772457013,-2.491073810958e-05,2.0865961910176e-05
1.70825,0.80354855511966,0.53885680064715,-2.4846558878306e-05,2.1054601213641e-05
1.7085,0.80685038036351,0.53385170774287,-2.4781024061057e-05,2.1243194018879e-05
1.70875,0.81012271732003,0.52882262457725,-2.4714133019343e-05,2.1431730398676e-05
1.709,0.81336536252057,0.52376973168723,-2.4645885209148e-05,2.1620200443941e-05
1.70925,0.81657811374967,0.51869321141525,-2.4576280180195e-05,2.1808594265092e-05
1.7095,0.81976077006188,0.51359324789743,-2.4505317575187e-05,2.1996901993434e-05
1.70975,0.82291313179886,0.50847002705226,-2.4432997129016e-05,2.2185113782507e-05
1.71,0.82603500060562,0.50332373656825,-2.4359318667956e-05,2.2373219809427e-05
1.71025,0.82912617944681,0.49815456589183,-2.4284282108823e-05,2.2561210276198e-05
1.7105,0.8321864726234,0.49296270621525,-2.4207887458117e-05,2.2749075411008e-05
1.71075,0.83521568578849,0.48774835046379,-2.4130134811135e-05,2.2936805469508e-05
1.711,0.83821362596345,0.48251169328354,-2.4051024351064e-05,2.3124390736068e-05
1.71125,0.84118010155315,0.47725293102805,-2.3970556348049e-05,2.331182152501e-05
1.7115,0.8441149223625,0.47197226174571,-2.3888731158243e-05,2.3499088181822e-05
1.71175,0.84701789961061,0.46666988516667,-2.3805549222826e-05,2.3686181084351e-05
1.712,0.84988884594723,0.46134600268893,-2.3721011067013e-05,2.3873090643973e-05
1.71225,0.8527275754667,0.45600081736569,-2.3635117299036e-05,2.4059807306736e-05
1.7125,0.85553390372391,0.45063453389133,-2.3547868609102e-05,2.4246321554489e-05
1.71275,0.85830764774811,0.44524735858759,-2.3459265768338e-05,2.4432623905979e-05
1.713,0.86104862605766,0.43983949938959,-2.3369309627716e-05,2.461870491793e-05
1.71325,0.86375665867473,0.43441116583227,-2.3278001116949e-05,2.4804555186096e-05
1.7135,0.86643156713893,0.42896256903573,-2.3185341243386e-05,2.4990165346286e-05
1.71375,0.8690731745213,0.42349392169092,-2.3091331090872e-05,2.5175526075372e-05
1.714,0.87168130543856,0.41800543804542,-2.2995971818601e-05,2.5360628092268e-05
1.71425,0.87425578606606,0.41249733388888,-2.2899264659953e-05,2.5545462158881e-05
1.7145,0.87679644415113,0.40696982653779,-2.2801210921306e-05,2.5730019081037e-05
1.71475,0.87930310902697,0.40142313482119,-2.2701811980842e-05,2.5914289709393e-05
1.715,0.88177561162478,0.39585747906558,-2.2601069287331e-05,2.6098264940301e-05
1.71525,0.88421378448714,0.39027308107963,-2.2498984358908e-05,2.6281935716667e-05
1.7155,0.88661746177989,0.38467016413914,-2.2395558781826e-05,2.6465293028771e-05
1.71575,0.88898647930531,0.37904895297171,-2.2290794209208e-05,2.6648327915065e-05
1.716,0.89132067451354,0.37340967374122,-2.2184692359771e-05,2.6831031462942e-05
1.71625,0.8936198865152,0.36775255403261,-2.2077255016556e-05,2.7013394809481e-05
1.7165,0.89588395609246,0.36207782283581,-2.1968484025628e-05,2.7195409142161e-05
1.71675,0.89811272571123,0.35638571053033,-2.1858381294781e-05,2.737706569955e-05
1.717,0.90030603953181,0.35067644886937,-2.1746948792219e-05,2.7558355771969e-05
1.71725,0.90246374342077,0.3449502709638,-2.1634188545237e-05,2.7739270702121e-05
1.7175,0.90458568496139,0.33920741126642,-2.152010263889e-05,2.7919801885699e-05
1.71775,0.90667171346435,0.33344810555548,-2.1404693214647e-05,2.8099940771967e-05
1.718,0.90872167997833,0.32767259091898,-2.1287962469045e-05,2.8279678864303e-05
1.71825,0.91073543730027,0.321881105738,-2.1169912652336e-05,2.8459007720731e-05
1.7185,0.91271283998578,0.31607388967059,-2.1050546067115e-05,2.8637918954405e-05
1.71875,0.91465374435821,0.31025118363544,-2.0929865066955e-05,2.8816404234086e-05
1.719,0.91655800851918,0.30441322979517,-2.080787205503e-05,2.899445528457e-05
1.71925,0.91842549235747,0.29856027154019,-2.0684569482731e-05,2.9172063887104e-05
1.7195,0.92025605755826,0.29269255347173,-2.0559959848281e-05,2.934922187977e-05
1.71975,0.92204956761227,0.28681032138541,-2.0434045695344e-05,2.9525921157832e-05
1.72,0.92380588782462,0.28091382225458,-2.0306829611627e-05,2.9702153674067e-05
1.72025,0.92552488532327,0.27500330421333,-2.0178314227487e-05,2.9877911439064e-05
1.7205,0.92720642906721,0.26907901653998,-2.0048502214525e-05,3.0053186521489e-05
1.72075,0.92885038985473,0.26314120963997,-1.9917396284183e-05,3.022797104833e-05
1.721,0.93045664033204,0.25719013502947,-1.9784999186344e-05,3.0402257205111e-05
1.72125,0.93202505499951,0.25122604531764,-1.9651313707919e-05,3.0576037236078e-05
1.7215,0.93355551022024,0.24524919419049,-1.9516342671447e-05,3.0749303444358e-05
1.72175,0.93504788422727,0.23925983639349,-1.9380088933681e-05,3.0922048192087e-05
1.722,0.93650205713033,0.23325822771468,-1.9242555384188e-05,3.1094263900517e-05
1.72225,0.93791791092251,0.22724462496747,-1.9103744943936e-05,3.1265943050089e-05
1.7225,0.93929532948741,0.22121928597378,-1.8963660563898e-05,3.1437078180484e-05
1.72275,0.94063419860535,0.21518246954707,-1.8822305223641e-05,3.1607661890642e-05
1.723,0.94193440595946,0.20913443547491,-1.8679681929931e-05,3.1777686838756e-05
1.72325,0.94319584114157,0.20307544450207,-1.8535793715331e-05,3.1947145742244e-05
1.7235,0.94441839565806,0.19700575831357,-1.8390643636812e-05,3.2116031377683e-05
1.72375,0.94560196293569,0.19092563951728,-1.8244234774356e-05,3.2284336580727e-05
1.724,0.94674643832675,0.18483535162717,-1.8096570229573e-05,3.2452054245993e-05
1.72425,0.94785171911382,0.17873515904579,-1.7947653124316e-05,3.2619177326926e-05
1.7245,0.94891770451529,0.17262532704767,-1.7797486599309e-05,3.2785698835627e-05
1.72475,0.94994429568981,0.16650612176172,-1.7646073812766e-05,3.2951611842669e-05
1.725,0.95093139574059,0.16037781015454,-1.7493417939032e-05,3.3116909476878e-05
1.72525,0.95187890971954,0.15424066001324,-1.7339522167223e-05,3.3281584925091e-05
1.7255,0.95278674463268,0.14809493992826,-1.7184389699867e-05,3.3445631431891e-05
1.72575,0.95365480944194,0.14194091927677,-1.7028023751563e-05,3.3609042299312e-05
1.726,0.95448301507034,0.13577886820534,-1.6870427547639e-05,3.3771810886524e-05
1.72625,0.95527127440496,0.12960905761278,-1.6711604322822e-05,3.3933930609491e-05
1.7265,0.95601950229998,0.12343175913394,-1.6551557319915e-05,3.4095394940606e-05
1.72675,0.95672761558024,0.11724724512204,-1.6390289788479e-05,3.4256197408299e-05
1.727,0.95739553304334,0.11105578863225,-1.6227804983533e-05,3.4416331596627e-05
1.72725,0.95802317546334,0.10485766340495,-1.6064106164251e-05,3.4575791144831e-05
1.7275,0.95861046559215,0.098653143848594,-1.589919659268e-05,3.4734569746881e-05
1.72775,0.95915732816228,0.092442505023347,-1.573307953246e-05,3.4892661150987e-05
1.728,0.95966368988862,0.086226022624105,-1.5565758247554e-05,3.5050059159095e-05
1.72825,0.96012947947103,0.080003972964256,-1.5397236000997e-05,3.5206757626359e-05
1.7285,0.96055462759483,0.073776632958819,-1.5227516053645e-05,3.5362750460585e-05
1.72875,0.96093906693328,0.067544280107983,-1.5056601662942e-05,3.5518031621659e-05
1.729,0.9612827321482,0.061307192480848,-1.4884496081696e-05,3.5672595120952e-05
1.72925,0.96158555989127,0.055065648698918,-1.4711202556866e-05,3.5826435020704e-05
1.7295,0.96184748880524,0.048819927919697,-1.4536724328361e-05,3.5979545433382e-05
1.72975,0.96206845952378,0.04257030982074,-1.4361064627855e-05,3.6131920521021e-05
1.73,0.96224841467311,0.036317074583299,-1.4184226677605e-05,3.6283554494547e-05
1.73025,0.9623872988715,0.030060502876123,-1.4006213689294e-05,3.6434441613074e-05
1.7305,0.9624850587295,0.0238008758399,-1.3827028862874e-05,3.6584576183182e-05
1.73075,0.96254164285017,0.017538475070668,-1.3646675385437e-05,3.6733952558179e-05
1.731,0.96255700182908,0.011273582604762,-1.346515643008e-05,3.6882565137338e-05
1.73125,0.96253108825304,0.005006480902327,-1.3282475154801e-05,3.7030408365119e-05
1.7315,0.96246385670078,-0.0012625471679807,-1.3098634701402e-05,3.717747673037e-05
1.73175,0.9623552637409,-0.0075332183444384,-1.29136381944e-05,3.7323764765507e-05
1.732,0.96220526793216,-0.013805248987936,-1.2727488739963e-05,3.7469267045682e-05
1.73225,0.96201382982143,-0.020078355097488,-1.2540189424853e-05,3.7613978187925e-05
1.7325,0.96178091194311,-0.026352252325062,-1.2351743315384e-05,3.7757892850273e-05
1.73275,0.96150647881741,-0.032626655991358,-1.2162153456395e-05,3.7901005730883e-05
1.733,0.96119049694895,-0.038901281100215,-1.1971422870243e-05,3.8043311567117e-05
1.73325,0.9608329348247,-0.045175842354205,-1.1779554555797e-05,3.8184805134627e-05
1.7335,0.96043376291243,-0.051450054168914,-1.1586551487467e-05,3.8325481246404e-05
1.73375,0.95999295365835,-0.057723630688275,-1.1392416614227e-05,3.846533475183e-05
1.734,0.95951048148559,-0.063996285798657,-1.119715285867e-05,3.8604360535693e-05
1.73425,0.9589863227908,-0.070267733143692,-1.1000763116067e-05,3.8742553517206e-05
1.7345,0.95842045594243,-0.076537686138592,-1.0803250253449e-05,3.8879908648994e-05
1.73475,0.9578128612776,-0.082805857984533,-1.06046171087e-05,3.9016420916076e-05
1.735,0.95716352110003,-0.089071961682596,-1.0404866489666e-05,3.9152085334826e-05
1.73525,0.95647241967602,-0.095335710047864,-1.0204001173283e-05,3.9286896951922e-05
1.7355,0.95573954323225,-0.10159681572351,-1.0002023904715e-05,3.9420850843277e-05
1.73575,0.95496487995199,-0.10785499119443,-9.7989373965156e-06,3.9553942112959e-05
1.736,0.95414841997219,-0.11410994880076,-9.5947443277967e-06,3.9686165892097e-05
1.73625,0.95329015537978,-0.12036140075154,-9.3894473434208e-06,3.9817517337765e-05
1.7365,0.95239008020771,-0.12660905913817,-9.1830490532043e-06,3.9947991631864e-05
1.73675,0.95144819043186,-0.1328526359475,-8.9755520311392e-06,4.0077583979982e-05
1.737,0.95046448396664,-0.13909184307499,-8.7669588146318e-06,4.0206289610243e-05
1.73725,0.94943896066107,-0.14532639233759,-8.5572719037525e-06,4.0334103772144e-05
1.7375,0.94837162229474,-0.15155599548676,-8.34649376051e-06,4.0461021735375e-05
1.73775,0.94726247257358,-0.15778036422097,-8.134626808134e-06,4.0587038788633e-05
1.738,0.94611151712529,-0.16399921019817,-7.9216734303781e-06,4.0712150238419e-05
1.73825,0.9449187634954,-0.17021224504851,-7.7076359708395e-06,4.0836351407818e-05
1.7385,0.94368422114159,-0.17641918038611,-7.4925167322915e-06,4.0959637635281e-05
1.73875,0.94240790143007,-0.18261972782151,-7.2763179760362e-06,4.1082004273377e-05
1.739,0.94108981763038,-0.18881359897353,-7.0590419212714e-06,4.120344668755e-05
1.73925,0.93972998491019,-0.19500050548082,-6.8406907444737e-06,4.1323960254851e-05
1.7395,0.93832842033061,-0.2011801590138,-6.621266578799e-06,4.1443540362669e-05
1.73975,0.93688514284123,-0.20735227128601,-6.400771513499e-06,4.1562182407439e-05
1.74,0.93540017327415,-0.21351655406521,-6.1792075933524e-06,4.1679881793358e-05
1.74025,0.93387353433949,-0.21967271918483,-5.9565768181154e-06,4.1796633931064e-05
1.7405,0.93230525061935,-0.22582047855485,-5.7328811419854e-06,4.1912434236328e-05
1.74075,0.93069534856303,-0.23195954417255,-5.5081224730836e-06,4.2027278128724e-05
1.741,0.9290438564808,-0.23808962813327,-5.2823026729517e-06,4.2141161030286e-05
1.74125,0.92735080453818,-0.24421044264073,-5.0554235560656e-06,4.2254078364165e-05
1.7415,0.92561622475087,-0.25032170001766,-4.8274868893666e-06,4.2366025553261e-05
1.74175,0.92384015097835,-0.2564231127157,-4.5984943918063e-06,4.2476998018865e-05
1.742,0.92202261891809,-0.26251439332548,-4.3684477339089e-06,4.258699117927e-05
1.74225,0.92016366609956,-0.26859525458636,-4.137348537351e-06,4.2696000448384e-05
1.7425,0.91826333187861,-0.27466540939629,-3.9051983745537e-06,4.2804021234335e-05
1.74275,0.91632165743031,-0.28072457082092,-3.671998768296e-06,4.2911048938056e-05
1.743,0.91433868574409,-0.28677245210339,-3.4377511913388e-06,4.3017078951872e-05
1.74325,0.91231446161642,-0.29280876667293,-3.2024570660679e-06,4.3122106658068e-05
1.7435,0.91024903164504,-0.29883322815417,-2.9661177641533e-06,4.3226127427455e-05
1.74375,0.90814244422257,-0.30484555037576,-2.7287346062229e-06,4.3329136617922e-05
1.744,0.90599474952975,-0.31084544737902,-2.4903088615514e-06,4.3431129572978e-05
1.74425,0.90380599952945,-0.31683263342621,-2.2508417477678e-06,4.3532101620292e-05
1.7445,0.90157624795988,-0.32280682300898,-2.0103344305759e-06,4.3632048070214e-05
1.74475,0.89930555032785,-0.32876773085625,-1.7687880234921e-06,4.3730964214293e-05
1.745,0.89699396390253,-0.33471507194208,-1.526203587598e-06,4.3828845323786e-05
1.74525,0.89464154770855,-0.3406485614934,-1.2825821313084e-06,4.3925686648156e-05
1.7455,0.89224836251945,-0.34656791499749,-1.0379246101564e-06,4.4021483413559e-05
1.74575,0.88981447085073,-0.35247284820921,-7.922319265927e-07,4.4116230821327e-05
1.746,0.88733993695343,-0.35836307715834,-5.4550492979944e-07,4.420992404644e-05
1.74625,0.8848248268069,-0.36423831815605,-2.9774441552286e-07,4.4302558235984e-05
1.7465,0.88226920811247,-0.37009828780224,-4.8951125916745e-08,4.4394128507612e-05
1.74675,0.87967315028617,-0.37594270299155,2.0087425059444e-07,4.448462994798e-05
1.747,0.87703672445209,-0.3817712809201,4.5173107943963e-07,4.4574057611189e-05
1.74725,0.87436000343536,-0.38758373909133,7.0361878001024e-07,4.4662406517208e-05
1.7475,0.87164306175558,-0.39337979532228,9.5653682575204e-07,4.4749671650291e-05
1.74775,0.86888597561928,-0.39915916774906,1.2104847442431e-06,4.4835847957386e-05
1.748,0.86608882291367,-0.40492157483276,1.4654621172573e-06,4.4920930346537e-05
1.74825,0.86325168319912,-0.41066673536444,1.7214685808111e-06,4.5004913685267e-05
1.7485,0.8603746377026,-0.41639436847074,1.9785038251965e-06,4.5087792798964e-05
1.74875,0.85745776931061,-0.42210419361848,2.2365675949982e-06,4.5169562469248e-05
1.749,0.85450116256211,-0.42779593061967,2.4956596890951e-06,4.5250217432338e-05
1.74925,0.8515049036417,-0.43346929963608,2.7557799606505e-06,4.5329752377396e-05
1.7495,0.84846908037265,-0.4391240211835,3.016928317081e-06,4.5408161944878e-05
1.74975,0.84539378220998,-0.44475981613606,3.2791047200161e-06,4.548544072486e-05
1.75,0.84227910023342,-0.45037640573016,3.5423091852411e-06,4.5561583255364e-05
1.75025,0.83912512714065,-0.45597351156823,3.8065417826227e-06,4.5636584020671e-05
1.7505,0.83593195724024,-0.46155085562227,4.0718026360241e-06,4.5710437449621e-05
1.75075,0.83269968644485,-0.46710816023721,4.3380919232009e-06,4.578313791391e-05
1.751,0.82942841226445,-0.47264514813422,4.6054098756849e-06,4.5854679726367e-05
1.75125,0.82611823379931,-0.47816154241346,4.8737567786525e-06,4.5925057139229e-05
1.7515,0.82276925173324,-0.48365706655688,5.1431329707771e-06,4.5994264342403e-05
1.75175,0.8193815683269,-0.48913144443077,5.4135388440674e-06,4.6062295461713e-05
1.752,0.81595528741103,-0.49458440028808,5.6849748436918e-06,4.6129144557141e-05
1.75225,0.8124905143795,-0.50001565877042,5.9574414677852e-06,4.6194805621054e-05
1.7525,0.80898735618302,-0.50542494491016,6.2309392672444e-06,4.6259272576422e-05
1.75275,0.80544592132217,-0.51081198413185,6.5054688455046e-06,4.6322539275022e-05
1.753,0.80186631984105,-0.51617650225385,6.7810308583045e-06,4.6384599495634e-05
1.75325,0.79824866332043,-0.52151822548947,7.0576260134347e-06,4.6445446942215e-05
1.7535,0.79459306487163,-0.52683688044806,7.3352550704704e-06,4.6505075242079e-05
1.75375,0.79089963912974,-0.53213219413575,7.6139188404901e-06,4.6563477944043e-05
1.754,0.7871685022475,-0.5374038939561,7.8936181857799e-06,4.6620648516577e-05
1.75425,0.78339977188872,-0.54265170771034,8.1743540195196e-06,4.6676580345936e-05
1.7545,0.77959356722215,-0.5478753635976,8.456127305458e-06,4.6731266734273e-05
1.75475,0.77575000891526,-0.55307459021477,8.7389390575682e-06,4.6784700897747e-05
1.755,0.77186921912809,-0.5582491165562,9.0227903396908e-06,4.6836875964612e-05
1.75525,0.76795132150702,-0.56339867201308,9.307682265161e-06,4.6887784973294e-05
1.7555,0.76399644117911,-0.56852298637274,9.5936159964189e-06,4.6937420870455e-05
1.75575,0.76000470474584,-0.57362178981762,9.880592744605e-06,4.6985776509036e-05
1.756,0.75597624027743,-0.57869481292398,1.0168613769142e-05,4.7032844646297e-05
1.75625,0.75191117730705,-0.58374178666047,1.0457680377294e-05,4.7078617941827e-05
1.7565,0.74780964682508,-0.58876244238631,1.0747793923723e-05,4.712308895555e-05
1.75675,0.7436717812737,-0.59375651184954,1.1038955810011e-05,4.716625014571e-05
1.757,0.73949771454109,-0.59872372718449,1.1331167484183e-05,4.720809386684e-05
1.75725,0.73528758195629,-0.60366382090968,1.1624430440204e-05,4.7248612367717e-05
1.7575,0.7310415202838,-0.60857652592494,1.1918746217462e-05,4.7287797789293e-05
1.75775,0.72675966771836,-0.61346157550848,1.2214116400236e-05,4.732564216262e-05
1.758,0.72244216387979,-0.61831870331377,1.2510542617144e-05,4.7362137406746e-05
1.75825,0.71808914980822,-0.6231476433661,1.2808026540577e-05,4.7397275326597e-05
1.7585,0.71370076795889,-0.62794813005883,1.3106569886116e-05,4.7431047610844e-05
1.75875,0.70927716219767,-0.63271989814948,1.3406174411928e-05,4.7463445829746e-05
1.759,0.7048184777962,-0.63746268275555,1.3706841918149e-05,4.7494461432973e-05
1.75925,0.70032486142759,-0.64217621935012,1.4008574246247e-05,4.7524085747413e-05
1.7595,0.69579646116173,-0.6468602437569,1.4311373278368e-05,4.7552309974958e-05
1.75975,0.69123342646129,-0.6515144921455,1.4615240936666e-05,4.7579125190265e-05
1.76,0.68663590817748,-0.65613870102602,1.4920179182606e-05,4.7604522338497e-05
1.76025,0.682004058546,-0.66073260724351,1.5226190016261e-05,4.7628492233048e-05
1.7605,0.67733803118325,-0.66529594797227,1.5533275475582e-05,4.7651025553235e-05
1.76075,0.67263798108264,-0.66982846070967,1.5841437635651e-05,4.7672112841978e-05
1.761,0.66790406461099,-0.67432988326982,1.6150678607915e-05,4.7691744503448e-05
1.76125,0.66313643950509,-0.6787999537769,1.6461000539397e-05,4.7709910800692e-05
1.7615,0.65833526486856,-0.68323841065827,1.6772405611897e-05,4.7726601853242e-05
1.76175,0.65350070116868,-0.68764499263719,1.708489604116e-05,4.7741807634686e-05
1.762,0.64863291023352,-0.69201943872532,1.7398474076029e-05,4.7755517970219e-05
1.76225,0.64373205524914,-0.6963614882149,1.7713141997584e-05,4.7767722534173e-05
1.7625,0.63879830075711,-0.70067088067064,1.8028902118247e-05,4.7778410847509e-05
1.76275,0.63383181265204,-0.70494735592123,1.8345756780875e-05,4.7787572275289e-05
1.763,0.62883275817946,-0.7091906540507,1.8663708357824e-05,4.7795196024116e-05
1.76325,0.62380130593374,-0.71340051538928,1.8982759250003e-05,4.780127113955e-05
1.7635,0.61873762585634,-0.71757668050404,1.9302911885885e-05,4.7805786503482e-05
1.76375,0.6136418892342,-0.72171889018926,1.9624168720516e-05,4.7808730831493e-05
1.764,0.60851426869831,-0.72582688545631,1.9946532234485e-05,4.7810092670171e-05
1.76425,0.60335493822255,-0.72990040752336,2.0270004932881e-05,4.7809860394399e-05
1.7645,0.59816407312272,-0.73393919780466,2.0594589344214e-05,4.7808022204611e-05
1.76475,0.59294185005581,-0.7379429978995,2.0920288019323e-05,4.7804566124012e-05
1.765,0.58768844701951,-0.74191154958083,2.1247103530248e-05,4.7799479995765e-05
1.76525,0.5824040433519,-0.7458445947835,2.1575038469084e-05,4.7792751480146e-05
1.7655,0.57708881973146,-0.74974187559219,2.19040954468e-05,4.7784368051653e-05
1.76575,0.5717429581773,-0.75360313422892,2.2234277092043e-05,4.777431699609e-05
1.766,0.56636664204964,-0.75742811304021,2.25655860499e-05,4.7762585407603e-05
1.76625,0.56096005605056,-0.76121655448389,2.2898024980639e-05,4.7749160185685e-05
1.7665,0.55552338622504,-0.76496820111549,2.3231596558427e-05,4.7734028032134e-05
1.76675,0.55005681996226,-0.76868279557421,2.356630347e-05,4.7717175447974e-05
1.767,0.54456054599722,-0.77236008056861,2.3902148413325e-05,4.7698588730335e-05
1.76725,0.53903475441257,-0.77599979886175,2.4239134096214e-05,4.7678253969288e-05
1.7675,0.5334796366409,-0.77960169325604,2.4577263234913e-05,4.7656157044634e-05
1.76775,0.52789538546718,-0.78316550657755,2.4916538552657e-05,4.7632283622654e-05
1.768,0.52228219503163,-0.78669098166005,2.5256962778194e-05,4.7606619152808e-05
1.76825,0.51664026083288,-0.79017786132845,2.559853864427e-05,4.7579148864385e-05
1.7685,0.51096977973148,-0.79362588838193,2.5941268886084e-05,4.7549857763112e-05
1.76875,0.50527094995376,-0.7970348055765,2.6285156239703e-05,4.7518730627706e-05
1.769,0.49954397109608,-0.80040435560723,2.6630203440441e-05,4.7485752006375e-05
1.76925,0.49378904412935,-0.80373428108992,2.6976413221204e-05,4.7450906213275e-05
1.7695,0.4880063714041,-0.80702432454228,2.732378831079e-05,4.7414177324904e-05
1.76975,0.4821961566558,-0.81027422836473,2.7672331432152e-05,4.7375549176443e-05
1.77,0.47635860501064,-0.81348373482058,2.8022045300623e-05,4.7335005358047e-05
1.77025,0.47049392299178,-0.81665258601575,2.8372932622094e-05,4.7292529211071e-05
1.7705,0.46460231852589,-0.81978052387805,2.8724996091151e-05,4.7248103824238e-05
1.77075,0.45868400095031,-0.82286729013575,2.9078238389168e-05,4.7201712029751e-05
1.771,0.45273918102051,-0.82591262629584,2.9432662182355e-05,4.715333639934e-05
1.77125,0.44676807091816,-0.82891627362153,2.9788270119759e-05,4.7102959240239e-05
1.7715,0.44077088425956,-0.83187797310933,3.0145064831214e-05,4.705056259111e-05
1.77175,0.43474783610467,-0.8347974654655,3.0503048925245e-05,4.6996128217891e-05
1.772,0.42869914296659,-0.83767449108193,3.0862224986918e-05,4.6939637609574e-05
1.77225,0.42262502282162,-0.84050879001137,3.1222595575645e-05,4.6881071973924e-05
1.7725,0.41652569511983,-0.84330010194217,3.1584163222924e-05,4.6820412233106e-05
1.77275,0.41040138079622,-0.84604816617226,3.1946930430029e-05,4.6757639019262e-05
1.773,0.40425230228248,-0.84875272158255,3.2310899665648e-05,4.6692732669988e-05
1.77325,0.39807868351932,-0.85141350660975,3.2676073363453e-05,4.6625673223752e-05
1.7735,0.39188074996944,-0.85403025921838,3.3042453919613e-05,4.6556440415218e-05
1.77375,0.38565872863111,-0.85660271687219,3.3410043690252e-05,4.64850136705e-05
1.774,0.37941284805254,-0.85913061650492,3.3778844988825e-05,4.6411372102316e-05
1.77425,0.37314333834672,-0.86161369449021,3.4148860083447e-05,4.6335494505076e-05
1.7745,0.36685043120719,-0.86405168661097,3.4520091194145e-05,4.6257359349859e-05
1.77475,0.36053435992439,-0.86644432802778,3.4892540490034e-05,4.617694477932e-05
1.775,0.35419535940285,-0.8687913532468,3.526621008643e-05,4.6094228602483e-05
1.77525,0.3478336661791,-0.87109249608664,3.5641102041886e-05,4.6009188289457e-05
1.7755,0.34144951844047,-0.87334748964457,3.6017218355143e-05,4.5921800966039e-05
1.77575,0.33504315604461,-0.87555606626196,3.6394560962013e-05,4.5832043408224e-05
1.776,0.32861482054001,-0.87771795748875,3.6773131732168e-05,4.5739892036609e-05
1.77625,0.32216475518731,-0.87983289404717,3.7152932465853e-05,4.5645322910689e-05
1.7765,0.31569320498159,-0.88190060579455,3.7533964890505e-05,4.5548311723046e-05
1.77675,0.30920041667555,-0.88392082168525,3.7916230657283e-05,4.5448833793422e-05
1.777,0.30268663880379,-0.88589326973165,3.8299731337506e-05,4.5346864062684e-05
1.77725,0.29615212170802,-0.88781767696427,3.8684468418994e-05,4.5242377086662e-05
1.7775,0.28959711756335,-0.88969376939085,3.90704433023e-05,4.5135347029871e-05
1.77775,0.2830218804057,-0.89152127195449,3.9457657296854e-05,4.5025747659105e-05
1.778,0.27642666616038,-0.89329990849082,3.9846111616987e-05,4.4913552336908e-05
1.77825,0.26981173267174,-0.89502940168409,4.0235807377845e-05,4.4798734014905e-05
1.7785,0.26317733973412,-0.89670947302223,4.0626745591199e-05,4.4681265227006e-05
1.77875,0.25652374912407,-0.89833984275086,4.1018927161122e-05,4.4561118082466e-05
1.779,0.24985122463387,-0.89992022982618,4.141235287955e-05,4.4438264258808e-05
1.77925,0.24316003210631,-0.90145035186668,4.1807023421721e-05,4.4312674994589e-05
1.7795,0.23645043947109,-0.90292992510385,4.2202939341467e-05,4.4184321082029e-05
1.77975,0.22972271678242,-0.90435866433152,4.260010106639e-05,4.4053172859474e-05
1.78,0.22297713625833,-0.90573628285414,4.2998508892875e-05,4.3919200203708e-05
1.78025,0.21621397232149,-0.90706249243377,4.3398162980973e-05,4.37823725221e-05
1.7805,0.20943350164157,-0.90833700323579,4.3799063349122e-05,4.3642658744577e-05
1.78075,0.20263600317943,-0.90955952377334,4.4201209868719e-05,4.3500027315437e-05
1.781,0.19582175823294,-0.91072976085041,4.4604602258518e-05,4.3354446184974e-05
1.78125,0.1889910504847,-0.91184741950367,4.5009240078871e-05,4.3205882800926e-05
1.7815,0.18214416605157,-0.91291220294273,4.5415122725781e-05,4.3054304099741e-05
1.78175,0.1752813935362,-0.91392381248921,4.5822249424782e-05,4.289967649764e-05
1.782,0.16840302408061,-0.91488194751413,4.6230619224625e-05,4.2741965881493e-05
1.78225,0.16150935142181,-0.91578630537398,4.6640230990771e-05,4.2581137599487e-05
1.7825,0.15460067194964,-0.91663658134524,4.7051083398677e-05,4.241715645159e-05
1.78275,0.14767728476693,-0.91743246855728,4.746317492687e-05,4.2249986679797e-05
1.783,0.14073949175196,-0.91817365792372,4.7876503849805e-05,4.2079591958157e-05
1.78325,0.13378759762335,-0.91885983807216,4.8291068230492e-05,4.1905935382581e-05
1.7835,0.12682191000758,-0.91949069527229,4.8706865912886e-05,4.1728979460405e-05
1.78375,0.11984273950909,-0.9200659133622,4.9123894514029e-05,4.1548686099726e-05
1.784,0.11285039978318,-0.92058517367304,4.9542151415939e-05,4.1365016598492e-05
1.78425,0.10584520761171,-0.92104815495188,4.996163375723e-05,4.1177931633333e-05
1.7845,0.098827482981819,-0.92145453328275,5.0382338424457e-05,4.0987391248139e-05
1.78475,0.09179754916771,-0.92180398200587,5.0804262043167e-05,4.0793354842373e-05
1.785,0.084755732815676,-0.92209617163487,5.1227400968659e-05,4.0595781159109e-05
1.78525,0.077702364032416,-0.92233076977224,5.1651751276427e-05,4.0394628272788e-05
1.7855,0.07063777647689,-0.9225074410227,5.2077308752274e-05,4.0189853576693e-05
1.78575,0.063562307455733,-0.92262584690454,5.25040688821e-05,3.9981413770117e-05
1.786,0.056476298022466,-0.92268564575903,5.2932026841325e-05,3.9769264845236e-05
1.78625,0.04938009308062,-0.92268649265757,5.3361177483956e-05,3.9553362073668e-05
1.7865,0.042274041490873,-0.92262803930684,5.3791515331265e-05,3.9333659992707e-05
1.78675,0.035158496182526,-0.92250993395169,5.4223034560073e-05,3.9110112391235e-05
1.787,0.028033814269313,-0.92233182127582,5.4655728990619e-05,3.8882672295287e-05
1.78725,0.020900357169803,-0.92209334230025,5.5089592074001e-05,3.8651291953276e-05
1.7875,0.013758490732651,-0.92179413427939,5.5524616879158e-05,3.8415922820857e-05
1.78775,0.0066085853667348,-0.92143383059487,5.5960796079397e-05,3.8176515545429e-05
1.788,-0.00054898382344269,-0.92101206064689,5.6398121938413e-05,3.7933019950258e-05
1.78825,-0.0077138368969943,-0.92052844974322,5.6836586295816e-05,3.7685385018213e-05
1.7885,-0.014885588930286,-0.91998261898567,5.7276180552118e-05,3.7433558875113e-05
1.78875,-0.022063849864646,-0.91937418515412,5.7716895653163e-05,3.717748877266e-05
1.789,-0.029248224348052,-0.91870276058792,5.8158722073984e-05,3.6917121070963e-05
1.78925,-0.036438311570391,-0.91796795306482,5.8601649802053e-05,3.6652401220626e-05
1.7895,-0.043633705092123,-0.91716936567715,5.9045668319897e-05,3.6383273744409e-05
1.78975,-0.050833992666065,-0.91630659670552,5.9490766587061e-05,3.6109682218433e-05
1.79,-0.058038756051905,-0.91537923948965,5.9936933021382e-05,3.5831569252924e-05
1.79025,-0.065247570823272,-0.91438688229665,6.038415547954e-05,3.554887647249e-05
1.7905,-0.072460006166978,-0.91332910818647,6.0832421236869e-05,3.5261544495912e-05
1.79075,-0.079675624674058,-0.91220549487463,6.128171696637e-05,3.4969512915443e-05
1.791,-0.08689398212235,-0.91101561459213,6.1732028716921e-05,3.46727202756e-05
1.79125,-0.094114627250215,-0.9097590339426,6.2183341890623e-05,3.4371104051432e-05
1.7915,-0.10133710152093,-0.9084353137566,6.2635641219249e-05,3.406460062627e-05
1.79175,-0.10856093887756,-0.90704400894311,6.3088910739766e-05,3.3753145268922e-05
1.792,-0.11578566548762,-0.90558466833819,6.3543133768876e-05,3.3436672110325e-05
1.79225,-0.12301079947735,-0.90405683455081,6.3998292876529e-05,3.3115114119624e-05
1.7925,-0.13023585065506,-0.90246004380584,6.4454369858382e-05,3.2788403079674e-05
1.79275,-0.13746032022286,-0.90079382578429,6.4911345707124e-05,3.2456469561955e-05
1.793,-0.14468370047674,-0.89905770346064,6.5369200582641e-05,3.2119242900883e-05
1.79325,-0.15190547449399,-0.89725119293756,6.5827913780954e-05,3.1776651167507e-05
1.7935,-0.15912511580773,-0.89537380327778,6.6287463701876e-05,3.1428621142582e-05
1.79375,-0.16634208806791,-0.89342503633338,6.6747827815332e-05,3.1075078289008e-05
1.794,-0.17355584468812,-0.89140438657239,6.7208982626269e-05,3.0715946723616e-05
1.79425,-0.18076582847767,-0.8893113409029,6.7670903638105e-05,3.0351149188302e-05
1.7945,-0.18797147125828,-0.88714537849465,6.8133565314636e-05,2.9980607020489e-05
1.79475,-0.19517219346461,-0.88490597059835,6.859694104033e-05,2.9604240122914e-05
1.795,-0.20236740372815,-0.88259258036265,6.906100307894e-05,2.9221966932727e-05
1.79525,-0.20955649844348,-0.88020466264905,6.9525722530348e-05,2.8833704389894e-05
1.7955,-0.2167388613162,-0.87774166384484,6.9991069285552e-05,2.84393679049e-05
1.79575,-0.22391386289196,-0.87520302167424,7.0457011979727e-05,2.8038871325737e-05
1.796,-0.23108086006532,-0.87258816500793,7.0923517943242e-05,2.7632126904186e-05
1.79625,-0.23823919556795,-0.86989651367126,7.1390553150549e-05,2.7219045261369e-05
1.7965,-0.24538819743506,-0.86712747825122,7.1858082166851e-05,2.6799535352587e-05
1.79675,-0.25252717844915,-0.86428045990274,7.2326068092419e-05,2.6373504431426e-05
1.797,-0.2596554355601,-0.86135485015423,7.2794472504462e-05,2.5940858013146e-05
1.79725,-0.26677224928046,-0.85835003071316,7.3263255396423e-05,2.5501499837338e-05
1.7975,-0.27387688305506,-0.85526537327168,7.3732375114587e-05,2.5055331829875e-05
1.79775,-0.28096858260357,-0.85210023931298,7.4201788291858e-05,2.4602254064134e-05
1.798,-0.28804657523499,-0.8488539799187,7.4671449778569e-05,2.4142164721529e-05
1.79825,-0.29511006913274,-0.84552593557806,7.5141312570188e-05,2.3674960051342e-05
1.7985,-0.3021582526092,-0.84211543599917,7.5611327731767e-05,2.3200534329878e-05
1.79875,-0.3091902933281,-0.83862179992337,7.6081444318964e-05,2.2718779818963e-05
1.799,-0.31620533749367,-0.83504433494302,7.6551609295485e-05,2.2229586723801e-05
1.79925,-0.32320250900492,-0.83138233732389,7.7021767446759e-05,2.173284315022e-05
1.7995,-0.33018090857341,-0.82763509183282,7.7491861289667e-05,2.1228435061336e-05
1.79975,-0.33713961280331,-0.82380187157166,7.7961830978133e-05,2.0716246233675e-05
1.8,-0.34407767323158,-0.81988193781858,7.8431614204363e-05,2.0196158212786e-05
1.80025,-0.35099411532705,-0.81587453987806,7.8901146095531e-05,1.96680502684e-05
1.8005,-0.35788793744621,-0.81177891494058,7.9370359105681e-05,1.9131799349186e-05
1.80075,-0.36475810974404,-0.80759428795385,7.9839182902606e-05,1.858728003717e-05
1.801,-0.37160357303786,-0.80331987150675,8.0307544249468e-05,1.8034364501874e-05
1.80125,-0.37842323762218,-0.79895486572814,8.0775366880883e-05,1.7472922454276e-05
1.8015,-0.38521598203236,-0.79449845820198,8.1242571373215e-05,1.6902821100649e-05
1.80175,-0.39198065175488,-0.78994982390145,8.1709075008786e-05,1.6323925096408e-05
1.802,-0.3987160578819,-0.78530812514385,8.2174791633697e-05,1.5736096500058e-05
1.80225,-0.40542097570756,-0.7805725115691,8.263963150896e-05,1.5139194727363e-05
1.8025,-0.41209414326365,-0.77574212014462,8.3103501154598e-05,1.4533076505886e-05
1.80275,-0.41873425979161,-0.7708160751996,8.3566303186377e-05,1.3917595830045e-05
1.803,-0.42533998414837,-0.76579348849186,8.4027936144805e-05,1.3292603916847e-05
1.80325,-0.43190993314286,-0.76067345931125,8.4488294316021e-05,1.265794916249e-05
1.8035,-0.43844267979985,-0.75545507462327,8.4947267544179e-05,1.2013477100052e-05
1.80375,-0.44493675154816,-0.75013740925747,8.5404741034914e-05,1.135903035846e-05
1.804,-0.45139062832918,-0.74471952614518,8.586059514945e-05,1.0694448623029e-05
1.80425,-0.45780274062235,-0.73920047661183,8.6314705188912e-05,1.0019568597807e-05
1.8045,-0.46417146738322,-0.73357930072934,8.6766941168353e-05,9.3342239700548e-06
1.80475,-0.47049513388979,-0.72785502773458,8.7217167580016e-05,8.6382453771769e-06
1.805,-0.47677200949276,-0.72202667652038,8.7665243145312e-05,7.9314603764697e-06
1.80525,-0.4830003052642,-0.71609325620603,8.8111020554974e-05,7.2136934180883e-06
1.8055,-0.48917817153985,-0.7100537667946,8.8554346196839e-05,6.4847658216588e-06
1.80575,-0.49530369534869,-0.70390719992513,8.8995059870669e-05,5.7444957570165e-06
1.806,-0.5013748977242,-0.69765253972783,8.9432994489406e-05,4.9926982295966e-06
1.80625,-0.50738973089007,-0.69128876379144,8.9867975766246e-05,4.2291850710324e-06
1.8065,-0.51334607531381,-0.68481484425134,9.0299821886872e-05,3.4537649355904e-06
1.80675,-0.51924173662024,-0.67822974900895,9.0728343166177e-05,2.6662433031223e-06
1.807,-0.52507444235716,-0.67153244309144,9.1153341688779e-05,1.8664224892572e-06
1.80725,-0.53084183860462,-0.66472189016236,9.1574610932615e-05,1.0541016636573e-06
1.8075,-0.53654148641901,-0.65779705419356,9.1991935374871e-05,2.29076877194e-07
1.80775,-0.54217085810316,-0.65075690130855,9.2405090079489e-05,-6.0885890099512e-07
1.808,-0.54772733329308,-0.64360040180802,9.2813840265463e-05,-1.4599157355289e-06
1.80825,-0.55320819485265,-0.63632653238757,9.3217940855135e-05,-2.324306664772e-06
1.8085,-0.55861062456744,-0.62893427855811,9.3617136001673e-05,-3.202247627564e-06
1.80875,-0.56393169862987,-0.62142263727885,9.4011158594893e-05,-4.0939573753556e-06
1.809,-0.56916838290898,-0.61379061981264,9.4399729744595e-05,-4.9996573683336e-06
1.80925,-0.57431752799914,-0.60603725481382,9.4782558240553e-05,-5.9195716539543e-06
1.8095,-0.57937586404483,-0.59816159165834,9.515933998832e-05,-6.8539267262186e-06
1.80975,-0.58433999534041,-0.59016270402651,9.5529757419973e-05,-7.8029513638552e-06
1.81,-0.58920639470725,-0.58203969374994,9.5893478878981e-05,-8.7668764454303e-06
1.81025,-0.59397139765409,-0.57379169493504,9.6250157978332e-05,-9.745934739267e-06
1.8105,-0.5986311963304,-0.56541787837798,9.6599432931131e-05,-1.0740360665862e-05
1.81075,-0.60318183328695,-0.55691745628889,9.6940925852871e-05,-1.1750390030309e-05
1.811,-0.60761919506233,-0.5482896873467,9.7274242034629e-05,-1.277625972207e-05
1.81125,-0.61193900561854,-0.53953388211133,9.7598969186512e-05,-1.3818207379189e-05
1.8115,-0.61613681965314,-0.53064940882521,9.7914676650693e-05,-1.4876471013859e-05
1.81175,-0.62020801581911,-0.52163569964346,9.8220914583515e-05,-1.595128859602e-05
1.812,-0.62414778988669,-0.51249225733918,9.8517213106178e-05,-1.704289759138e-05
1.81225,-0.62795114788358,-0.50321866253852,9.8803081423686e-05,-1.8151534450061e-05
1.8125,-0.6316128992509,-0.49381458154804,9.9078006911841e-05,-1.9277434041746e-05
1.81275,-0.63512765005259,-0.48427977484558,9.9341454172235e-05,-2.0420829032941e-05
1.813,-0.63848979627453,-0.47461410631186,9.959286405538e-05,-2.1581949201694e-05
1.81325,-0.64169351724873,-0.4648175532876,9.9831652652349e-05,-2.276102068476e-05
1.8135,-0.6447327692354,-0.45489021754431,0.00010005721025551,-2.3958265151932e-05
1.81375,-0.64760127919413,-0.44483233726097,0.00010026890028931,-2.5173898901932e-05
1.814,-0.65029253877427,-0.43464430009919,0.00010046605821223,-2.6408131873888e-05
1.81425,-0.65279979855467,-0.42432665746873,0.00010064799039169,-2.7661166568161e-05
1.8145,-0.6551160625649,-0.41388014007311,0.00010081397295376,-2.8933196869918e-05
1.81475,-0.65723408312437,-0.40330567482071,0.00010096325061037,-3.0224406768537e-05
1.815,-0.65914635604255,-0.39260440318175,0.00010109503546691,-3.1534968965659e-05
1.81525,-0.66084511623328,-0.38177770106636,0.00010120850581409,-3.2865043364365e-05
1.8155,-0.66232233380871,-0.37082720029252,0.00010130280490834,-3.4214775431793e-05
1.81575,-0.66356971073374,-0.35975481170757,0.0001013770397458,-3.5584294427234e-05
1.816,-0.66457867813961,-0.34856275002142,0.00010143027983611,-3.6973711487625e-05
1.81625,-0.66534039441527,-0.33725356040489,0.00010146155598274,-3.8383117562332e-05
1.8165,-0.66584574421679,-0.32583014690233,0.00010146985907791,-3.9812581189097e-05
1.81675,-0.66608533855845,-0.31429580270365,0.00010145413892124,-4.1262146103179e-05
1.817,-0.66604951617297,-0.30265424231605,0.00010141330307243,-4.2731828672087e-05
1.81725,-0.66572834635358,-0.29090963567156,0.00010134621574992,-4.4221615148731e-05
1.8175,-0.66511163351596,-0.27906664419951,0.00010125169678842,-4.5731458736607e-05
1.81775,-0.664188923744,-0.26713045888517,0.0001011285206706,-4.7261276461648e-05
1.818,-0.6629495136097,-0.2551068403253,0.0001009754156492,-4.8810945846751e-05
1.81825,-0.66138246158366,-0.2430021607769,0.0001007910629783,-5.0380301386851e-05
1.8185,-0.65947660237955,-0.23082344817811,0.00010057409627411,-5.196913082476e-05
1.81875,-0.65722056460247,-0.21857843209737,0.00010032310102811,-5.357717123102e-05
1.819,-0.6546027920977,-0.20627559153956,0.00010003661429746,-5.5204104894898e-05
1.81925,-0.65161156942273,-0.19392420450436,9.9713124600341e-05,-5.6849555038433e-05
1.8195,-0.64823505189082,-0.18153439915227,9.9351072046232e-05,-5.8513081371587e-05
1.81975,-0.64446130065879,-0.16911720638688,9.8948848734521e-05,-6.0194175514103e-05
1.82,-0.64027832335406,-0.15668461360787,9.8504799457687e-05,-6.1892256319143e-05
1.82025,-0.63567412075555,-0.14424961932667,9.8017222749221e-05,-6.36066651457e-05
1.8205,-0.63063674005872,-0.13182628826626,9.7484372320678e-05,-6.5336661141446e-05
1.82075,-0.62515433526582,-0.11942980648669,9.690445893753e-05,-6.7081416616327e-05
1.821,-0.61921523524589,-0.10707653598919,9.6275652790181e-05,-6.8840012610336e-05
1.82125,-0.61280802000503,-0.094784068154035,9.5596086425433e-05,-7.0611434788141e-05
1.8215,-0.6059216056919,-0.082571275259681,9.4863858316029e-05,-7.2394569830129e-05
1.82175,-0.59854533883615,-0.07045835921491,9.4077037163617e-05,-7.4188202536059e-05
1.822,-0.59066910027442,-0.058466896511612,9.3233667056488e-05,-7.5991013916736e-05
1.82225,-0.58228341915775,-0.04661987827402,9.2331773642442e-05,-7.7801580624539e-05
1.8225,-0.57337959735285,-0.034941744143565,9.136937153624e-05,-7.9618376169446e-05
1.82275,-0.56394984444484,-0.023458408598055,9.0344473271738e-05,-8.1439774489021e-05
1.823,-0.55398742341669,-0.012197278162378,8.9255100248411e-05,-8.3264056594549e-05
1.82325,-0.54348680691999,-0.0011872578302088,8.8099296338265e-05,-8.5089421207009e-05
1.8235,-0.5324438438574,0.0095412551153136,8.6875145155125e-05,-8.6914000529613e-05
1.82375,-0.52085593576933,0.019956391812014,8.5580792511488e-05,-8.8735882574375e-05
1.824,-0.50872222225266,0.030024849089762,8.4214476403136e-05,-9.0553141747227e-05
1.82425,-0.49604377433745,0.039711945405416,8.277456812962e-05,-9.2363879638135e-05
1.8245,-0.48282379440907,0.048981697583287,8.1259630121964e-05,-9.4166278013247e-05
1.82475,-0.46906782088852,0.057796920498802,7.9668499058068e-05,-9.5958665547224e-05
1.825,-0.45478393547778,0.066119351785098,7.8000407370904e-05,-9.773959820471e-05
1.82525,-0.43998297034404,0.073909803521263,7.6255162817714e-05,-9.9507949063845e-05
1.8255,-0.42467871216484,0.081128342666545,7.443341466159e-05,-0.00010126299425069
1.82575,-0.40888809949606,0.087734501726413,7.2537045349952e-05,-0.00010300446294801
1.826,-0.39263140946988,0.093687520765849,7.0569733968346e-05,-0.00010473248357449
1.82625,-0.37593242939556,0.098946621415083,6.8537728902695e-05,-0.00010644729476894
1.8265,-0.35881860844293,0.10347131293803,6.6450809545829e-05,-0.00010814849105951
1.82675,-0.34132118425792,0.10722172975296,6.4323245336882e-05,-0.00010983345645653
1.827,-0.3234752791147,0.11015899901103,6.2174180896036e-05,-0.0001114946064842
1.82725,-0.30531996007815,0.11224563595871,6.0026259868698e-05,-0.00011311539606741
1.8275,-0.28689825765678,0.11344596384945,5.790080053474e-05,-0.00011466623375425
1.82775,-0.26825713759738,0.11372655414744,5.5808650070843e-05,-0.00011610358563487
1.828,-0.24944742083122,0.1130566817104,5.3739519900717e-05,-0.00011737689705073
1.82825,-0.2305236471452,0.11140878858215,5.165777071741e-05,-0.0001184444418123
1.8285,-0.21154387893526,0.10875894901075,4.9512094870824e-05,-0.00011929009273429
1.82875,-0.19256944240537,0.10508732737935,4.7255613225381e-05,-0.00011992813548123
1.829,-0.17366460480102,0.10037861994557,4.4862450047343e-05,-0.00012039236896416
1.82925,-0.15489618769298,0.094622470681714,4.2331023403609e-05,-0.00012071921989952
1.8295,-0.13633311792604,0.087813851143362,3.9676780320468e-05,-0.0001209361935129
1.82975,-0.11804591957766,0.079953394214152,3.6922619333466e-05,-0.00012105874667951
1.83,-0.10010615207693,0.071047671817909,3.4092157095815e-05,-0.00012109242241057
1.83025,-0.082585801449888,0.061109407283074,3.1206583028429e-05,-0.00012103645915911
1.8305,-0.065556633409215,0.050157614001662,2.8283890298615e-05,-0.00012088687723198
1.83075,-0.049089518615585,0.038217653341353,2.5339207423712e-05,-0.00012063854237003
1.831,-0.033253741822719,0.025321206421325,2.2385454315004e-05,-0.00012028636141595
1.83125,-0.018116307705315,0.0115061563089,1.9433972245775e-05,-0.00011982590208129
1.8315,-0.003741256887914,-0.0031836206279863,1.6495014572355e-05,-0.0001192536762482
1.83175,0.0098109940065088,-0.018698553143785,1.3578088880293e-05,-0.00011856724240109
1.832,0.022484274623613,-0.034983759847138,1.0692176180092e-05,-0.00011776521711687
1.83225,0.034227232417716,-0.051979514411624,7.8458585121989e-06,-0.00011684724372607
1.8325,0.044993841499881,-0.06962178320617,5.0473820584679e-06,-0.00011581394222863
1.83275,0.05474383833091,-0.087842825290304,2.3046765362885e-06,-0.00011466685162355
1.833,0.06344307566253,-0.10657184304243,-3.746539901063e-07,-0.00011340836924262
1.83325,0.071063788286718,-0.12573567040444,-2.983358077832e-06,-0.00011204168856154
1.8335,0.07758476650848,-0.14525948488556,-5.5145739700826e-06,-0.00011057073564618
1.83375,0.08299143571079,-0.16506752910001,-7.9618712657382e-06,-0.0001090001039783
1.834,0.087275842829152,-0.1850838277229,-1.0319293237088e-05,-0.00010733498741736
1.83425,0.090436552897218,-0.20523288631785,-1.258139692935e-05,-0.00010558111124331
1.8345,0.092478460972638,-0.22544035947487,-1.4743288971623e-05,-0.00010374466146601
1.83475,0.093412526627481,-0.2456336770404,-1.6800655631276e-05,-0.00010183221281583
1.835,0.093255439730641,-0.26574261884848,-1.8749786117664e-05,-9.9850656019706e-05
1.83525,0.092029227421182,-0.28569983018976,-2.0587588526752e-05,-9.7807125105584e-05
1.8355,0.089760812953272,-0.3054412721984,-2.2311598140462e-05,-9.5708925563712e-05
1.83575,0.086481537486137,-0.32490660331155,-2.3919978066921e-05,-9.3563464228161e-05
1.836,0.08222665591591,-0.34403948988318,-2.5411512438117e-05,-9.13781817315e-05
1.83625,0.077034817534178,-0.36278784584805,-2.6785592573639e-05,-8.9160488336524e-05
1.8365,0.07094754169677,-0.38110400297363,-2.8042196674997e-05,-8.6917703868605e-05
1.83675,0.064008697848544,-0.39894481467024,-2.9181863736189e-05,-8.465700236815e-05
1.837,0.056263998233533,-0.41627169752218,-3.0205662443596e-05,-8.2385361962447e-05
1.83725,0.04776051048204,-0.43305061564364,-3.1115155893933e-05,-8.01095203267e-05
1.8375,0.038546196061903,-0.44925201365196,-3.1912362985011e-05,-7.7835935971776e-05
1.83775,0.028669479360764,-0.46485070449601,-3.2599717333295e-05,-7.5570755466736e-05
1.838,0.018178850972553,-0.47982571859846,-3.3180024548055e-05,-7.3319786582169e-05
1.83825,0.0071225076300542,-0.49416012079261,-3.3656418648092e-05,-7.1088477229283e-05
1.8385,-0.0044519698155159,-0.50784080138411,-3.4032318347285e-05,-6.8881899972487e-05
1.83875,-0.016497899898513,-0.520858247378,-3.431138386375e-05,-6.6704741811301e-05
1.839,-0.028969745867384,-0.53320629951216,-3.4497474827839e-05,-6.4561298861724e-05
1.83925,-0.041823323861013,-0.54488190025827,-3.4594609780107e-05,-6.245547551789e-05
1.8395,-0.055015975512811,-0.5558848374202,-3.4606927665024e-05,-6.0390787641064e-05
1.83975,-0.068506706995983,-0.56621748739956,-3.453865164218e-05,-5.8370369303942e-05
1.84,-0.082256296843347,-0.5758845616316,-3.4394055456328e-05,-5.6396982612264e-05
1.84025,-0.096227375091934,-0.58489285913791,-3.417743253268e-05,-5.4473030131095e-05
1.8405,-0.11038447642724,-0.59325102760961,-3.3893067895506e-05,-5.2600569458258e-05
1.84075,-0.12469407004934,-0.60096933493625,-3.3545212947364e-05,-5.0781329510093e-05
1.841,-0.13912456896373,-0.60805945263795,-3.3138063093413e-05,-4.9016728113466e-05
1.84125,-0.15364632132779,-0.61453425224667,-3.2675738150605e-05,-4.7307890530923e-05
1.8415,-0.16823158637014,-0.62040761531865,-3.2162265444712e-05,-4.5655668581544e-05
1.84175,-0.18285449725544,-0.62569425744381,-3.1601565468937e-05,-4.4060660057136e-05
1.842,-0.19749101310046,-0.63040956634889,-3.099743995561e-05,-4.2523228170762e-05
1.84225,-0.21211886216761,-0.63456945396631,-3.0353562196603e-05,-4.104352081113e-05
1.8425,-0.22671747807493,-0.63819022215686,-2.9673469437892e-05,-3.962148941159e-05
1.84275,-0.24126793067323,-0.64128844162891,-2.8960557168356e-05,-3.8256907275624e-05
1.843,-0.25575285305685,-0.643880843484,-2.8218075121749e-05,-3.6949387231371e-05
1.84325,-0.27015636599505,-0.64598422273649,-2.7449124813125e-05,-3.5698398515869e-05
1.8435,-0.28446400090317,-0.64761535309777,-2.6656658436002e-05,-3.4503282814807e-05
1.84375,-0.29866262231374,-0.64879091228086,-2.5843478953908e-05,-3.3363269406014e-05
1.844,-0.31274035066197,-0.64952741706445,-2.5012241228781e-05,-3.2277489374441e-05
1.84425,-0.32668648606689,-0.64984116735431,-2.4165454038748e-05,-3.1244988883211e-05
1.8445,-0.3404914336686,-0.6497481984907,-2.3305482848612e-05,-3.0264741499641e-05
1.84475,-0.35414663097455,-0.64926424107118,-2.2434553207496e-05,-2.9335659587007e-05
1.845,-0.36764447757217,-0.64840468758585,-2.1554754659364e-05,-2.8456604782619e-05
1.84525,-0.38097826748095,-0.64718456519585,-2.0668045063281e-05,-2.7626397590542e-05
1.8455,-0.39414212434454,-0.64561851402266,-1.9776255231011e-05,-2.6843826123366e-05
1.84575,-0.40713093959991,-0.64372077035574,-1.8881093799964e-05,-2.610765403195e-05
1.846,-0.41994031370718,-0.6415051542263,-1.7984152269211e-05,-2.5416627665288e-05
1.84625,-0.43256650047808,-0.63898506083672,-1.7086910135483e-05,-2.4769482504698e-05
1.8465,-0.44500635450308,-0.63617345537523,-1.6190740074528e-05,-2.4164948917641e-05
1.84675,-0.45725728164598,-0.63308287078536,-1.5296913120972e-05,-2.3601757276802e-05
1.847,-0.46931719254913,-0.62972540809803,-1.4406603806961e-05,-2.3078642489694e-05
1.84725,-0.48118445907216,-0.62611273897017,-1.3520895226262e-05,-2.259434798318e-05
1.8475,-0.49285787357144,-0.6222561101087,-1.2640783996249e-05,-2.214762918599e-05
1.84775,-0.50433661091519,-0.61816634929059,-1.1767185095371e-05,-2.173725655073e-05
1.848,-0.51562019312074,-0.61385387272019,-1.0900936558236e-05,-2.1362018154968e-05
1.84825,-0.52670845649443,-0.60932869349281,-1.0042804014438e-05,-2.1020721919017e-05
1.8485,-0.53760152115085,-0.60460043095933,-9.193485060793e-06,-2.0712197475883e-05
1.84875,-0.54829976278707,-0.59967832081013,-8.3536134596346e-06,-2.0435297726664e-05
1.849,-0.55880378658713,-0.59457122571841,-7.5237631584803e-06,-2.0188900112499e-05
1.84925,-0.56911440313324,-0.58928764640246,-6.7044521285956e-06,-1.9971907631999e-05
1.8495,-0.5792326062032,-0.58383573298416,-5.8961460218688e-06,-1.9783249630951e-05
1.84975,-0.5891595523361,-0.5782232965372,-5.0992616470097e-06,-1.9621882389015e-05
1.85,-0.59889654205248,-0.57245782073285,-4.314170267408e-06,-1.9486789526165e-05
1.85025,-0.60844500261959,-0.56654647350401,-3.5412007240368e-06,-1.937698224973e-05
1.8505,-0.61780647225677,-0.56049611865996,-2.7806423876976e-06,-1.9291499461078e-05
1.85075,-0.62698258568114,-0.55431332739439,-2.0327479455489e-06,-1.922940773931e-05
1.851,-0.63597506089849,-0.54800438963859,-1.2977360274129e-06,-1.9189801217753e-05
1.85125,-0.64478568714968,-0.54157532521966,-5.7579367774646e-07,-1.917180136753e-05
1.8515,-0.6534163139275,-0.53503189479074,1.3292132058999e-07,-1.9174556701136e-05
1.85175,-0.66186884098422,-0.52837961050665,8.2827826441754e-07,-1.9197242407665e-05
1.852,-0.67014520925469,-0.5216237464238,1.5101714837798e-06,-1.9239059930145e-05
1.85225,-0.67824739262479,-0.51476934860786,2.1785184244976e-06,-1.9299236494368e-05
1.8525,-0.68617739047921,-0.50782124493724,2.8332578533355e-06,-1.9377024597601e-05
1.85275,-0.69393722096733,-0.50078405459359,3.4743481794836e-06,-1.9471701464646e-05
1.853,-0.70152891492986,-0.49366219723409,4.1017658861661e-06,-1.9582568477917e-05
1.85325,-0.70895451043281,-0.48645990184263,4.7155040663463e-06,-1.9708950587386e-05
1.8535,-0.71621604785942,-0.47918121525961,5.3155710566949e-06,-1.9850195705637e-05
1.85375,-0.72331556551403,-0.47183001039153,5.9019891641714e-06,-2.0005674092584e-05
1.854,-0.73025509569496,-0.46440999410389,6.4747934797827e-06,-2.017477773387e-05
1.85425,-0.73703666119734,-0.4569247148015,7.0340307743211e-06,-2.0356919716468e-05
1.8545,-0.74366227220898,-0.44937756970205,7.5797584710853e-06,-2.0551533604506e-05
1.85475,-0.75013392356564,-0.44177181180935,8.1120436908428e-06,-2.0758072817987e-05
1.855,-0.75645359233457,-0.43411055659345,8.6309623645069e-06,-2.0976010016636e-05
1.85525,-0.76262323569738,-0.42639678838569,9.1365984092281e-06,-2.120483649084e-05
1.8555,-0.76864478910577,-0.41863336649657,9.6290429638395e-06,-2.1444061561306e-05
1.85575,-0.77452016468579,-0.41082303106548,1.0108393679792e-05,-2.1693211988822e-05
1.856,-0.78025124986793,-0.40296840865069,1.057475406395e-05,-2.1951831395261e-05
1.85625,-0.78583990622246,-0.39507201756885,1.1028232869808e-05,-2.2219479696772e-05
1.8565,-0.79128796848105,-0.38713627299279,1.1468943533899e-05,-2.2495732549912e-05
1.85675,-0.79659724372699,-0.37916349181681,1.1897003654343e-05,-2.2780180811293e-05
1.857,-0.80176951073828,-0.37115589729817,1.231253450869e-05,-2.3072430011223e-05
1.85725,-0.80680651946849,-0.36311562348384,1.2715660608349e-05,-2.3372099841635e-05
1.8575,-0.81170999065229,-0.35504471943106,1.310650928711e-05,-2.3678823658536e-05
1.85775,-0.81648161552299,-0.34694515323028,1.3485210321374e-05,-2.3992247999092e-05
1.858,-0.82112305563092,-0.33881881583882,1.3851895579894e-05,-2.4312032113375e-05
1.85825,-0.82563594275229,-0.33066752473336,1.4206698700951e-05,-2.4637847510754e-05
1.8585,-0.83002187887897,-0.32249302738917,1.4549754795028e-05,-2.4969377520816e-05
1.85875,-0.83428243628066,-0.31429700459365,1.4881200171183e-05,-2.5306316868676e-05
1.859,-0.83841915763146,-0.30608107360172,1.5201172085418e-05,-2.5648371264489e-05
1.85925,-0.8424335561936,-0.29784679114011,1.5509808509474e-05,-2.5995257006914e-05
1.8595,-0.84632711605195,-0.28959565626744,1.5807247918583e-05,-2.6346700600292e-05
1.85975,-0.85010129239296,-0.28132911309684,1.6093629096802e-05,-2.670243838523e-05
1.86,-0.85375751182297,-0.27304855338733,1.6369090958646e-05,-2.7062216182297e-05
1.86025,-0.85729717272066,-0.26475531901024,1.6633772385836e-05,-2.7425788948503e-05
1.8605,-0.8607216456192,-0.25645070429655,1.6887812078047e-05,-2.7792920446222e-05
1.86075,-0.86403227361399,-0.24813595827061,1.7131348416625e-05,-2.8163382924216e-05
1.861,-0.86723037279235,-0.23981228677587,1.7364519340312e-05,-2.8536956810412e-05
1.86125,-0.87031723268168,-0.23148085449768,1.7587462232085e-05,-2.8913430416069e-05
1.8615,-0.87329411671303,-0.22314278688812,1.7800313816272e-05,-2.9292599650986e-05
1.86175,-0.87616226269753,-0.21479917199751,1.8003210065183e-05,-2.9674267749383e-05
1.862,-0.87892288331278,-0.20645106221726,1.8196286114523e-05,-3.0058245006118e-05
1.86225,-0.8815771665975,-0.1980994759382,1.8379676186934e-05,-3.0444348522867e-05
1.8625,-0.88412627645182,-0.18974539912868,1.8553513523038e-05,-3.0832401963943e-05
1.86275,-0.88657135314192,-0.18138978683611,1.87179303194e-05,-3.1222235321393e-05
1.863,-0.888913513807,-0.17303356461591,1.8873057672894e-05,-3.1613684689052e-05
1.86325,-0.89115385296736,-0.16467762989129,1.9019025530954e-05,-3.2006592045217e-05
1.8635,-0.89329344303211,-0.15632285324722,1.915596264727e-05,-3.2400805043627e-05
1.86375,-0.89533333480551,-0.14797007966201,1.9283996542488e-05,-3.2796176812435e-05
1.864,-0.89727455799077,-0.13962012967922,1.9403253469523e-05,-3.3192565760864e-05
1.86425,-0.89911812169048,-0.13127380052318,1.9513858383123e-05,-3.3589835393257e-05
1.8645,-0.90086501490276,-0.12293186716071,1.9615934913335e-05,-3.3987854130232e-05
1.86475,-0.90251620701258,-0.11459508331166,1.9709605342568e-05,-3.4386495136663e-05
1.865,-0.90407264827742,-0.10626418241081,1.9794990585944e-05,-3.4785636156218e-05
1.86525,-0.90553527030698,-0.097939878523616,1.9872210174695e-05,-3.5185159352198e-05
1.8655,-0.90690498653615,-0.089622867217975,1.9941382242327e-05,-3.5584951154415e-05
1.86575,-0.90818269269115,-0.081313826394104,2.0002623513333e-05,-3.5984902111882e-05
1.866,-0.90936926724841,-0.073013417074762,2.0056049294248e-05,-3.6384906751066e-05
1.86625,-0.91046557188561,-0.064722284157583,2.0101773466825e-05,-3.6784863439488e-05
1.8665,-0.91147245192521,-0.056441057131517,2.013990848318e-05,-3.7184674254446e-05
1.86675,-0.91239073676973,-0.048170350759079,2.0170565362703e-05,-3.7584244856659e-05
1.867,-0.91322124032894,-0.039910765725949,2.019385369061e-05,-3.7983484368622e-05
1.86725,-0.91396476143874,-0.031662889259857,2.0209881617963e-05,-3.8382305257493e-05
1.8675,-0.9146220842717,-0.023427295719827,2.0218755863052e-05,-3.8780623222303e-05
1.86775,-0.9151939787391,-0.015204547157579,2.0220581713988e-05,-3.9178357085338e-05
1.868,-0.91568120088458,-0.0069951938522427,2.0215463032421e-05,-3.9575428687499e-05
1.86825,-0.91608449326928,0.0012002251802794,2.020350225825e-05,-3.9971762787489e-05
1.8685,-0.91640458534852,0.0093811817019716,2.0184800415256e-05,-4.0367286964663e-05
1.86875,-0.91664219384015,0.017547157790391,2.0159457117545e-05,-4.0761931525391e-05
1.869,-0.91679802308442,0.025697645398117,2.0127570576738e-05,-4.1155629412792e-05
1.86925,-0.91687276539564,0.033832145932972,2.0089237609817e-05,-4.1548316119696e-05
1.8695,-0.91686710140558,0.041950169858019,2.0044553647567e-05,-4.1939929604701e-05
1.86975,-0.91678170039878,0.050051236310386,1.999361274355e-05,-4.2330410211202e-05
1.87,-0.91661722063971,0.058134872737934,1.9936507583546e-05,-4.271970058926e-05
1.87025,-0.91637430969224,0.066200614553067,1.9873329495413e-05,-4.3107745620212e-05
1.8705,-0.916053604731,0.074248004802641,1.9804168459311e-05,-4.3494492343884e-05
1.87075,-0.9156557328454,0.082276593853444,1.9729113118256e-05,-4.3879889888324e-05
1.871,-0.91518131133571,0.090285939092312,1.964825078894e-05,-4.4263889401939e-05
1.87125,-0.91463094800209,0.098275604640259,1.9561667472809e-05,-4.4646443987942e-05
1.8715,-0.91400524142605,0.10624516108001,1.9469447867339e-05,-4.5027508641012e-05
1.87175,-0.91330478124492,0.11419418519612,1.9371675377486e-05,-4.5407040186078e-05
1.872,-0.91253014841918,0.1221222597273,1.9268432127286e-05,-4.5784997219149e-05
1.87225,-0.9116819154931,0.13002897313025,1.9159798971576e-05,-4.6161340050089e-05
1.8725,-0.91076064684839,0.13791391935437,1.9045855507806e-05,-4.653603064728e-05
1.87275,-0.90976689895158,0.14577669762711,1.8926680087927e-05,-4.6909032584078e-05
1.873,-0.90870122059471,0.15361691224916,1.8802349830329e-05,-4.728031098701e-05
1.87325,-0.90756415312979,0.16143417239914,1.867294063182e-05,-4.7649832485618e-05
1.8735,-0.90635623069725,0.16922809194739,1.8538527179618e-05,-4.8017565163909e-05
1.87375,-0.90507798044815,0.17699828927842,1.8399182963348e-05,-4.838347851333e-05
1.874,-0.9037299227607,0.1847443871214,1.8254980287034e-05,-4.874754338722e-05
1.87425,-0.90231257145099,0.19246601238879,1.8105990281058e-05,-4.9109731956669e-05
1.8745,-0.90082643397812,0.20016279602208,1.7952282914099e-05,-4.9470017667739e-05
1.87475,-0.89927201164393,0.207834372845,1.7793927005023e-05,-4.9828375199987e-05
1.875,-0.89764979978737,0.21548038142326,1.7630990234716e-05,-5.0184780426248e-05
1.87525,-0.89596028797373,0.22310046393089,1.7463539157873e-05,-5.0539210373615e-05
1.8755,-0.89420396017875,0.23069426602273,1.7291639214703e-05,-5.0891643185589e-05
1.87575,-0.89238129496794,0.23826143671282,1.7115354742578e-05,-5.1242058085332e-05
1.876,-0.89049276567101,0.24580162825836,1.693474898759e-05,-5.1590435340004e-05
1.87625,-0.88853884055162,0.25331449604906,1.6749884116037e-05,-5.1936756226124e-05
1.8765,-0.88651998297274,0.26079969850164,1.6560821225813e-05,-5.2281002995929e-05
1.87675,-0.88443665155736,0.26825689695909,1.636762035772e-05,-5.2623158844681e-05
1.877,-0.88228930034513,0.27568575559471,1.617034050667e-05,-5.2963207878904e-05
1.87725,-0.88007837894466,0.28308594132047,1.596903963281e-05,-5.33011350855e-05
1.8775,-0.87780433268182,0.29045712369974,1.576377467253e-05,-5.3636926301716e-05
1.87775,-0.87546760274403,0.29779897486389,1.5554601549391e-05,-5.3970568185937e-05
1.878,-0.87306862632079,0.30511116943285,1.5341575184933e-05,-5.430204818927e-05
1.87825,-0.87060783674034,0.31239338443938,1.5124749509395e-05,-5.4631354527885e-05
1.8785,-0.86808566360281,0.31964529925678,1.4904177472324e-05,-5.4958476156098e-05
1.87875,-0.8655025329097,0.32686659552994,1.4679911053085e-05,-5.5283402740154e-05
1.879,-0.86285886719006,0.33405695710966,1.4452001271264e-05,-5.5606124632702e-05
1.87925,-0.8601550856232,0.34121606998999,1.4220498196965e-05,-5.5926632847915e-05
1.8795,-0.85739160415823,0.34834362224847,1.398545096101e-05,-5.6244919037263e-05
1.87975,-0.85456883563044,0.35543930398919,1.3746907765032e-05,-5.6560975465876e-05
1.88,-0.85168718987457,0.36250280728845,1.350491589146e-05,-5.687479498952e-05
1.88025,-0.84874707383517,0.36953382614308,1.3259521713406e-05,-5.7186371032124e-05
1.8805,-0.84574889167396,0.376532056421,1.3010770704454e-05,-5.749569756387e-05
1.88075,-0.84269304487453,0.38349719581431,1.2758707448339e-05,-5.7802769079805e-05
1.881,-0.8395799323442,0.39042894379441,1.250337564853e-05,-5.8107580578971e-05
1.88125,-0.83640995051326,0.39732700156936,1.2244818137716e-05,-5.8410127544027e-05
1.8815,-0.83318349343166,0.40419107204319,1.1983076887191e-05,-5.871040592135e-05
1.88175,-0.82990095286319,0.41102085977717,1.1718193016141e-05,-5.9008412101593e-05
1.882,-0.82656271837723,0.41781607095291,1.1450206800837e-05,-5.9304142900694e-05
1.88225,-0.8231691774382,0.42457641333729,1.1179157683734e-05,-5.9597595541311e-05
1.8825,-0.81972071549264,0.43130159624892,1.0905084282476e-05,-5.9888767634676e-05
1.88275,-0.81621771605417,0.43799133052644,1.0628024398808e-05,-6.0177657162848e-05
1.883,-0.81266056078624,0.44464532849811,1.0348015027399e-05,-6.0464262461352e-05
1.88325,-0.80904962958283,0.45126330395309,1.0065092364575e-05,-6.0748582202198e-05
1.8835,-0.80538530064711,0.45784497211401,9.7792918169654e-06,-6.1030615377258e-05
1.88375,-0.80166795056818,0.46439004961093,9.4906480100613e-06,-6.1310361281994e-05
1.884,-0.79789795439586,0.47089825445654,9.1991947966928e-06,-6.1587819499522e-05
1.88425,-0.79407568571363,0.47736930602271,8.9049652654185e-06,-6.186298988501e-05
1.8845,-0.79020151670988,0.48380292501811,8.607991748838e-06,-6.2135872550381e-05
1.88475,-0.78627581824734,0.49019883346699,8.3083058318214e-06,-6.240646784933e-05
1.885,-0.78229895993082,0.49655675468909,8.0059383596609e-06,-6.2674776362629e-05
1.88525,-0.77827131017338,0.50287641328055,7.7009194461473e-06,-6.2940798883725e-05
1.8855,-0.77419323626093,0.50915753509582,7.3932784815686e-06,-6.3204536404603e-05
1.88575,-0.77006510441523,0.51539984723052,7.0830441406381e-06,-6.3465990101925e-05
1.886,-0.7658872798555,0.52160307800526,6.7702443903477e-06,-6.3725161323418e-05
1.88625,-0.76166012685851,0.52776695695028,6.4549064977517e-06,-6.3982051574512e-05
1.8865,-0.75738400881733,0.53389121479092,6.1370570376842e-06,-6.4236662505224e-05
1.88675,-0.75305928829876,0.53997558343404,5.8167219004046e-06,-6.4488995897262e-05
1.887,-0.74868632709939,0.54601979595499,5.4939262991833e-06,-6.4739053651363e-05
1.88725,-0.74426548630049,0.55202358658553,5.1686947778198e-06,-6.498683777484e-05
1.8875,-0.73979712632152,0.55798669070237,4.8410512180993e-06,-6.5232350369337e-05
1.88775,-0.73528160697268,0.5639088448164,4.5110188471912e-06,-6.5475593618793e-05
1.888,-0.73071928750616,0.5697897865626,4.1786202449867e-06,-6.5716569777584e-05
1.88825,-0.72611052666627,0.57562925469063,3.8438773513791e-06,-6.5955281158871e-05
1.8885,-0.72145568273864,0.58142698905594,3.5068114734925e-06,-6.619173012311e-05
1.88875,-0.71675511359826,0.58718273061156,3.1674432928532e-06,-6.6425919066746e-05
1.889,-0.71200917675654,0.59289622140046,2.8257928725104e-06,-6.6657850411073e-05
1.88925,-0.70721822940745,0.59856720454836,2.4818796641099e-06,-6.6887526591247e-05
1.8895,-0.7023826284727,0.60419542425726,2.1357225149148e-06,-6.7114950045467e-05
1.88975,-0.69750273064599,0.60978062579926,1.7873396747854e-06,-6.734012320429e-05
1.89,-0.6925788924364,0.61532255551106,1.4367488031108e-06,-6.7563048480098e-05
1.89025,-0.68761147021096,0.62082096078892,1.083966975699e-06,-6.7783728256702e-05
1.8905,-0.68260082023641,0.62627559008396,7.2901069162862e-07,-6.8002164879071e-05
1.89075,-0.67754729872007,0.63168619289807,3.7189588005805e-07,-6.8218360643197e-05
1.891,-0.67245126185011,0.63705251978019,1.2637907002448e-08,-6.8432317786073e-05
1.89125,-0.66731306583496,0.64237432232301,-3.4874841792713e-07,-6.8644038475789e-05
1.8915,-0.66213306694204,0.64765135316016,-7.1224883481726e-07,-6.8853524801743e-05
1.89175,-0.65691162153586,0.65288336596369,-1.0778496267731e-06,-6.906077876495e-05
1.892,-0.6516490861154,0.65807011544207,-1.4455376132711e-06,-6.9265802268461e-05
1.89225,-0.64634581735084,0.6632113573385,-1.8153001435376e-06,-6.9468597107871e-05
1.8925,-0.64100217211974,0.66830684842964,-2.1871250899491e-06,-6.9669164961924e-05
1.89275,-0.63561850754261,0.6733563465247,-2.561000841457e-06,-6.9867507383201e-05
1.893,-0.63019518101785,0.67835961046491,-2.9369162970323e-06,-7.0063625788897e-05
1.89325,-0.62473255025621,0.68331640012328,-3.3148608591244e-06,-7.0257521451668e-05
1.8935,-0.61923097331467,0.68822647640486,-3.6948244271398e-06,-7.044919549056e-05
1.89375,-0.61369080862987,0.69308960124717,-4.0767973909283e-06,-7.0638648862005e-05
1.894,-0.608112415051,0.69790553762109,-4.4607706242832e-06,-7.0825882350882e-05
1.89425,-0.60249615187218,0.70267404953212,-4.8467354784486e-06,-7.1010896561644e-05
1.8945,-0.59684237886452,0.70739490202178,-5.2346837756289e-06,-7.1193691909498e-05
1.89475,-0.59115145630753,0.71206786116959,-5.6246078025058e-06,-7.1374268611644e-05
1.895,-0.58542374502038,0.71669269409522,-6.0165003037498e-06,-7.1552626678564e-05
1.89525,-0.57965960639247,0.72126916896097,-6.4103544755328e-06,-7.1728765905356e-05
1.8955,-0.57385940241385,0.72579705497468,-6.8061639590338e-06,-7.1902685863111e-05
1.89575,-0.56802349570505,0.7302761223928,-7.2039228339349e-06,-7.2074385890336e-05
1.896,-0.56215224954679,0.73470614252396,-7.6036256119068e-06,-7.2243865084406e-05
1.89625,-0.55624602790906,0.73908688773271,-8.0052672300815e-06,-7.2411122293055e-05
1.8965,-0.55030519548018,0.74341813144366,-8.4088430445029e-06,-7.2576156105893e-05
1.89675,-0.54433011769523,0.74769964814588,-8.8143488235615e-06,-7.2738964845952e-05
1.897,-0.53832116076442,0.7519312133977,-9.2217807414033e-06,-7.2899546561257e-05
1.89725,-0.532278691701,0.75611260383176,-9.6311353713096e-06,-7.3057899016414e-05
1.8975,-0.526203078349,0.76024359716042,-1.004240967905e-05,-7.321401968422e-05
1.89775,-0.5200946894106,0.7643239721814,-1.0455601016199e-05,-7.3367905737283e-05
1.898,-0.51395389447332,0.76835350878392,-1.0870707113412e-05,-7.3519554039659e-05
1.89825,-0.5077810640369,0.77233198795499,-1.1287726073669e-05,-7.3668961138497e-05
1.8985,-0.50157656953998,0.77625919178607,-1.1706656365462e-05,-7.3816123255685e-05
1.89875,-0.49534078338648,0.7801349034802,-1.2127496815946e-05,-7.3961036279512e-05
1.899,-0.48907407897185,0.7839589073592,-1.2550246604021e-05,-7.410369575632e-05
1.89925,-0.48277683070907,0.7877309888714,-1.2974905253377e-05,-7.4244096882162e-05
1.8995,-0.47644941405437,0.7914509345997,-1.340147262546e-05,-7.4382234494453e-05
1.89975,-0.47009220553284,0.79511853226984,-1.3829948912388e-05,-7.4518103063622e-05
1.9,-0.46370558276386,0.79873357075916,-1.4260334629783e-05,-7.4651696684748e-05
1.90025,-0.45728992448621,0.80229584010561,-1.4692630609545e-05,-7.4783009069195e-05
1.9005,-0.45084561058321,0.8058051315171,-1.5126837992535e-05,-7.4912033536231e-05
1.90075,-0.44437302210749,0.80926123738134,-1.5562958221177e-05,-7.5038763004631e-05
1.901,-0.43787254130569,0.81266395127586,-1.6000993031986e-05,-7.5163189984278e-05
1.90125,-0.43134455164301,0.81601306797855,-1.644094444798e-05,-7.5285306567728e-05
1.9015,-0.42478943782759,0.8193083834784,-1.6882814771016e-05,-7.5405104421778e-05
1.90175,-0.41820758583468,0.82254969498678,-1.7326606574011e-05,-7.5522574778996e-05
1.902,-0.41159938293075,0.82573680094904,-1.7772322693061e-05,-7.5637708429243e-05
1.90225,-0.4049652176974,0.82886950105641,-1.8219966219443e-05,-7.5750495711168e-05
1.9025,-0.39830548005518,0.83194759625841,-1.8669540491503e-05,-7.5860926503684e-05
1.90275,-0.3916205612872,0.83497088877559,-1.9121049086416e-05,-7.5968990217412e-05
1.903,-0.38491085406267,0.83793918211265,-1.9574495811816e-05,-7.6074675786108e-05
1.90325,-0.37817675246031,0.84085228107208,-2.0029884697295e-05,-7.6177971658066e-05
1.9035,-0.37141865199155,0.84370999176799,-2.0487219985756e-05,-7.6278865787487e-05
1.90375,-0.36463694962375,0.84651212164062,-2.0946506124619e-05,-7.6377345625831e-05
1.904,-0.35783204380311,0.84925847947111,-2.1407747756873e-05,-7.6473398113137e-05
1.90425,-0.35100433447762,0.85194887539666,-2.1870949711972e-05,-7.6567009669316e-05
1.9045,-0.34415422311979,0.85458312092632,-2.2336116996557e-05,-7.6658166185428e-05
1.90475,-0.33728211274931,0.857161028957,-2.2803254785007e-05,-7.6746853014918e-05
1.905,-0.33038840795549,0.8596824137901,-2.3272368409816e-05,-7.6833054964837e-05
1.90525,-0.32347351491976,0.86214709114847,-2.374346335177e-05,-7.6916756287039e-05
1.9055,-0.31653784143779,0.86455487819399,-2.4216545229944e-05,-7.6997940669346e-05
1.90575,-0.30958179694177,0.86690559354533,-2.4691619791486e-05,-7.70765912267e-05
1.906,-0.30260579252231,0.86919905729656,-2.5168692901197e-05,-7.7152690492286e-05
1.90625,-0.29561024095035,0.87143509103593,-2.56477705309e-05,-7.7226220408639e-05
1.9065,-0.28859555669894,0.87361351786533,-2.6128858748568e-05,-7.7297162318734e-05
1.90675,-0.28156215596478,0.87573416242015,-2.6611963707243e-05,-7.7365496957055e-05
1.907,-0.27451045668978,0.87779685088961,-2.7097091633695e-05,-7.7431204440656e-05
1.90725,-0.26744087858235,0.8798014110378,-2.7584248816845e-05,-7.7494264260206e-05
1.9075,-0.26035384313856,0.88174767222493,-2.8073441595929e-05,-7.7554655271027e-05
1.90775,-0.25324977366325,0.88363546542941,-2.8564676348395e-05,-7.7612355684127e-05
1.908,-0.24612909529091,0.88546462327021,-2.9057959477528e-05,-7.7667343057229e-05
1.90825,-0.23899223500635,0.88723498002998,-2.9553297399799e-05,-7.7719594285804e-05
1.9085,-0.23183962166537,0.88894637167845,-3.0050696531911e-05,-7.7769085594105e-05
1.90875,-0.2246716860151,0.8905986358967,-3.055016327756e-05,-7.7815792526214e-05
1.909,-0.21748886071426,0.89219161210173,-3.1051704013874e-05,-7.7859689937103e-05
1.90925,-0.21029158035322,0.89372514147167,-3.1555325077547e-05,-7.790075198371e-05
1.9095,-0.20308028147386,0.89519906697168,-3.2061032750636e-05,-7.7938952116042e-05
1.90975,-0.19585540258928,0.89661323338022,-3.2568833246026e-05,-7.797426306831e-05
1.91,-0.18861738420324,0.89796748731614,-3.3078732692549e-05,-7.8006656850097e-05
1.91025,-0.18136666882945,0.89926167726614,-3.3590737119747e-05,-7.8036104737567e-05
1.9105,-0.17410370101067,0.90049565361299,-3.4104852442264e-05,-7.8062577264725e-05
1.91075,-0.16682892733747,0.9016692686643,-3.4621084443875e-05,-7.8086044214737e-05
1.911,-0.15954279646694,0.90278237668194,-3.5139438761118e-05,-7.8106474611306e-05
1.91125,-0.15224575914098,0.90383483391196,-3.5659920866535e-05,-7.8123836710129e-05
1.9115,-0.14493826820441,0.90482649861534,-3.6182536051507e-05,-7.8138097990429e-05
1.91175,-0.13762077862292,0.90575723109919,-3.6707289408674e-05,-7.8149225146579e-05
1.912,-0.13029374750059,0.90662689374868,-3.7234185813927e-05,-7.8157184079831e-05
1.91225,-0.12295763409718,0.90743535105964,-3.7763229907969e-05,-7.8161939890145e-05
1.9125,-0.11561289984524,0.90818246967174,-3.8294426077418e-05,-7.8163456868147e-05
1.91275,-0.10826000836674,0.90886811840234,-3.8827778435465e-05,-7.8161698487217e-05
1.913,-0.10089942548957,0.9094921682811,-3.9363290802059e-05,-7.8156627395723e-05
1.91325,-0.09353161926354,0.91005449258514,-3.990096668361e-05,-7.8148205409405e-05
1.9135,-0.086157059976148,0.91055496687494,-4.0440809252215e-05,-7.8136393503939e-05
1.91375,-0.07877622016803,0.91099346903094,-4.0982821324369e-05,-7.8121151807674e-05
1.914,-0.071389574647921,0.91136987929074,-4.1527005339186e-05,-7.8102439594577e-05
1.91425,-0.063997600507364,0.91168408028711,-4.2073363336084e-05,-7.8080215277384e-05
1.9145,-0.056600777134969,0.91193595708662,-4.2621896931947e-05,-7.8054436400982e-05
1.91475,-0.049199586230258,0.91212539722896,-4.3172607297754e-05,-7.8025059636038e-05
1.915,-0.041794511817138,0.91225229076704,-4.3725495134648e-05,-7.7992040772887e-05
1.91525,-0.034386040256912,0.91231653030776,-4.428056064945e-05,-7.7955334715708e-05
1.9155,-0.026974660260816,0.91231801105346,-4.4837803529609e-05,-7.791489547699e-05
1.91575,-0.019560862902168,0.91225663084415,-4.5397222917563e-05,-7.7870676172323e-05
1.916,-0.01214514162796,0.91213229020044,-4.5958817384527e-05,-7.7822629015529e-05
1.91625,-0.0047279922699769,0.91194489236716,-4.6522584903675e-05,-7.7770705314149e-05
1.9165,0.0026900869445553,0.9116943433578,-4.7088522822717e-05,-7.7714855465321e-05
1.91675,0.010108595382931,0.91138055199956,-4.7656627835871e-05,-7.765502895205e-05
1.917,0.017527029997387,0.91100342997924,-4.8226895955207e-05,-7.7591174339926e-05
1.91725,0.024944885316151,0.91056289188981,-4.8799322481365e-05,-7.7523239274278e-05
1.9175,0.032361653435074,0.91005885527775,-4.9373901973645e-05,-7.7451170477821e-05
1.91775,0.039776824009796,0.90949124069106,-4.9950628219438e-05,-7.7374913748806e-05
1.918,0.047189884248639,0.90885997172814,-5.0529494203032e-05,-7.7294413959699e-05
1.91825,0.054600318906032,0.90816497508726,-5.1110492073745e-05,-7.7209615056431e-05
1.9185,0.06200761027667,0.90740618061691,-5.1693613113416e-05,-7.7120460058235e-05
1.91875,0.06941123819034,0.90658352136676,-5.2278847703221e-05,-7.7026891058109e-05
1.919,0.076810680007404,0.90569693363952,-5.2866185289835e-05,-7.6928849223929e-05
1.91925,0.084205410615051,0.90474635704337,-5.3455614350916e-05,-7.6826274800255e-05
1.9195,0.091594902424289,0.90373173454525,-5.4047122359932e-05,-7.6719107110853e-05
1.91975,0.09897862536764,0.90265301252484,-5.4640695750304e-05,-7.6607284561972e-05
1.92,0.10635604689769,0.90151014082929,-5.5236319878886e-05,-7.649074464642e-05
1.92025,0.11372663198645,0.90030307282867,-5.5833978988778e-05,-7.6369423948456e-05
1.9205,0.12108984312541,0.89903176547218,-5.6433656171467e-05,-7.6243258149557e-05
1.92075,0.12844514032669,0.89769617934505,-5.7035333328308e-05,-7.6112182035083e-05
1.921,0.13579198112478,0.89629627872618,-5.7638991131341e-05,-7.5976129501892e-05
1.92125,0.14312982057938,0.89483203164649,-5.8244608983461e-05,-7.5835033566939e-05
1.9215,0.15045811127916,0.89330340994802,-5.8852164977942e-05,-7.5688826376897e-05
1.92175,0.15777630334626,0.89171038934367,-5.9461635857316e-05,-7.5537439218857e-05
1.922,0.16508384444203,0.89005294947773,-6.0072996971639e-05,-7.5380802532135e-05
1.92225,0.17238017977354,0.88833107398698,-6.0686222236125e-05,-7.5218845921245e-05
1.9225,0.17966475210125,0.88654475056266,-6.1301284088196e-05,-7.5051498170071e-05
1.92275,0.18693700174767,0.8846939710129,-6.1918153443938e-05,-7.4878687257298e-05
1.923,0.19419636660701,0.88277873132601,-6.2536799653986e-05,-7.4700340373137e-05
1.92325,0.20144228215608,0.88079903173432,-6.3157190458864e-05,-7.4516383937406e-05
1.9235,0.20867418146623,0.87875487677873,-6.3779291943801e-05,-7.4326743618999e-05
1.92375,0.21589149521631,0.87664627537384,-6.4403068493035e-05,-7.413134435682e-05
1.924,0.22309365170701,0.8744732408738,-6.5028482743648e-05,-7.39301103822e-05
1.92425,0.23028007687632,0.8722357911387,-6.565549553894e-05,-7.3722965242877e-05
1.9245,0.23745019431609,0.86993394860157,-6.6284065881396e-05,-7.3509831828576e-05
1.92475,0.24460342528997,0.86756774033601,-6.6914150885263e-05,-7.3290632398248e-05
1.925,0.25173918875262,0.86513719812441,-6.754570572877e-05,-7.3065288609016e-05
1.92525,0.25885690137013,0.86264235852668,-6.8178683606049e-05,-7.2833721546892e-05
1.9255,0.26595597754186,0.86008326294954,-6.8813035678784e-05,-7.2595851759305e-05
1.92575,0.27303582942358,0.85745995771639,-6.9448711027627e-05,-7.2351599289508e-05
1.926,0.28009586695201,0.85477249413765,-7.0085656603449e-05,-7.2100883712906e-05
1.92625,0.28713549787065,0.85202092858152,-7.0723817178461e-05,-7.1843624175374e-05
1.9265,0.29415412775737,0.84920532254549,-7.1363135297265e-05,-7.1579739433601e-05
1.92675,0.30115116005299,0.84632574272789,-7.2003551227888e-05,-7.1309147897534e-05
1.927,0.30812599609177,0.84338226110029,-7.2645002912874e-05,-7.1031767674957e-05
1.92725,0.31507803513322,0.84037495498008,-7.3287425920477e-05,-7.0747516618271e-05
1.9275,0.32200667439532,0.83730390710342,-7.3930753396051e-05,-7.0456312373522e-05
1.92775,0.32891130908963,0.83416920569871,-7.4574916013679e-05,-7.0158072431729e-05
1.928,0.33579133245774,0.83097094456037,-7.5219841928144e-05,-6.9852714182563e-05
1.92825,0.34264613580941,0.82770922312277,-7.5865456727314e-05,-6.9540154970421e-05
1.9285,0.34947510856241,0.82438414653474,-7.6511683385007e-05,-6.9220312152958e-05
1.92875,0.35627763828393,0.8209958257341,-7.7158442214466e-05,-6.88931031621e-05
1.929,0.36305311073373,0.81754437752252,-7.7805650822485e-05,-6.8558445567601e-05
1.92925,0.36980090990911,0.8140299246407,-7.8453224064329e-05,-6.8216257143178e-05
1.9295,0.37652041809153,0.81045259584352,-7.9101073999528e-05,-6.7866455935262e-05
1.92975,0.38321101589492,0.80681252597551,-7.9749109848641e-05,-6.7508960334412e-05
1.93,0.38987208231604,0.80310985604641,-8.0397237951127e-05,-6.7143689149408e-05
1.93025,0.39650299478638,0.79934473330671,-8.1045361724413e-05,-6.677056168407e-05
1.9305,0.40310312922608,0.79551731132333,-8.1693381624292e-05,-6.638949781683e-05
1.93075,0.40967186009985,0.7916277500555,-8.2341195106773e-05,-6.6000418083063e-05
1.931,0.41620856047438,0.78767621593017,-8.2988696591498e-05,-6.5603243760221e-05
1.93125,0.42271260207802,0.78366288191775,-8.3635777426878e-05,-6.519789695577e-05
1.9315,0.42918335536235,0.77958792760771,-8.4282325857069e-05,-6.4784300697935e-05
1.93175,0.4356201895656,0.77545153928389,-8.4928226990933e-05,-6.4362379029283e-05
1.932,0.44202247277805,0.77125390999975,-8.5573362773132e-05,-6.3932057103117e-05
1.93225,0.44838957200963,0.76699523965339,-8.62176119575e-05,-6.349326128269e-05
1.9325,0.45472085325937,0.76267573506239,-8.6860850082842e-05,-6.3045919243225e-05
1.93275,0.46101568158689,0.75829561003813,-8.7502949451326e-05,-6.2589960076724e-05
1.933,0.46727342118611,0.75385508546012,-8.8143779109618e-05,-6.2125314399533e-05
1.93325,0.4734934354608,0.74935438934956,-8.8783204832925e-05,-6.1651914462646e-05
1.9335,0.47967508710255,0.7447937569428,-8.9421089112124e-05,-6.1169694264691e-05
1.93375,0.48581773817053,0.74017343076411,-9.0057291144118e-05,-6.0678589667563e-05
1.934,0.49192075017356,0.73549366069802,-9.0691666825623e-05,-6.0178538514649e-05
1.93425,0.49798348415438,0.73075470406105,-9.1324068750541e-05,-5.9669480751563e-05
1.9345,0.50400530077607,0.72595682567287,-9.1954346211091e-05,-5.9151358549348e-05
1.93475,0.50998556041025,0.72110029792667,-9.2582345202892e-05,-5.8624116430023e-05
1.935,0.51592362322825,0.71618540085892,-9.3207908434158e-05,-5.8087701394429e-05
1.93525,0.52181884929361,0.71121242221828,-9.3830875339197e-05,-5.7542063052222e-05
1.9355,0.52767059865755,0.70618165753378,-9.4451082096386e-05,-5.6987153753939e-05
1.93575,0.53347823145614,0.70109341018192,-9.5068361650803e-05,-5.6422928725e-05
1.936,0.53924110800986,0.69594799145298,-9.5682543741689e-05,-5.58493462015e-05
1.93625,0.54495858892542,0.69074572061627,-9.6293454934932e-05,-5.5266367567662e-05
1.9365,0.55063003520007,0.68548692498439,-9.6900918660723e-05,-5.4673957494786e-05
1.93675,0.55625480832731,0.68017193997619,-9.7504755256578e-05,-5.4072084081527e-05
1.937,0.56183227040593,0.67480110917886,-9.8104782015879e-05,-5.3460718995317e-05
1.93725,0.56736178425063,0.66937478440837,-9.8700813242115e-05,-5.2839837614743e-05
1.9375,0.57284271350501,0.66389332576903,-9.9292660308962e-05,-5.2209419172669e-05
1.93775,0.57827442275679,0.65835710171138,-9.9880131726369e-05,-5.15694468999e-05
1.938,0.58365627765536,0.65276648908884,-0.00010046303321281,-5.0919908169132e-05
1.93825,0.58898764503174,0.64712187321276,-0.00010104116777379,-5.0260794638971e-05
1.9385,0.59426789301998,0.64142364790595,-0.00010161433578685,-4.9592102397755e-05
1.93875,0.59949639118208,0.63567221555465,-0.00010218233509304,-4.8913832106906e-05
1.939,0.6046725106339,0.62986798715877,-0.00010274496109509,-4.822598914355e-05
1.93925,0.60979562417382,0.62401138238033,-0.00010330200686238,-4.75285837421e-05
1.9395,0.6148651064139,0.61810282959022,-0.00010385326324274,-4.68216311345e-05
1.93975,0.61988033391234,0.61214276591292,-0.00010439851898117,-4.6105151688825e-05
1.94,0.62484068530888,0.60613163726942,-0.00010493756084564,-4.5379171045912e-05
1.94025,0.62974554146231,0.60006989841797,-0.00010547017375986,-4.4643720253667e-05
1.9405,0.63459428558933,0.59395801299294,-0.00010599614094321,-4.389883589874e-05
1.94075,0.63938630340654,0.58779645354133,-0.0001065152440578,-4.3144560235169e-05
1.941,0.64412098327372,0.58158570155716,-0.0001070272633626,-4.2380941309674e-05
1.94125,0.64879771633945,0.57532624751351,-0.00010753197787472,-4.1608033083192e-05
1.9415,0.65341589668892,0.56901859089232,-0.00010802916553776,-4.0825895548302e-05
1.94175,0.65797492149347,0.56266324021164,-0.00010851860339719,-4.0034594842141e-05
1.942,0.66247419116205,0.55626071305035,-0.00010900006778268,-3.9234203354426e-05
1.94225,0.66691310949485,0.54981153607041,-0.00010947333449728,-3.8424799830184e-05
1.9425,0.67129108383879,0.54331624503652,-0.00010993817901339,-3.7606469466805e-05
1.94275,0.67560752524433,0.53677538483281,-0.00011039437667528,-3.6779304004998e-05
1.943,0.67986184862517,0.53018950947706,-0.0001108417029081,-3.5943401813273e-05
1.94325,0.68405347291843,0.52355918213185,-0.00011127993343316,-3.5098867965533e-05
1.9435,0.68818182124755,0.51688497511291,-0.00011170884448918,-3.4245814311386e-05
1.94375,0.69224632108635,0.51016746989447,-0.00011212821305952,-3.3384359538782e-05
1.944,0.69624640442486,0.50340725711143,-0.0001125378171048,-3.251462922859e-05
1.94425,0.70018150793667,0.49660493655864,-0.00011293743580093,-3.1636755900722e-05
1.9445,0.70405107314786,0.48976111718679,-0.00011332684978202,-3.0750879051451e-05
1.94475,0.70785454660738,0.4828764170951,-0.00011370584138801,-2.9857145181525e-05
1.945,0.71159138005875,0.47595146352074,-0.00011407419491655,-2.8955707814767e-05
1.94525,0.71526103061303,0.46898689282483,-0.0001144316968787,-2.8046727506785e-05
1.9455,0.71886296092348,0.46198335047497,-0.00011477813625827,-2.7130371843486e-05
1.94575,0.72239663936064,0.4549414910243,-0.00011511330477407,-2.6206815429091e-05
1.946,0.72586154018954,0.44786197808688,-0.00011543699714488,-2.5276239863336e-05
1.94625,0.729257143747,0.44074548430966,-0.00011574901135645,-2.4338833707629e-05
1.9465,0.73258293662062,0.43359269134046,-0.00011604914893018,-2.3394792439879e-05
1.94675,0.7358384118284,0.42640428979251,-0.0001163372151929,-2.24443183978e-05
1.947,0.73902306899918,0.41918097920479,-0.00011661301954719,-2.1487620710479e-05
1.94725,0.74213641455387,0.41192346799898,-0.00011687637574174,-2.0524915218042e-05
1.9475,0.74517796188738,0.40463247343208,-0.00011712710214109,-1.955642437927e-05
1.94775,0.7481472315512,0.39730872154527,-0.00011736502199425,-1.8582377167073e-05
1.948,0.75104375143625,0.38995294710868,-0.00011758996370153,-1.76030089517e-05
1.94825,0.75386705695641,0.38256589356215,-0.00011780176107901,-1.6618561371694e-05
1.9485,0.75661669123213,0.3751483129518,-0.00011800025361999,-1.5629282192525e-05
1.94875,0.75929220527451,0.36770096586247,-0.00011818528675274,-1.463542515295e-05
1.949,0.76189315816924,0.36022462134595,-0.00011835671209405,-1.3637249799162e-05
1.94925,0.76441911726079,0.35272005684496,-0.00011851438769778,-1.2635021306797e-05
1.9495,0.76686965833639,0.3451880581129,-0.00011865817829784,-1.1629010290958e-05
1.94975,0.7692443658099,0.33762941912919,-0.00011878795554499,-1.0619492604413e-05
1.95,0.77154283290534,0.33004494201029,-0.00011890359823666,-9.6067491241624e-06
