1.7,0.71441862906334,0.64454641101948,-4.5490631742954e-05,2.460214689887e-05
1.70025,0.71850318263457,0.63993308175259,-4.5398676175849e-05,2.4887765023511e-05
1.7005,0.72255825877935,0.63529191676595,-4.5305178047956e-05,2.5173737455933e-05
1.70075,0.72658366670837,0.63062310507502,-4.5210130986197e-05,2.5460056808547e-05
1.701,0.73057921685276,0.62592683678824,-4.5113528646485e-05,2.5746715630687e-05
1.70125,0.73454472086602,0.62120330309891,-4.5015364714229e-05,2.6033706408697e-05
1.7015,0.73847999162573,0.61645269627713,-4.4915632904827e-05,2.6321021566008e-05
1.70175,0.74238484323538,0.61167520966179,-4.4814326964163e-05,2.6608653463233e-05
1.702,0.74625909102599,0.60687103765267,-4.4711440669096e-05,2.6896594398259e-05
1.70225,0.75010255155782,0.60204037570265,-4.4606967827954e-05,2.7184836606346e-05
1.7025,0.75391504262194,0.59718342030997,-4.4500902281016e-05,2.7473372260228e-05
1.70275,0.75769638324181,0.59230036901053,-4.4393237901001e-05,2.7762193470221e-05
1.703,0.76144639367482,0.58739142037038,-4.4283968593547e-05,2.8051292284336e-05
1.70325,0.76516489541372,0.58245677397819,-4.4173088297688e-05,2.8340660688396e-05
1.7035,0.76885171118813,0.5774966304379,-4.4060590986333e-05,2.8630290606151e-05
1.70375,0.77250666496588,0.57251119136133,-4.3946470666735e-05,2.8920173899408e-05
1.704,0.77612958195446,0.56750065936097,-4.3830721380962e-05,2.9210302368159e-05
1.70425,0.77972028860228,0.56246523804285,-4.371333720636e-05,2.9500667750708e-05
1.7045,0.78327861260007,0.55740513199942,-4.3594312256018e-05,2.9791261723815e-05
1.70475,0.78680438288209,0.55232054680253,-4.3473640679222e-05,3.0082075902833e-05
1.705,0.79029742962741,0.54721168899661,-4.3351316661915e-05,3.0373101841852e-05
1.70525,0.79375758426116,0.5420787660917,-4.3227334427141e-05,3.0664331033848e-05
1.7055,0.7971846794557,0.5369219865568,-4.3101688235498e-05,3.0955754910834e-05
1.70575,0.80057854913182,0.53174155981315,-4.2974372385574e-05,3.1247364844017e-05
1.706,0.80393902845991,0.52653769622759,-4.2845381214392e-05,3.1539152143955e-05
1.70625,0.80726595386108,0.52131060710609,-4.2714709097836e-05,3.183110806072e-05
1.7065,0.81055916300829,0.51606050468729,-4.2582350451087e-05,3.2123223784064e-05
1.70675,0.81381849482748,0.51078760213611,-4.2448299729045e-05,3.2415490443587e-05
1.707,0.81704378949862,0.50549211353746,-4.2312551426748e-05,3.2707899108909e-05
1.70725,0.82023488845683,0.50017425389004,-4.2175100079788e-05,3.3000440789845e-05
1.7075,0.8233916343934,0.49483423910017,-4.2035940264724e-05,3.3293106436583e-05
1.70775,0.82651387125688,0.48947228597573,-4.1895066599481e-05,3.3585886939863e-05
1.708,0.82960144425413,0.48408861222019,-4.1752473743757e-05,3.3878773131165e-05
1.70825,0.83265419985132,0.47868343642661,-4.1608156399412e-05,3.4171755782887e-05
1.7085,0.83567198577497,0.4732569780719,-4.1462109310861e-05,3.4464825608539e-05
1.70875,0.83865465101302,0.46780945751092,-4.1314327265457e-05,3.4757973262933e-05
1.709,0.84160204581579,0.46234109597089,-4.1164805093868e-05,3.5051189342373e-05
1.70925,0.84451402169701,0.45685211554563,-4.1013537670451e-05,3.5344464384853e-05
1.7095,0.84739043143486,0.45134273919009,-4.0860519913618e-05,3.5637788870251e-05
1.70975,0.85023112907295,0.44581319071482,-4.0705746786197e-05,3.5931153220528e-05
1.71,0.85303596992138,0.44026369478048,-4.0549213295785e-05,3.6224547799929e-05
1.71025,0.85580481055769,0.43469447689256,-4.0390914495101e-05,3.6517962915185e-05
1.7105,0.85853750882793,0.42910576339606,-4.0230845482322e-05,3.6811388815715e-05
1.71075,0.86123392384766,0.4234977814702,-4.0069001401425e-05,3.710481569383e-05
1.711,0.86389391600299,0.41787075912331,-3.9905377442511e-05,3.7398233684939e-05
1.71125,0.86651734695159,0.41222492518772,-3.9739968842132e-05,3.7691632867756e-05
1.7115,0.86910407962374,0.4065605093147,-3.9572770883602e-05,3.7985003264505e-05
1.71175,0.87165397822337,0.40087774196948,-3.9403778897314e-05,3.8278334841128e-05
1.712,0.87416690822915,0.39517685442638,-3.9232988261034e-05,3.8571617507496e-05
1.71225,0.87664273639548,0.38945807876388,-3.9060394400201e-05,3.8864841117612e-05
1.7125,0.87908133075364,0.3837216478599,-3.8885992788215e-05,3.9157995469826e-05
1.71275,0.88148256061285,0.377967795387,-3.8709778946714e-05,3.9451070307036e-05
1.713,0.88384629656134,0.37219675580776,-3.8531748445855e-05,3.9744055316902e-05
1.71325,0.88617241046748,0.36640876437012,-3.8351896904571e-05,4.0036940132051e-05
1.7135,0.88846077548095,0.36060405710285,-3.8170219990838e-05,4.0329714330284e-05
1.71375,0.8907112660338,0.35478287081103,-3.798671342192e-05,4.0622367434782e-05
1.714,0.89292375784165,0.34894544307155,-3.7801372964616e-05,4.0914888914314e-05
1.71425,0.89509812790488,0.34309201222884,-3.7614194435494e-05,4.1207268183438e-05
1.7145,0.89723425450974,0.3372228173904,-3.7425173701116e-05,4.1499494602703e-05
1.71475,0.89933201722966,0.33133809842256,-3.7234306678264e-05,4.1791557478853e-05
1.715,0.90139129692638,0.32543809594628,-3.7041589334145e-05,4.2083446065025e-05
1.71525,0.90341197575126,0.3195230513329,-3.6847017686598e-05,4.2375149560946e-05
1.7155,0.90539393714649,0.31359320670005,-3.6650587804286e-05,4.2666657113128e-05
1.71575,0.90733706584639,0.30764880490755,-3.6452295806887e-05,4.2957957815061e-05
1.716,0.90924124787873,0.30169008955337,-3.6252137865268e-05,4.3249040707403e-05
1.71625,0.91110637056603,0.29571730496963,-3.6050110201655e-05,4.3539894778167e-05
1.7165,0.9129323225269,0.28973069621872,-3.5846209089798e-05,4.3830508962904e-05
1.71675,0.91471899367741,0.2837305090893,-3.5640430855117e-05,4.4120872144886e-05
1.717,0.9164662752325,0.27771699009258,-3.5432771874851e-05,4.4410973155282e-05
1.71725,0.91817405970735,0.27169038645838,-3.5223228578189e-05,4.470080077333e-05
1.7175,0.91984224091884,0.2656509461315,-3.5011797446399e-05,4.4990343726508e-05
1.71775,0.92147071398701,0.2595989177679,-3.479847501294e-05,4.5279590690699e-05
1.718,0.92305937533653,0.2535345507311,-3.4583257863573e-05,4.5568530290352e-05
1.71825,0.9246081226982,0.24745809508849,-3.4366142636459e-05,4.5857151098634e-05
1.7185,0.92611685511051,0.24136980160783,-3.4147126022247e-05,4.6145441637587e-05
1.71875,0.92758547292113,0.23526992175357,-3.3926204764154e-05,4.6433390378268e-05
1.719,0.92901387778858,0.22915870768346,-3.3703375658034e-05,4.672098574089e-05
1.71925,0.93040197268378,0.22303641224502,-3.3478635552443e-05,4.7008216094961e-05
1.7195,0.93174966189167,0.21690328897213,-3.3251981348684e-05,4.7295069759405e-05
1.71975,0.93305685101291,0.21075959208163,-3.3023410000855e-05,4.7581535002685e-05
1.72,0.93432344696552,0.20460557646995,-3.2792918515876e-05,4.7867600042924e-05
1.72025,0.93554935798664,0.19844149770982,-3.2560503953516e-05,4.8153253048006e-05
1.7205,0.93673449363422,0.19226761204697,-3.23261634264e-05,4.8438482135679e-05
1.72075,0.93787876478881,0.18608417639689,-3.2089894100015e-05,4.8723275373651e-05
1.721,0.93898208365533,0.17989144834159,-3.1851693192704e-05,4.9007620779672e-05
1.72125,0.94004436376492,0.17368968612646,-3.1611557975644e-05,4.9291506321613e-05
1.7215,0.94106551997675,0.16747914865712,-3.1369485772824e-05,4.9574919917537e-05
1.72175,0.94204546847989,0.16126009549627,-3.1125473961004e-05,4.9857849435756e-05
1.722,0.94298412679526,0.15503278686065,-3.0879519969668e-05,5.0140282694885e-05
1.72225,0.94388141377748,0.148797483618,-3.0631621280967e-05,5.0422207463881e-05
1.7225,0.94473724961687,0.14255444728399,-3.0381775429653e-05,5.0703611462082e-05
1.72275,0.94555155584143,0.13630394001929,-3.0129980002995e-05,5.0984482359221e-05
1.723,0.94632425531882,0.13004622462662,-2.9876232640696e-05,5.1264807775446e-05
1.72325,0.94705527225842,0.12378156454776,-2.9620531034791e-05,5.1544575281317e-05
1.7235,0.94774453221338,0.11751022386074,-2.936287292954e-05,5.1823772397798e-05
1.72375,0.9483919620827,0.11123246727694,-2.9103256121306e-05,5.2102386596238e-05
1.724,0.94899749011335,0.10494856013824,-2.8841678458425e-05,5.2380405298336e-05
1.72425,0.94956104590244,0.098658768414237,-2.8578137841064e-05,5.26578158761e-05
1.7245,0.95008256039934,0.092363358699481,-2.8312632221075e-05,5.2934605651788e-05
1.72475,0.95056196590791,0.086062598210691,-2.8045159601824e-05,5.3210761897844e-05
1.725,0.95099919608871,0.079756754784067,-2.7775718038027e-05,5.3486271836807e-05
1.72525,0.95139418596124,0.073446096872574,-2.750430563556e-05,5.3761122641225e-05
1.7255,0.95174687190625,0.067130893543306,-2.7230920551268e-05,5.4035301433541e-05
1.72575,0.95205719166798,0.060811414474832,-2.695556099276e-05,5.4308795285971e-05
1.726,0.95232508435657,0.054487929954575,-2.6678225218192e-05,5.4581591220365e-05
1.72625,0.95255049045032,0.048160710876258,-2.6398911536043e-05,5.4853676208057e-05
1.7265,0.95273335179813,0.041830028737337,-2.6117618304873e-05,5.5125037169694e-05
1.72675,0.95287361162191,0.035496155636457,-2.5834343933081e-05,5.5395660975055e-05
1.727,0.95297121451896,0.02915936427099,-2.554908687864e-05,5.5665534442852e-05
1.72725,0.95302610646446,0.022819927934512,-2.5261845648832e-05,5.593464434051e-05
1.7275,0.95303823481395,0.016478120514401,-2.4972618799963e-05,5.6202977383941e-05
1.72775,0.9530075483058,0.010134216489405,-2.4681404937075e-05,5.6470520237285e-05
1.728,0.9529339970638,0.0037884909272229,-2.4388202713639e-05,5.6737259512653e-05
1.72825,0.95281753259966,-0.0025587805178174,-2.4093010831245e-05,5.7003181769831e-05
1.7285,0.95265810781558,-0.0089073216071164,-2.3795828039276e-05,5.7268273515983e-05
1.72875,0.95245567700689,-0.015256855520129,-2.349665313457e-05,5.7532521205324e-05
1.729,0.95221019586467,-0.021607104856601,-2.3195484961079e-05,5.7795911238779e-05
1.72925,0.95192162147836,-0.027957791638879,-2.2892322409504e-05,5.8058429963621e-05
1.7295,0.95158991233846,-0.03430863731408,-2.2587164416931e-05,5.8320063673087e-05
1.72975,0.9512150283392,-0.040659362756316,-2.2280009966449e-05,5.8580798605976e-05
1.73,0.9507969307813,-0.047009688268871,-2.197085808676e-05,5.8840620946224e-05
1.73025,0.95033558237464,-0.053359333586296,-2.1659707851778e-05,5.9099516822458e-05
1.7305,0.94983094724109,-0.059708017876568,-2.1346558380211e-05,5.9357472307529e-05
1.73075,0.94928299091722,-0.066055459743118,-2.1031408835145e-05,5.9614473418018e-05
1.731,0.94869168035717,-0.072401377226898,-2.07142584236e-05,5.9870506113728e-05
1.73125,0.94805698393542,-0.078745487808407,-2.0395106396089e-05,6.0125556297141e-05
1.7315,0.94737887144966,-0.085087508409639,-2.0073952046159e-05,6.0379609812862e-05
1.73175,0.94665731412367,-0.091427155396048,-1.9750794709922e-05,6.0632652447029e-05
1.732,0.94589228461015,-0.097764144578479,-1.9425633765575e-05,6.0884669926705e-05
1.73225,0.9450837569937,-0.10409819121501,-1.9098468632911e-05,6.1135647919242e-05
1.7325,0.9442317067937,-0.11042901001281,-1.8769298772814e-05,6.1385572031618e-05
1.73275,0.94333611096725,-0.11675631512999,-1.8438123686748e-05,6.1634427809749e-05
1.733,0.94239694791217,-0.12307982017728,-1.8104942916232e-05,6.1882200737773e-05
1.73325,0.94141419746996,-0.12939923821988,-1.7769756042305e-05,6.2128876237306e-05
1.7335,0.94038784092881,-0.13571428177903,-1.7432562684978e-05,6.2374439666675e-05
1.73375,0.93931786102663,-0.14202466283377,-1.7093362502679e-05,6.261887632011e-05
1.734,0.93820424195408,-0.1483300928225,-1.675215519168e-05,6.2862171426926e-05
1.73425,0.93704696935766,-0.15463028264455,-1.6408940485523e-05,6.3104310150653e-05
1.7345,0.93584603034275,-0.16092494266173,-1.606371815442e-05,6.3345277588154e-05
1.73475,0.93460141347674,-0.16721378269981,-1.5716488004662e-05,6.3585058768703e-05
1.735,0.93331310879214,-0.17349651204993,-1.5367249877996e-05,6.3823638653031e-05
1.73525,0.93198110778972,-0.17977283947004,-1.5016003651004e-05,6.4061002132349e-05
1.7355,0.93060540344163,-0.18604247318619,-1.4662749234468e-05,6.4297134027323e-05
1.73575,0.92918599019464,-0.19230512089386,-1.4307486572724e-05,6.4532019087032e-05
1.736,0.92772286397327,-0.19856048975919,-1.3950215642998e-05,6.476564198788e-05
1.73625,0.92621602218303,-0.20480828642016,-1.3590936454746e-05,6.4997987332482e-05
1.7365,0.92466546371364,-0.21104821698775,-1.3229649048964e-05,6.5229039648508e-05
1.73675,0.92307118894227,-0.21727998704698,-1.2866353497505e-05,6.5458783387496e-05
1.737,0.92143319973682,-0.22350330165795,-1.250104990237e-05,6.5687202923624e-05
1.73725,0.91975149945921,-0.22971786535681,-1.2133738394997e-05,6.5914282552456e-05
1.7375,0.91802609296863,-0.23592338215665,-1.1764419135534e-05,6.6140006489632e-05
1.73775,0.91625698662494,-0.24211955554832,-1.1393092312106e-05,6.6364358869538e-05
1.738,0.91444418829195,-0.24830608850122,-1.1019758140065e-05,6.6587323743926e-05
1.73825,0.9125877073408,-0.254482683464,-1.0644416861231e-05,6.6808885080496e-05
1.7385,0.91068755465334,-0.26064904236519,-1.0267068743121e-05,6.7029026761442e-05
1.73875,0.90874374262553,-0.26680486661375,-9.8877140781729e-06,6.7247732581953e-05
1.739,0.90675628517086,-0.27294985709958,-9.506353182948e-06,6.7464986248672e-05
1.73925,0.90472519772378,-0.27908371419391,-9.122986397328e-06,6.7680771378114e-05
1.7395,0.90265049724317,-0.28520613774963,-8.737614083702e-06,6.7895071495041e-05
1.73975,0.90053220221584,-0.29131682710158,-8.3502366261393e-06,6.8107870030792e-05
1.74,0.89837033265998,-0.29741548106667,-7.9608544295501e-06,6.831915032157e-05
1.74025,0.89616491012875,-0.30350179794398,-7.5694679188398e-06,6.8528895606681e-05
1.7405,0.8939159577138,-0.30957547551477,-7.1760775380454e-06,6.8737089026727e-05
1.74075,0.89162350004884,-0.31563621104233,-6.7806837494662e-06,6.8943713621757e-05
1.741,0.88928756331325,-0.32168370127186,-6.3832870327802e-06,6.9148752329361e-05
1.74125,0.88690817523568,-0.32771764243012,-5.9838878841481e-06,6.9352187982725e-05
1.7415,0.88448536509775,-0.33373773022506,-5.5824868153096e-06,6.9554003308628e-05
1.74175,0.88201916373767,-0.33974365984532,-5.179084352665e-06,6.97541809254e-05
1.742,0.87950960355398,-0.34573512595964,-4.7736810363451e-06,6.9952703340812e-05
1.74225,0.87695671850926,-0.35171182271613,-4.3662774192734e-06,7.0149552949933e-05
1.7425,0.87436054413392,-0.35767344374148,-3.9568740662112e-06,7.0344712032922e-05
1.74275,0.87172111752997,-0.36361968213997,-3.545471552796e-06,7.0538162752766e-05
1.743,0.86903847737486,-0.36955023049243,-3.1320704645662e-06,7.0729887152975e-05
1.74325,0.86631266392532,-0.3754647808551,-2.7166713959718e-06,7.0919867155205e-05
1.7435,0.86354371902128,-0.38136302475824,-2.2992749493789e-06,7.1108084556841e-05
1.74375,0.86073168608979,-0.38724465320472,-1.8798817340578e-06,7.1294521028511e-05
1.744,0.85787661014897,-0.39310935666849,-1.4584923651597e-06,7.1479158111547e-05
1.74425,0.85497853781206,-0.39895682509277,-1.0351074626851e-06,7.1661977215386e-05
1.7445,0.85203751729141,-0.40478674788827,-6.0972765043517e-07,7.1842959614915e-05
1.74475,0.84905359840262,-0.41059881393114,-1.8235355495618e-07,7.2022086447742e-05
1.745,0.84602683256866,-0.41639271156081,2.4701419553132e-07,7.2199338711424e-05
1.74525,0.84295727282403,-0.42216812857773,6.7837497221561e-07,7.2374697260618e-05
1.7455,0.83984497381902,-0.42792475224079,1.1117281467856e-06,7.2548142804171e-05
1.74575,0.83668999182398,-0.43366226926477,1.5470730925378e-06,7.2719655902147e-05
1.746,0.83349238473364,-0.43938036581752,1.9844091854965e-06,7.2889216962792e-05
1.74625,0.83025221207153,-0.44507872751691,2.4237358055406e-06,7.305680623942e-05
1.7465,0.82696953499438,-0.45075703942776,2.8650523375507e-06,7.3222403827243e-05
1.74675,0.82364441629668,-0.45641498605839,3.3083581725607e-06,7.3385989660127e-05
1.747,0.82027692041519,-0.46205225135715,3.7536527089272e-06,7.3547543507275e-05
1.74725,0.81686711343364,-0.46766851870868,4.2009353535106e-06,7.3707044969847e-05
1.7475,0.81341506308738,-0.47326347092996,4.6502055228651e-06,7.3864473477495e-05
1.74775,0.80992083876819,-0.47883679026613,5.1014626444456e-06,7.4019808284837e-05
1.748,0.80638451152909,-0.48438815838624,5.5547061578264e-06,7.417302846785e-05
1.74825,0.80280615408934,-0.48991725637855,6.0099355159288e-06,7.4324112920186e-05
1.7485,0.79918584083938,-0.49542376474586,6.467150186268e-06,7.4473040349415e-05
1.74875,0.79552364784595,-0.50090736340038,6.9263496522061e-06,7.4619789273187e-05
1.749,0.79181965285731,-0.50636773165853,7.387533414222e-06,7.4764338015315e-05
1.74925,0.78807393530848,-0.51180454823544,7.8507009911947e-06,7.4906664701779e-05
1.7495,0.78428657632661,-0.51721749123917,8.3158519216955e-06,7.5046747256645e-05
1.74975,0.78045765873653,-0.52260623816469,8.7829857652967e-06,7.5184563397904e-05
1.75,0.77658726706623,-0.52797046588768,9.252102103894e-06,7.5320090633227e-05
1.75025,0.77267548755268,-0.53330985065789,9.7232005430365e-06,7.545330625563e-05
1.7505,0.76872240814753,-0.53862406809243,1.0196280713278e-05,7.5584187339055e-05
1.75075,0.76472811852314,-0.54391279316858,1.0671342271532e-05,7.5712710733867e-05
1.751,0.76069271007858,-0.54917570021644,1.1148384902449e-05,7.5838853062249e-05
1.75125,0.75661627594585,-0.55441246291124,1.1627408319801e-05,7.5962590713524e-05
1.7515,0.75249891099624,-0.55962275426535,1.210841226788e-05,7.6083899839368e-05
1.75175,0.74834071184676,-0.56480624661992,1.259139652291e-05,7.6202756348938e-05
1.752,0.7441417768668,-0.5699626116363,1.3076360894475e-05,7.6319135903907e-05
1.75225,0.73990220618492,-0.57509152028706,1.3563305226955e-05,7.6433013913394e-05
1.7525,0.73562210169578,-0.58019264284664,1.4052229400979e-05,7.6544365528805e-05
1.75275,0.73130156706728,-0.58526564888177,1.454313333489e-05,7.665316563857e-05
1.753,0.72694070774786,-0.59031020724136,1.5036016986218e-05,7.6759388862781e-05
1.75325,0.72253963097398,-0.59532598604622,1.553088035318e-05,7.6863009547727e-05
1.7535,0.71809844577781,-0.60031265267823,1.602772347617e-05,7.6964001760326e-05
1.75375,0.7136172629951,-0.60526987376922,1.6526546439288e-05,7.7062339282454e-05
1.754,0.70909619527328,-0.61019731518946,1.7027349371858e-05,7.7157995605164e-05
1.75425,0.70453535707977,-0.61509464203566,1.7530132449975e-05,7.7250943922796e-05
1.7545,0.69993486471055,-0.61996151861869,1.8034895898055e-05,7.7341157126987e-05
1.75475,0.69529483629891,-0.62479760845069,1.85416399904e-05,7.7428607800555e-05
1.755,0.69061539182449,-0.62960257423195,1.9050365052775e-05,7.7513268211284e-05
1.75525,0.68589665312256,-0.6343760778372,1.9561071463999e-05,7.7595110305588e-05
1.7555,0.68113874389362,-0.63911778030148,2.0073759657538e-05,7.7674105702059e-05
1.75575,0.67634178971319,-0.64382734180553,2.0588430123121e-05,7.77502256849e-05
1.756,0.67150591804196,-0.64850442166076,2.1105083408363e-05,7.7823441197241e-05
1.75625,0.66663125823627,-0.65314867829363,2.1623720120386e-05,7.7893722834328e-05
1.7565,0.66171794155879,-0.65775976922961,2.2144340927474e-05,7.7961040836596e-05
1.75675,0.65676610118966,-0.66233735107657,2.2666946560712e-05,7.8025365082616e-05
1.757,0.65177587223791,-0.66688107950765,2.3191537815651e-05,7.8086665081918e-05
1.75725,0.64674739175323,-0.67139060924362,2.3718115553978e-05,7.8144909967682e-05
1.7575,0.64168079873816,-0.67586559403464,2.4246680705184e-05,7.8200068489309e-05
1.75775,0.6365762341606,-0.68030568664146,2.4777234268253e-05,7.8252109004854e-05
1.758,0.6314338409668,-0.68471053881609,2.530977731335e-05,7.8300999473331e-05
1.75825,0.6262537640947,-0.68907980128176,2.5844310983515e-05,7.8346707446884e-05
1.7585,0.62103615048774,-0.69341312371241,2.638083649636e-05,7.8389200062821e-05
1.75875,0.61578114910913,-0.69771015471143,2.6919355145776e-05,7.8428444035512e-05
1.759,0.61048891095661,-0.70197054178985,2.7459868303637e-05,7.8464405648151e-05
1.75925,0.60515958907759,-0.70619393134381,2.8002377421511e-05,7.8497050744374e-05
1.7595,0.59979333858498,-0.7103799686314,2.8546884032363e-05,7.8526344719733e-05
1.75975,0.59439031667339,-0.71452829774879,2.9093389752267e-05,7.8552252513036e-05
1.76,0.58895068263598,-0.71863856160568,2.9641896282116e-05,7.857473859753e-05
1.76025,0.58347459788184,-0.72271040189999,3.0192405409317e-05,7.8593766971945e-05
1.7605,0.57796222595397,-0.72674345909189,3.0744919009496e-05,7.8609301151384e-05
1.76075,0.57241373254791,-0.73073737237698,3.1299439048185e-05,7.8621304158069e-05
1.761,0.56682928553099,-0.73469177965875,3.1855967582511e-05,7.8629738511925e-05
1.76125,0.56120905496221,-0.73860631752031,3.2414506762866e-05,7.863456622102e-05
1.7615,0.55555321311293,-0.74248062119515,3.2975058834569e-05,7.8635748771847e-05
1.76175,0.54986193448818,-0.74631432453729,3.3537626139515e-05,7.8633247119441e-05
1.762,0.54413539584874,-0.75010705999039,3.4102211117806e-05,7.8627021677352e-05
1.76225,0.53837377623407,-0.75385845855612,3.4668816309359e-05,7.8617032307441e-05
1.7625,0.53257725698596,-0.75756814976163,3.5237444355503e-05,7.8603238309526e-05
1.76275,0.52674602177309,-0.76123576162605,3.5808098000542e-05,7.8585598410862e-05
1.763,0.52088025661644,-0.76486092062615,3.6380780093291e-05,7.856407075545e-05
1.76325,0.51498014991564,-0.76844325166102,3.6955493588588e-05,7.8538612893182e-05
1.7635,0.50904589247621,-0.7719823780158,3.7532241548769e-05,7.8509181768826e-05
1.76375,0.50307767753787,-0.77547792132438,3.8111027145099e-05,7.8475733710822e-05
1.764,0.49707570080378,-0.77892950153117,3.8691853659176e-05,7.8438224419925e-05
1.76425,0.49104016047096,-0.7823367368518,3.9274724484275e-05,7.8396608957668e-05
1.7645,0.48497125726165,-0.78569924373274,3.9859643126649e-05,7.8350841734641e-05
1.76475,0.47886919445602,-0.78901663680989,4.0446613206779e-05,7.8300876498612e-05
1.765,0.4727341779259,-0.79228852886607,4.1035638460557e-05,7.8246666322453e-05
1.76525,0.46656641616984,-0.79551453078739,4.1626722740412e-05,7.8188163591897e-05
1.7655,0.46036612034944,-0.79869425151843,4.2219870016361e-05,7.8125319993112e-05
1.76575,0.45413350432702,-0.80182729801631,4.2815084376987e-05,7.8058086500089e-05
1.766,0.44786878470467,-0.80491327520354,4.3412370030336e-05,7.7986413361853e-05
1.76625,0.44157218086476,-0.80795178591966,4.4011731304722e-05,7.7910250089487e-05
1.7665,0.43524391501193,-0.81094243087163,4.4613172649443e-05,7.7829545442963e-05
1.76675,0.42888421221669,-0.81388480858296,4.5216698635387e-05,7.7744247417797e-05
1.767,0.42249330046054,-0.81677851534153,4.5822313955536e-05,7.7654303231509e-05
1.76725,0.4160714106829,-0.81962314514609,4.6430023425347e-05,7.7559659309889e-05
1.7675,0.40961877682971,-0.82241828965147,4.7039831983002e-05,7.7460261273084e-05
1.76775,0.40313563590384,-0.8251635381123,4.7651744689534e-05,7.7356053921479e-05
1.768,0.39662222801745,-0.82785847732546,4.8265766728798e-05,7.7246981221396e-05
1.76825,0.39007879644626,-0.83050269157098,4.8881903407284e-05,7.713298629059e-05
1.7685,0.38350558768587,-0.83309576255159,4.9500160153776e-05,7.7014011383555e-05
1.76875,0.37690285151024,-0.83563726933072,5.012054251882e-05,7.688999787663e-05
1.769,0.37027084103231,-0.838126788269,5.0743056174007e-05,7.6760886252911e-05
1.76925,0.36360981276691,-0.84056389295927,5.1367706911062e-05,7.6626616086962e-05
1.7695,0.35692002669615,-0.84294815415989,5.1994500640701e-05,7.6487126029327e-05
1.76975,0.35020174633714,-0.84527913972666,5.2623443391275e-05,7.6342353790842e-05
1.77,0.34345523881237,-0.84755641454292,5.3254541307157e-05,7.6192236126749e-05
1.77025,0.33668077492274,-0.84977954044809,5.388780064688e-05,7.6036708820602e-05
1.7705,0.32987862922333,-0.85194807616456,5.4523227780991e-05,7.5875706667976e-05
1.77075,0.32304908010209,-0.85406157722277,5.5160829189618e-05,7.5709163459975e-05
1.771,0.31619240986156,-0.85611959588468,5.5800611459721e-05,7.5537011966527e-05
1.77125,0.30930890480358,-0.85812168106534,5.6442581282018e-05,7.5359183919485e-05
1.7715,0.30239885531736,-0.86006737825279,5.7086745447555e-05,7.5175609995518e-05
1.77175,0.29546255597091,-0.86195622942607,5.7733110843913e-05,7.4986219798796e-05
1.772,0.28850030560584,-0.86378777297139,5.8381684451016e-05,7.4790941843474e-05
1.77225,0.28151240743597,-0.86556154359645,5.9032473336526e-05,7.4589703535967e-05
1.7725,0.27449916914957,-0.86727707224289,5.9685484650798e-05,7.438243115702e-05
1.77275,0.26746090301564,-0.86893388599671,6.0340725621364e-05,7.4169049843565e-05
1.773,0.26039792599422,-0.87053150799688,6.0998203546937e-05,7.3949483570386e-05
1.77325,0.25331055985093,-0.87206945734188,6.1657925790882e-05,7.3723655131562e-05
1.7735,0.246199131276,-0.8735472489943,6.2319899774143e-05,7.3491486121709e-05
1.77375,0.2390639720078,-0.8749643936834,6.2984132967592e-05,7.3252896917018e-05
1.774,0.23190541896122,-0.87632039780567,6.3650632883759e-05,7.3007806656081e-05
1.77425,0.22472381436098,-0.87761476332331,6.431940706792e-05,7.2756133220511e-05
1.7745,0.21751950588011,-0.87884698766063,6.4990463088505e-05,7.2497793215357e-05
1.77475,0.21029284678379,-0.88001656359843,6.566380852678e-05,7.2232701949311e-05
1.775,0.2030441960788,-0.88112297916622,6.6339450965774e-05,7.1960773414708e-05
1.77525,0.19577391866874,-0.88216571753239,6.7017397978418e-05,7.1681920267318e-05
1.7755,0.18848238551533,-0.8831442568922,6.769765711482e-05,7.1396053805937e-05
1.77575,0.18116997380598,-0.88405807035373,6.8380235888679e-05,7.1103083951769e-05
1.776,0.17383706712787,-0.88490662582166,6.9065141762751e-05,7.0802919227601e-05
1.77625,0.16648405564888,-0.88568938587893,6.9752382133342e-05,7.0495466736778e-05
1.7765,0.15911133630551,-0.88640580766632,7.0441964313767e-05,7.0180632141971e-05
1.77675,0.1517193129983,-0.88705534275992,7.1133895516724e-05,6.9858319643744e-05
1.777,0.14430839679473,-0.88763743704642,7.182818283553e-05,6.9528431958916e-05
1.77725,0.13687900614016,-0.88815153059649,7.252483322416e-05,6.9190870298725e-05
1.7775,0.12943156707715,-0.88859705753594,7.3223853476024e-05,6.884553434679e-05
1.77775,0.12196651347321,-0.88897344591497,7.3925250201432e-05,6.8492322236872e-05
1.778,0.11448428725769,-0.88928011757536,7.4629029803659e-05,6.8131130530446e-05
1.77825,0.10698533866788,-0.88951648801576,7.5335198453565e-05,6.7761854194066e-05
1.7785,0.099470126504889,-0.88968196625502,7.604376206269e-05,6.7384386576541e-05
1.77875,0.091939118399609,-0.88977595469375,7.6754726254738e-05,6.6998619385926e-05
1.779,0.084392791089195,-0.88979784897402,7.746809633539e-05,6.6604442666308e-05
1.77925,0.076831630704455,-0.88974703783736,7.8183877260361e-05,6.6201744774419e-05
1.7795,0.069256133068697,-0.8896229029812,7.8902073601602e-05,6.5790412356059e-05
1.77975,0.061666804008328,-0.88942481891369,7.9622689511581e-05,6.5370330322336e-05
1.78,0.054064159675883,-0.8891521528071,8.0345728685541e-05,6.4941381825733e-05
1.78025,0.046448726885819,-0.88880426434994,8.1071194321638e-05,6.4503448236e-05
1.7805,0.03882104346366,-0.88838050559786,8.1799089078866e-05,6.4056409115878e-05
1.78075,0.031181658609104,-0.88788022082352,8.2529415032663e-05,6.3600142196658e-05
1.781,0.023531133273535,-0.88730274636555,8.3262173628098e-05,6.3134523353588e-05
1.78125,0.015870040552584,-0.88664741047682,8.3997365630516e-05,6.265942658112e-05
1.7815,0.0081989660944253,-0.88591353317217,8.4734991073539e-05,6.2174723968024e-05
1.78175,0.00051850852427422,-0.88510042607585,8.5475049204302e-05,6.1680285672359e-05
1.782,-0.0071707201140471,-0.88420739226888,8.6217538425782e-05,6.1175979896327e-05
1.78225,-0.014868093898955,-0.8832337261366,8.6962456236127e-05,6.0661672861002e-05
1.7825,-0.022572972553576,-0.8821787132166,8.7709799164818e-05,6.0137228780962e-05
1.78275,-0.030284700949035,-0.88104163004757,8.8459562705539e-05,5.9602509838833e-05
1.783,-0.038002608587907,-0.87982174401904,8.921174124562e-05,5.9057376159753e-05
1.78325,-0.045726009066977,-0.87851831322277,8.9966327991896e-05,5.8501685785776e-05
1.7835,-0.053454199518372,-0.87713058630584,9.0723314892816e-05,5.7935294650246e-05
1.78375,-0.061186460028398,-0.8756578023261,9.1482692556681e-05,5.7358056552134e-05
1.784,-0.068922053032957,-0.8740991906103,9.2244450165798e-05,5.6769823130402e-05
1.78425,-0.076660222688766,-0.8724539706155,9.3008575386419e-05,5.6170443838371e-05
1.7845,-0.084400194219358,-0.87072135179426,9.3775054274268e-05,5.5559765918162e-05
1.78475,-0.092141173234767,-0.8689005334642,9.4543871175481e-05,5.4937634375226e-05
1.785,-0.09988234502399,-0.86699070468255,9.5315008622768e-05,5.4303891952988e-05
1.78525,-0.10762287381906,-0.86499104412647,9.6088447226612e-05,5.3658379107662e-05
1.7855,-0.11536190202955,-0.86290071997976,9.6864165561279e-05,5.3000933983275e-05
1.78575,-0.12309854944646,-0.86071888982689,9.7642140045473e-05,5.2331392386934e-05
1.786,-0.13083191241418,-0.85844470055512,9.8422344817379e-05,5.1649587764413e-05
1.78625,-0.13856106296932,-0.85607728826572,9.92047516039e-05,5.0955351176097e-05
1.7865,-0.14628504794508,-0.85361577819527,9.9989329583863e-05,5.024851127336e-05
1.78675,-0.15400288803982,-0.85105928464819,0.00010077604524493,4.9528894275442e-05
1.787,-0.16171357684851,-0.84840691094156,0.00010156486223402,4.8796323946911e-05
1.78725,-0.16941607985552,-0.84565774936362,0.00010235574120095,4.8050621575783e-05
1.7875,-0.17710933338736,-0.84281088114729,0.00010314863963504,4.7291605952414e-05
1.78775,-0.18479224352378,-0.8398653764601,0.0001039435116945,4.651909334925e-05
1.788,-0.19246368496574,-0.83682029441227,0.00010474030802817,4.573289750156e-05
1.78825,-0.20012249985851,-0.83367468308443,0.00010553897558954,4.4932829589276e-05
1.7885,-0.20776749656847,-0.830427579577,0.00010633945744255,4.4118698220075e-05
1.78875,-0.21539744841154,-0.82707801008314,0.00010714169255907,4.329030941386e-05
1.789,-0.22301109233193,-0.82362498998725,0.00010794561560764,4.2447466588793e-05
1.78925,-0.230607127529,-0.82006752399153,0.00010875115673316,4.1589970549078e-05
1.7895,-0.23818421403073,-0.81640460627276,0.00010955824132735,4.0717619474672e-05
1.78975,-0.24574097121175,-0.81263522067217,0.00011036678978949,3.9830208913148e-05
1.79,-0.25327597625404,-0.80875834092093,0.00011117671727723,3.8927531773948e-05
1.79025,-0.26078776254841,-0.80477293090455,0.00011198793344701,3.8009378325269e-05
1.7905,-0.26827481803486,-0.80067794496907,0.00011280034218401,3.7075536193866e-05
1.79075,-0.27573558347959,-0.79647232827284,0.00011361384132089,3.6125790368077e-05
1.791,-0.28316845068692,-0.79215501718727,0.00011442832234536,3.5159923204385e-05
1.79125,-0.290571760644,-0.78772493975065,0.00011524367009594,3.417771443788e-05
1.7915,-0.29794380159619,-0.7831810161793,0.00011605976244571,3.3178941197007e-05
1.79175,-0.30528280705125,-0.77852215944042,0.00011687646997362,3.2163378023006e-05
1.792,-0.3125869537102,-0.7737472758916,0.00011769365562296,3.113079689451e-05
1.79225,-0.31985435932299,-0.7688552659921,0.00011851117434671,3.0080967257773e-05
1.7925,-0.32708308046687,-0.76384502509142,0.00011932887273929,2.9013656063064e-05
1.79275,-0.33427111024572,-0.7587154443011,0.00012014658865443,2.7928627807793e-05
1.793,-0.34141637590846,-0.75346541145592,0.00012096415080865,2.6825644586985e-05
1.79325,-0.34851673638468,-0.74809381217137,0.0001217813783702,2.5704466151757e-05
1.7935,-0.35556997973604,-0.74259953100446,0.00012259808053282,2.4564849976516e-05
1.79375,-0.36257382052181,-0.73698145272544,0.00012341405607415,2.3406551335637e-05
1.794,-0.36952589707718,-0.73123846370876,0.00012422909289835,2.2229323390463e-05
1.79425,-0.37642376870317,-0.72536945345171,0.00012504296756261,2.1032917287484e-05
1.7945,-0.38326491276728,-0.71937331623008,0.00012585544478717,1.9817082268665e-05
1.79475,-0.39004672171393,-0.71324895290062,0.00012666627694854,1.8581565794945e-05
1.795,-0.39676649998449,-0.70699527286069,0.00012747520355567,1.732611368398e-05
1.79525,-0.40342146084669,-0.70061119617622,0.00012828195070865,1.605047026331e-05
1.7955,-0.41000872313359,-0.69409565588964,0.00012908623053985,1.4754378540214e-05
1.79575,-0.41652530789301,-0.68744760052031,0.00012988774063708,1.3437580389554e-05
1.796,-0.42296813494849,-0.68066599677063,0.00013068616344869,1.2099816761075e-05
1.79625,-0.42933401937348,-0.67374983245176,0.00013148116567042,1.0740827907655e-05
1.7965,-0.43561966788128,-0.66669811964378,0.00013227239761384,9.3603536361267e-06
1.79675,-0.44182167513367,-0.65950989810592,0.00013305949255633,7.9581335824309e-06
1.797,-0.44793651997213,-0.6521842389532,0.00013384206607261,6.5339075128823e-06
1.79725,-0.45396056157645,-0.64472024861709,0.00013461971534777,5.0874156535546e-06
1.7975,-0.45989003555633,-0.63711707310829,0.00013539201847208,3.6183990498152e-06
1.79775,-0.465721049983,-0.62937390260084,0.00013615853371759,2.1265999582161e-06
1.798,-0.4714495813686,-0.62148997635799,0.00013691879879699,6.1176227307937e-07
1.79825,-0.47707147060305,-0.61346458802069,0.00013767233010498,-9.2636800979282e-07
1.7985,-0.48258241885904,-0.60529709128098,0.00013841862194277,-2.4880422896769e-06
1.79875,-0.48797798347782,-0.59698690596347,0.00013915714572621,-4.0735088150062e-06
1.799,-0.4932535738501,-0.58853352453877,0.00013988734917852,-5.6830120921138e-06
1.79925,-0.49840444730844,-0.5799365190941,0.00014060865550836,-7.3167922455972e-06
1.7995,-0.50342570504968,-0.57119554878691,0.00014132046257441,-8.9750843271113e-06
1.79975,-0.50831228810839,-0.56231036780838,0.00014202214203789,-1.0658117569292e-05
1.8,-0.51305897340504,-0.55328083388442,0.00014271303850426,-1.236611458128e-05
1.80025,-0.51766036989516,-0.54410691734257,0.00014339246865611,-1.4099290482247e-05
1.8005,-0.52211091484943,-0.53478871077373,0.00014405972037906,-1.5857851969106e-05
1.80075,-0.52640487029743,-0.52532643931834,0.00014471405188301,-1.7641996314468e-05
1.801,-0.53053631967202,-0.51572047160686,0.00014535469082131,-1.9451910290779e-05
1.80125,-0.53449916469491,-0.50597133138459,0.0001459808334108,-2.1287769016378e-05
1.8015,-0.5382871225486,-0.49607970985091,0.00014659164355586,-2.3149734719157e-05
1.80175,-0.54189372338434,-0.48604647874263,0.00014718625198037,-2.5037955413337e-05
1.802,-0.54531230822069,-0.47587270419071,0.00014776375537143,-2.6952563484751e-05
1.80225,-0.54853602729295,-0.46555966137841,0.00014832321553958,-2.8893674180008e-05
1.8025,-0.55155783891891,-0.45510885002788,0.00014886365860047,-3.0861383994784e-05
1.80275,-0.55437050895288,-0.44452201074026,0.00014938407418362,-3.2855768956419e-05
1.803,-0.55696661090615,-0.43380114221191,0.00014988341467449,-3.4876882796071e-05
1.80325,-0.55933852681886,-0.42294851934671,0.00015036059449654,-3.6924755005618e-05
1.8035,-0.56147844897525,-0.41196671228071,0.00015081448944082,-3.8999388774538e-05
1.80375,-0.56337838256206,-0.40085860633064,0.00015124393605127,-4.110075880221e-05
1.804,-0.56503014937694,-0.38962742287334,0.00015164773107453,-4.3228808981064e-05
1.80425,-0.56642539270236,-0.37827674115623,0.00015202463098411,-4.5383449946368e-05
1.8045,-0.56755558346819,-0.36681052103205,0.00015237335158934,-4.7564556488613e-05
1.80475,-0.56841202783466,-0.35523312660291,0.00015269256774057,-4.977196482482e-05
1.805,-0.56898587633552,-0.34354935074846,0.000152980913143,-5.2005469725583e-05
1.80525,-0.56926813472979,-0.33176444050258,0.00015323698029232,-5.4264821495079e-05
1.8055,-0.5692496767182,-0.31988412322975,0.00015345932054664,-5.6549722801988e-05
1.80575,-0.56892125868858,-0.30791463353864,0.00015364644434979,-5.8859825359968e-05
1.806,-0.56827353666124,-0.29586274085417,0.00015379682162252,-6.1194726457142e-05
1.80625,-0.56729708561247,-0.28373577755145,0.00015390888233903,-6.3553965335154e-05
1.8065,-0.56598242135936,-0.2715416675354,0.00015398101730711,-6.5937019419394e-05
1.80675,-0.56432002519403,-0.25928895512809,0.00015401157917164,-6.8343300403315e-05
1.807,-0.56230037145794,-0.24698683410147,0.00015399888366202,-7.0772150191315e-05
1.80725,-0.55991395824827,-0.23464517666777,0.00015394121110491,-7.3222836706173e-05
1.8075,-0.55715134144708,-0.22227456221086,0.00015383680822511,-7.5694549569026e-05
1.80775,-0.55400317226038,-0.20988630551193,0.00015368389025781,-7.8186395661848e-05
1.808,-0.55046023844738,-0.19749248419035,0.00015348064339648,-8.0697394584663e-05
1.80825,-0.54651350940994,-0.18510596504583,0.00015322522760127,-8.3226474022298e-05
1.8085,-0.5421541852977,-0.17274042895219,0.00015291577979328,-8.5772465038147e-05
1.80875,-0.53737375026567,-0.16041039391541,0.00015255041746044,-8.8334097315391e-05
1.809,-0.53216402999678,-0.14813123586973,0.00015212724270065,-9.0909994369393e-05
1.80925,-0.52651725357218,-0.13591920674657,0.00015164434672803,-9.3498668758328e-05
1.8095,-0.52042611973589,-0.12379144931149,0.00015109981486714,-9.6098517322867e-05
1.80975,-0.5138838675577,-0.11176600822599,0.0001504917320597,-9.8707816489575e-05
1.81,-0.50688435144806,-0.099861836753706,0.00014981818890682,-0.00010132471767674
1.81025,-0.4994221204206,-0.08809879849609,0.00014907728826809,-0.00010394724284571
1.8105,-0.49149250143238,-0.076497663511691,0.00014826715243681,-0.00010657328024502
1.81075,-0.48309168655734,-0.065080098147395,0.00014738593090786,-0.00010920058039936
1.811,-0.47421682366624,-0.053868647890012,0.00014643180875119,-0.00011182675239968
1.81125,-0.46486611019535,-0.042886712535492,0.00014540301560028,-0.00011444926055543
1.8115,-0.4550388894878,-0.032158512970497,0.00014429783525969,-0.00011706542147439
1.81175,-0.44473574908537,-0.021709048870801,0.0001431146159309,-0.00011967240163977
1.812,-0.43395862023681,-0.011564046643546,0.0001418517810489,-0.00012226721555808
1.81225,-0.42271087777147,-0.0017498969778729,0.00014050784071524,-0.00012484672455538
1.8125,-0.41099743936667,0.0077064185767509,0.00013908140370529,-0.0001274076363021
1.81275,-0.39882486311608,0.016777412511971,0.00013757119001854,-0.00012994650514955
1.813,-0.38620144218556,0.025435188156268,0.00013597604393158,-0.00013245973336272
1.81325,-0.37313729522786,0.033651548664355,0.00013429494750266,-0.00013494357333502
1.8135,-0.3596444511184,0.041398118363319,0.00013252703446618,-0.00013739413087015
1.81375,-0.34573692647828,0.048646476458847,0.00013067160444316,-0.000139807369615
1.814,-0.33143079436909,0.055368302923175,0.00012872813738222,-0.00014217911672443
1.81425,-0.31674424248247,0.061535536183309,0.00012669630813238,-0.00014450506983449
1.8145,-0.30169761911072,0.067120542004857,0.00012457600103661,-0.00014678080541456
1.81475,-0.28631346517653,0.072096292726566,0.00012236732442209,-0.00014900178856055
1.815,-0.27061653062467,0.07643655574687,0.00012007062485045,-0.000151163384282
1.81525,-0.25463377354156,0.080116089900227,0.00011768650097941,-0.00015326087032345
1.8155,-0.23839434047125,0.08311084809428,0.00011521581687583,-0.0001552894515466
1.81575,-0.22192952654331,0.085398184314183,0.00011265971460999,-0.00015724427588381
1.816,-0.20527271422013,0.086957062845815,0.00011001962595253,-0.00015912045185509
1.81625,-0.1884592897085,0.087768267332571,0.00010729728298828,-0.00016091306762073
1.8165,-0.17152653636299,0.087814607069277,0.00010449472745702,-0.00016261721151971
1.81675,-0.15451350473355,0.087081117760349,0.00010161431862906,-0.00016422799402063
1.817,-0.13746085927228,0.085555253835904,9.8658739524249e-05,-0.00016574057098701
1.81725,-0.12041070211027,0.083227069337221,9.5631001287709e-05,-0.0001671501681331
1.8175,-0.10340637473435,0.080089384358972,9.253444554288e-05,-0.00016845210652024
1.81775,-0.086492238829457,0.076137934076056,8.9372744554164e-05,-0.00016964182891749
1.818,-0.069713437991635,0.071371497492055,8.6149899046892e-05,-0.00017071492682471
1.81825,-0.05311564244894,0.065792003226778,8.2870233551648e-05,-0.00017166716793176
1.8185,-0.036744779340439,0.059404609912418,7.9538389163363e-05,-0.00017249452376503
1.81875,-0.020646751483051,0.052217759089451,7.6159313632829e-05,-0.00017319319725203
1.819,-0.0048671478896785,0.044243198879424,7.2738248738826e-05,-0.00017375964991816
1.81925,0.010549050420662,0.035495977155854,6.928071492318e-05,-0.00017419062841623
1.8195,0.025557765572605,0.025994403425769,6.5792493207446e-05,-0.00017448319008062
1.81975,0.040116115064582,0.015759979162328,6.2279604448718e-05,-0.00017463472719391
1.82,0.054182697152821,0.0048172968791257,5.8748286032069e-05,-0.00017464298965537
1.82025,0.067717865504039,-0.0068060912057496,5.5204966137617e-05,-0.00017450610574756
1.8205,0.08068398936082,-0.019079833517733,5.1656235760612e-05,-0.00017422260071038
1.82075,0.093045695681271,-0.031970966562263,4.8108818701787e-05,-0.0001737914128506
1.821,0.10477009001295,-0.045444127038921,4.456953978208e-05,-0.00017321190693965
1.82125,0.11582695323406,-0.059461785788416,4.1045291569485e-05,-0.00017248388468236
1.8215,0.12618891173175,-0.073984500359203,3.7542999935292e-05,-0.00017160759207462
1.82175,0.13583157907455,-0.088971182686575,3.4069588781756e-05,-0.0001705837235074
1.822,0.14473366776024,-0.10437937816595,3.0631944302381e-05,-0.00016941342251789
1.82225,0.15287707016643,-0.12016555227802,2.7236879148813e-05,-0.00016809827913432
1.8225,0.1602469083824,-0.13628538088688,2.3891096884798e-05,-0.00016664032380891
1.82275,0.16683155314281,-0.1526940403825,2.0601157107063e-05,-0.00016504201798205
1.823,0.17262261260223,-0.1693464939715,1.7373441605412e-05,-0.00016330624136849
1.82325,0.17761489217018,-0.1861977706266,1.4214121920197e-05,-0.00016143627610346
1.8235,0.18180632705929,-0.20320323347872,1.1129128634359e-05,-0.0001594357879304
1.82375,0.18519788957486,-0.22031883476304,8.1241227105318e-06,-0.00015730880465265
1.824,0.18779347348564,-0.23750135480125,5.2044691515519e-06,-0.00015505969210779
1.82425,0.18959975805971,-0.2547086229042,2.3752132259392e-06,-0.00015269312795387
1.8245,0.19062605452343,-0.27189971849782,-3.5894054031195e-07,-0.00015021407358262
1.82475,0.19088413780682,-0.28903515120135,-2.9936464474194e-06,-0.00014762774449312
1.825,0.1903880664779,-0.3060770190062,-5.5249326673093e-06,-0.00014493957947241
1.82525,0.18915399374625,-0.32298914410835,-7.9492131824836e-06,-0.00014215520893545
1.8255,0.18719997233803,-0.33973718632747,-1.0263296594672e-05,-0.00013928042277649
1.82575,0.1845457559181,-0.35628873439431,-1.2464391823022e-05,-0.0001363211380773
1.826,0.18121259956803,-0.37261337569993,-1.4550110752724e-05,-0.00013328336700602
1.82625,0.17722306162867,-0.38868274537188,-1.6518467933141e-05,-0.00013017318522238
1.8265,0.1726008089921,-0.40447055577086,-1.8367877458855e-05,-0.00012699670108385
1.82675,0.16737042768684,-0.41995260768626,-2.0097147197323e-05,-0.00012376002592147
1.827,0.16155724035056,-0.43510678465215,-2.1705470552521e-05,-0.00012046924562535
1.82725,0.15518713193251,-0.44991303190552,-2.3192415974803e-05,-0.00011713039374957
1.8275,0.14828638471904,-0.46435332157229,-2.4557914443272e-05,-0.0001137494263137
1.82775,0.14088152353604,-0.47841160569383,-2.5802245158117e-05,-0.00011033219844536
1.828,0.13299917175481,-0.49207375870311,-2.6926019686885e-05,-0.00010688444297598
1.82825,0.12466591851673,-0.50532751092924,-2.7930164810771e-05,-0.00010341175106933
1.8285,0.11590819739969,-0.51816237465476,-2.8815904314998e-05,-9.9919554932366e-05
1.82875,0.1067521765759,-0.53056956417807,-2.9584739961732e-05,-9.6413112628431e-05
1.829,0.097223660359156,-0.54254191124569,-3.023843187507e-05,-9.2897494986568e-05
1.82925,0.08734800190829,-0.55407377712076,-3.0778978556035e-05,-8.9377574576308e-05
1.8295,0.07715002674284,-0.56516096244907,-3.120859673162e-05,-8.5858016695635e-05
1.82975,0.066653966636464,-0.57580061597316,-3.1529701226305e-05,-8.2343272301193e-05
1.83,0.055883403381531,-0.5859911430339,-3.1744885027523e-05,-7.8837572793901e-05
1.83025,0.044861221863301,-0.5957321146881,-3.185689969878e-05,-7.5344926559978e-05
1.8305,0.033609571843314,-0.60502417816242,-3.1868636275952e-05,-7.1869117157203e-05
1.83075,0.022149837826704,-0.61386896926004,-3.1783106763968e-05,-6.8413703028525e-05
1.831,0.010502616375281,-0.62226902723827,-3.1603426333127e-05,-6.4982018619858e-05
1.83125,-0.0013122997730219,-0.6302277125831,-3.1332796296822e-05,-6.1577176776085e-05
1.8315,-0.013275931410925,-0.63774912802185,-3.0974487935731e-05,-5.8202072288205e-05
1.83175,-0.025370117012157,-0.64483804303739,-3.053182721785e-05,-5.4859386465554e-05
1.832,-0.037577511921652,-0.6514998220771,-3.0008180449069e-05,-5.1551592609441e-05
1.83225,-0.049881583156329,-0.65774035658744,-2.9406940875586e-05,-4.8280962268226e-05
1.8325,-0.06226660035707,-0.66356600094923,-2.8731516247279e-05,-4.5049572158824e-05
1.83275,-0.074717623400927,-0.66898351234079,-2.7985317340264e-05,-4.1859311645217e-05
1.833,-0.087220487148392,-0.67399999451425,-2.717174742729e-05,-3.8711890670991e-05
1.83325,-0.099761783765801,-0.67862284543495,-2.6294192676308e-05,-3.560884804978e-05
1.8335,-0.11232884302829,-0.68285970870435,-2.5356013450426e-05,-3.2551560024546e-05
1.83375,-0.12490971097376,-0.6867184286623,-2.4360536476567e-05,-2.9541249014018e-05
1.834,-0.13749312724444,-0.69020700904515,-2.3311047845299e-05,-2.6578992471895e-05
1.83425,-0.15006850142011,-0.69333357506076,-2.2210786800476e-05,-2.3665731791602e-05
1.8345,-0.16262588861569,-0.69610633873012,-2.1062940274457e-05,-2.080228119643e-05
1.83475,-0.17515596458561,-0.69853356733685,-1.9870638122634e-05,-1.7989336561727e-05
1.835,-0.18765000055052,-0.70062355482125,-1.8636949009683e-05,-1.5227484122083e-05
1.83525,-0.20009983793449,-0.70238459595207,-1.7364876899385e-05,-1.2517209022695e-05
1.8355,-0.21249786317764,-0.70382496310934,-1.6057358099787e-05,-9.8589036796132e-06
1.83575,-0.22483698276619,-0.70495288551228,-1.4717258815984e-05,-7.2528759188544e-06
1.836,-0.23711059860157,-0.70577653072939,-1.3347373163732e-05,-4.6993568691976e-06
1.83625,-0.24931258381163,-0.70630398831165,-1.1950421598319e-05,-2.1985085877174e-06
1.8365,-0.26143725908993,-0.70654325539452,-1.0529049714803e-05,2.4956859883659e-07
1.83675,-0.27347936963395,-0.70650222412031,-9.0858273774658e-06,2.6448290503413e-06
1.837,-0.28543406273928,-0.70618867073867,-7.6232481384084e-06,4.9872750776485e-06
1.83725,-0.29729686609451,-0.7056102462494,-6.1437289073993e-06,7.2769505226511e-06
1.8375,-0.30906366681108,-0.70477446845893,-4.6496098373455e-06,9.5139346594608e-06
1.83775,-0.32073069121251,-0.70368871532869,-3.1431543921495e-06,1.169833642005e-05
1.838,-0.33229448539886,-0.70236021950066,-1.6265495661586e-06,1.3830288946011e-05
1.83825,-0.34375189659563,-0.70079606389256,-1.0190622681237e-07,1.5909944466748e-05
1.8385,-0.35510005528931,-0.69900317826188,1.428740445406e-06,1.7937469503234e-05
1.83875,-0.36633635814671,-0.69698833664494,2.9634304431602e-06,1.9913040395495e-05
1.839,-0.37745845171059,-0.69475815558345,4.500278365669e-06,2.1836839151396e-05
1.83925,-0.38846421686006,-0.69231909305764,6.037472817934e-06,2.3709049613571e-05
1.8395,-0.39935175402119,-0.68967744805089,7.5732757921259e-06,2.5529853941085e-05
1.83975,-0.41011936911041,-0.68683936067658,9.1060220451215e-06,2.7299429402033e-05
1.84,-0.42076556019115,-0.68381081280363,1.0634118483942e-05,2.9017945473047e-05
1.84025,-0.43128900482275,-0.68059762912173,1.2156043568713e-05,3.0685561241669e-05
1.8405,-0.44168854807887,-0.67720547859309,1.3670346740581e-05,3.2302423107263e-05
1.84075,-0.45196319121213,-0.67363987624114,1.5175647880035e-05,3.3868662776247e-05
1.841,-0.46211208094091,-0.66990618523168,1.6670636799092e-05,3.5384395547204e-05
1.84125,-0.47213449933356,-0.66600961920548,1.8154072768873e-05,3.6849718881428e-05
1.8415,-0.48202985426571,-0.66195524482541,1.9624784082362e-05,3.8264711254297e-05
1.84175,-0.49179767042583,-0.65774798450435,2.1081667650339e-05,3.9629431282703e-05
1.842,-0.50143758084453,-0.65339261928352,2.2523688626874e-05,4.0943917123524e-05
1.84225,-0.51094931892371,-0.64889379183392,2.3949880059285e-05,4.2208186137842e-05
1.8425,-0.52033271094166,-0.64425600955595,2.5359342555945e-05,4.3422234815202e-05
1.84275,-0.52958766901097,-0.63948364775538,2.6751243964116e-05,4.4586038951739e-05
1.843,-0.53871418446681,-0.63458095287546,2.8124819048748e-05,4.5699554075465e-05
1.84325,-0.5477123216635,-0.62955204576778,2.9479369162155e-05,4.676271611131e-05
1.8435,-0.55658221215824,-0.62440092498591,3.0814261893594e-05,4.7775442277818e-05
1.84375,-0.56532404926166,-0.61913147008796,3.2128930687013e-05,4.8737632206536e-05
1.844,-0.57393808293511,-0.61374744493563,3.3422874414662e-05,4.9649169274225e-05
1.84425,-0.58242461501629,-0.60825250097894,3.4695656893873e-05,5.050992213707e-05
1.8445,-0.59078399475449,-0.60265018051713,3.5946906334063e-05,5.1319746454998e-05
1.84475,-0.59901661463851,-0.59694391992737,3.7176314701037e-05,5.207848679313e-05
1.845,-0.60712290650043,-0.59113705285415,3.8383636985789e-05,5.2785978686307e-05
1.84525,-0.61510333787939,-0.58523281335319,3.9568690365374e-05,5.3442050851466e-05
1.8455,-0.62295840863033,-0.57923433898456,4.0731353244054e-05,5.4046527531564e-05
1.84575,-0.63068864776344,-0.57314467385051,4.1871564163616e-05,5.4599230953647e-05
1.846,-0.63829461050034,-0.56696677157451,4.2989320572783e-05,5.5099983882639e-05
1.84625,-0.64577687553444,-0.56070349821811,4.4084677446808e-05,5.5548612251501e-05
1.8465,-0.65313604248287,-0.55435763513347,4.5157745749664e-05,5.5944947847522e-05
1.84675,-0.66037272951849,-0.54793188174946,4.6208690732786e-05,5.6288831033852e-05
1.847,-0.66748757117099,-0.54142885828986,4.7237730065988e-05,5.6580113484761e-05
1.84725,-0.67448121628648,-0.53485110842277,4.8245131797977e-05,5.6818660912755e-05
1.8475,-0.68135432613599,-0.52820110184033,4.9231212145813e-05,5.7004355765462e-05
1.84775,-0.68810757266324,-0.52148123676868,5.0196333114661e-05,5.7137099870192e-05
1.848,-0.69474163686327,-0.51469384240786,5.1140899951247e-05,5.7216817004323e-05
1.84825,-0.70125720728333,-0.50784118130202,5.2065358436512e-05,5.7243455370088e-05
1.8485,-0.70765497863841,-0.5009254516403,5.2970192025012e-05,5.7216989953042e-05
1.84875,-0.713935650534,-0.49394878948906,5.3855918840712e-05,5.7137424744402e-05
1.849,-0.72009992628922,-0.48691327095616,5.4723088540735e-05,5.7004794808603e-05
1.84925,-0.72614851185358,-0.47982091428829,5.55722790605e-05,5.6819168178811e-05
1.8495,-0.73208211481161,-0.47267368190245,5.6404093255452e-05,5.6580647564689e-05
1.84975,-0.73790144346928,-0.46547348235252,5.7219155456094e-05,5.6289371858537e-05
1.85,-0.74360720601689,-0.45822217223257,5.8018107954447e-05,5.594551742785e-05
1.85025,-0.74920010976343,-0.45092155801772,5.8801607441167e-05,5.5549299184464e-05
1.8505,-0.75468086043752,-0.4435733978444,5.9570321413531e-05,5.5100971422689e-05
1.85075,-0.76005016155048,-0.4361794032311,6.0324924575088e-05,5.4600828421117e-05
1.851,-0.76530871381731,-0.42874124074122,6.1066095248236e-05,5.4049204805184e-05
1.85125,-0.7704572146317,-0.42126053358945,6.1794511821066e-05,5.344647566996e-05
1.8515,-0.77549635759122,-0.41373886319317,6.2510849249706e-05,5.2793056464979e-05
1.85175,-0.78042683206935,-0.40617777067045,6.3215775636959e-05,5.2089402645297e-05
1.852,-0.78524932283105,-0.39857875828604,6.3909948907362e-05,5.1336009095165e-05
1.85225,-0.78996450968882,-0.39094329084687,6.4594013597907e-05,5.0533409332847e-05
1.8525,-0.79457306719631,-0.38327279704872,6.5268597782475e-05,4.9682174507119e-05
1.85275,-0.799075664377,-0.37556867077529,6.5934310146716e-05,4.8782912197752e-05
1.853,-0.80347296448524,-0.36783227235128,6.6591737228585e-05,4.7836265033941e-05
1.85325,-0.80776562479739,-0.36006492975099,6.7241440838026e-05,4.6842909146025e-05
1.8535,-0.81195429643089,-0.35226793976365,6.7883955667526e-05,4.5803552467038e-05
1.85375,-0.81603962418918,-0.34444256911705,6.8519787103358e-05,4.4718932901563e-05
1.854,-0.82002224643049,-0.33659005556085,6.9149409245345e-05,4.358981638009e-05
1.85425,-0.82390279495886,-0.32871160891071,6.977326314104e-05,4.241699481748e-05
1.8545,-0.82768189493551,-0.32080841205485,7.0391755238177e-05,4.1201283994443e-05
1.85475,-0.83136016480912,-0.31288162192408,7.1005256057332e-05,3.9943521380865e-05
1.855,-0.83493821626358,-0.30493237042657,7.1614099084822e-05,3.864456391958e-05
1.85525,-0.83841665418172,-0.29696176534882,7.2218579884042e-05,3.7305285788836e-05
1.8555,-0.84179607662379,-0.28897089122364,7.2818955421736e-05,3.592657616094e-05
1.85575,-0.8450770748196,-0.28096081016661,7.3415443604124e-05,3.4509336973919e-05
1.856,-0.84826023317299,-0.27293256268202,7.4008223016317e-05,3.3054480731968e-05
1.85625,-0.85134612927785,-0.26488716843924,7.4597432857184e-05,3.1562928349456e-05
1.8565,-0.85433533394443,-0.25682562702092,7.5183173060673e-05,3.0035607052083e-05
1.85675,-0.85722841123534,-0.24874891864367,7.5765504593618e-05,2.8473448347487e-05
1.857,-0.86002591851014,-0.24065800485243,7.6344449919242e-05,2.6877386076323e-05
1.85725,-0.86272840647783,-0.23255382918947,7.691999361493e-05,2.5248354553491e-05
1.8575,-0.86533641925661,-0.22443731783889,7.7492083132352e-05,2.3587286807787e-05
1.85775,-0.86785049444001,-0.21630938024749,7.8060629687704e-05,2.1895112926917e-05
1.858,-0.87027116316897,-0.2081709097231,7.8625509269627e-05,2.01727585135e-05
1.85825,-0.87259895020911,-0.20002278401088,7.9186563752378e-05,1.8421143256297e-05
1.8585,-0.87483437403276,-0.19186586584869,7.9743602101857e-05,1.6641179619756e-05
1.85875,-0.87697794690514,-0.18370100350215,8.0296401662359e-05,1.4833771653684e-05
1.859,-0.87903017497432,-0.17552903128026,8.0844709512187e-05,1.2999813923776e-05
1.85925,-0.8809915583644,-0.16735077003218,8.1388243876703e-05,1.1140190562715e-05
1.8595,-0.88286259127163,-0.15916702762606,8.1926695587853e-05,9.2557744405187e-06
1.85975,-0.8846437620629,-0.15097859941042,8.2459729579757e-05,7.3474264520578e-06
1.86,-0.88633555337648,-0.14278626865893,8.2986986410563e-05,5.415994918779e-06
1.86025,-0.88793844222454,-0.13459080699898,8.3508083801398e-05,3.462315101059e-06
1.8605,-0.88945290009705,-0.12639297482498,8.402261818391e-05,1.4872088170201e-06
1.86075,-0.89087939306711,-0.11819352169669,8.4530166248602e-05,-5.0851583692437e-07
1.861,-0.89221838189701,-0.10999318672333,8.5030286486851e-05,-2.5240646688913e-06
1.86125,-0.89347032214518,-0.10179269893396,8.5522520720166e-05,-4.558657483135e-06
1.8615,-0.89463566427353,-0.093592777634708,8.6006395610986e-05,-6.6115280861905e-06
1.86175,-0.89571485375511,-0.085394132753252,8.6481424149939e-05,-8.6819242134219e-06
1.862,-0.89670833118184,-0.077197465171293,8.6947107115145e-05,-1.0769107381967e-05
1.86225,-0.89761653237222,-0.069003467045181,8.7402934499793e-05,-1.28723526762e-05
1.8625,-0.89843988847869,-0.060812822115467,8.784838690477e-05,-1.4990948471716e-05
1.86275,-0.89917882609472,-0.052626206005622,8.8282936893719e-05,-1.7124196103925e-05
1.863,-0.8998337673613,-0.044444286510431,8.8706050308402e-05,-1.9271409487163e-05
1.86325,-0.90040513007276,-0.036267723874548,8.9117187542733e-05,-2.1431914690113e-05
1.8635,-0.90089332778189,-0.028097171061472,8.9515804774292e-05,-2.3605049473238e-05
1.86375,-0.90129876990411,-0.019933274013511,8.9901355152533e-05,-2.5790162793623e-05
1.864,-0.90162186182076,-0.011776671902964,9.0273289943285e-05,-2.7986614282538e-05
1.86425,-0.90186300498125,-0.0036279973749639,9.0631059629429e-05,-3.0193773700732e-05
1.8645,-0.90202259700413,0.0045121232176123,9.0974114967988e-05,-3.2411020376209e-05
1.86475,-0.90210103177692,0.012643069586936,9.1301908004051e-05,-3.4637742629095e-05
1.865,-0.90209869955468,0.02076422729032,9.1613893042235e-05,-3.6873337187825e-05
1.86525,-0.90201598705728,0.028874987517229,9.1909527576537e-05,-3.9117208600674e-05
1.8655,-0.90185327756524,0.036974746883003,9.2188273179596e-05,-4.1368768646426e-05
1.86575,-0.90161095101417,0.045062907228941,9.2449596352505e-05,-4.3627435747661e-05
1.866,-0.90128938408774,0.053138875428352,9.2692969336434e-05,-4.5892634389894e-05
1.86625,-0.90088895030913,0.061202063198465,9.2917870887372e-05,-4.8163794549603e-05
1.8665,-0.90041002013096,0.069251886917714,9.3123787015362e-05,-5.0440351133847e-05
1.86675,-0.89985296102368,0.077287767448266,9.3310211689644e-05,-5.2721743434034e-05
1.867,-0.89921813756228,0.085309129963477,9.3476647511119e-05,-5.500741459611e-05
1.86725,-0.89850591151152,0.09331540377992,9.3622606353542e-05,-5.729681110922e-05
1.8675,-0.89771664190946,0.1013060221939,9.3747609974865e-05,-5.9589382314744e-05
1.86775,-0.89685068514938,0.10928042232202,9.3851190600066e-05,-6.1884579937316e-05
1.868,-0.89590839506006,0.11723804494565,9.3932891476822e-05,-6.4181857639349e-05
1.86825,-0.89489012298443,0.12517833435903,9.3992267405274e-05,-6.6480670600325e-05
1.8685,-0.89379621785655,0.13310073822078,9.4028885243119e-05,-6.878047512197e-05
1.86875,-0.89262702627699,0.14100470740846,9.4042324387172e-05,-7.1080728260307e-05
1.869,-0.8913828925865,0.14888969587615,9.4032177232471e-05,-7.3380887485374e-05
1.86925,-0.89006415893814,0.15675516051458,9.3998049609942e-05,-7.5680410369276e-05
1.8695,-0.88867116536774,0.16460056101376,9.3939561203544e-05,-7.7978754303125e-05
1.86975,-0.88720424986274,0.17242535972777,9.3856345947741e-05,-8.027537624328e-05
1.87,-0.88566374842949,0.18022902154147,9.3748052406069e-05,-8.256973248716e-05
1.87025,-0.88404999515897,0.18801101373902,9.3614344131485e-05,-8.4861278478859e-05
1.8705,-0.88236332229095,0.19577080587376,9.3454900009099e-05,-8.7149468644605e-05
1.87075,-0.88060406027664,0.20350786963937,9.3269414581819e-05,-8.9433756258079e-05
1.871,-0.87877253783987,0.21122167874216,9.3057598359365e-05,-9.1713593335504e-05
1.87125,-0.87686908203683,0.21891170877386,9.2819178111005e-05,-9.3988430560268e-05
1.8715,-0.87489401831436,0.2265774370852,9.255389714234e-05,-9.6257717236889e-05
1.87175,-0.87284767056691,0.23421834265954,9.2261515556358e-05,-9.8520901273915e-05
1.872,-0.87073036119218,0.24183390598666,9.1941810498925e-05,-0.0001007774291954
1.87225,-0.86854241114545,0.24942360893622,9.159457638882e-05,-0.00010302674618047
1.8725,-0.86628413999278,0.25698693463075,9.1219625132373e-05,-0.0001052682961304
1.87275,-0.86395586596297,0.26452336731781,9.0816786322684e-05,-0.00010750152176269
1.873,-0.86155790599852,0.2720323922412,9.0385907423384e-05,-0.00010972586473144
1.87325,-0.85909057580555,0.27951349551068,8.9926853936836e-05,-0.00011194076577323
1.8735,-0.85655418990285,0.2869661639702,8.9439509556641e-05,-0.00011414566487802
1.87375,-0.85394906167004,0.29438988506408,8.8923776304273e-05,-0.00011634000148392
1.874,-0.85127550339509,0.301784146701,8.8379574649647e-05,-0.00011852321469528
1.87425,-0.84853382632115,0.30914843711536,8.7806843615398e-05,-0.00012069474352304
1.8745,-0.845724340693,0.31648224472578,8.7205540864607e-05,-0.00012285402714651
1.87475,-0.84284735580304,0.32378505799025,8.6575642771735e-05,-0.0001250005051955
1.875,-0.83990318003717,0.33105636525772,8.5917144476468e-05,-0.00012713361805197
1.87525,-0.83689212092056,0.3382956546156,8.5230059920219e-05,-0.00012925280717002
1.8755,-0.83381448516363,0.34550241373289,8.4514421864975e-05,-0.00013135751541322
1.87575,-0.83067057870831,0.35267612969842,8.3770281894246e-05,-0.00013344718740816
1.876,-0.82746070677492,0.3598162888538,8.2997710395807e-05,-0.00013552126991317
1.87625,-0.82418517390975,0.36692237662072,8.2196796526001e-05,-0.00013757921220093
1.8765,-0.82084428403382,0.37399387732189,8.1367648155343e-05,-0.00013962046645398
1.87675,-0.81743834049291,0.38103027399531,8.0510391795199e-05,-0.00014164448817176
1.877,-0.81396764610926,0.38803104820132,7.9625172505336e-05,-0.00014365073658817
1.87725,-0.81043250323533,0.39499567982173,7.871215378217e-05,-0.00014563867509819
1.8775,-0.80683321380994,0.40192364685055,7.7771517427548e-05,-0.00014760777169262
1.87775,-0.80317007941728,0.40881442517572,7.6803463397962e-05,-0.00014955749939942
1.878,-0.79944340134922,0.41566748835109,7.5808209634095e-05,-0.00015148733673061
1.87825,-0.79565348067145,0.42248230735806,7.4785991870671e-05,-0.00015339676813333
1.8785,-0.79180061829401,0.429258350356,7.3737063426584e-05,-0.00015528528444394
1.87875,-0.78788511504697,0.43599508242096,7.2661694975353e-05,-0.00015715238334375
1.879,-0.78390727176177,0.44269196527149,7.1560174295984e-05,-0.00015899756981533
1.87925,-0.77986738935913,0.44934845698103,7.0432806004344e-05,-0.00016082035659789
1.8795,-0.77576576894436,0.4559640116759,6.9279911265235e-05,-0.00016262026464087
1.87975,-0.77160271191106,0.46253807921777,6.8101827485381e-05,-0.00016439682355407
1.88,-0.76737852005417,0.46907010486987,6.689890798758e-05,-0.00016614957205354
1.88025,-0.76309349569363,0.47555952894579,6.5671521666346e-05,-0.00016787805840178
1.8805,-0.7587479418099,0.4820057864397,6.44200526254e-05,-0.00016958184084117
1.88075,-0.75434216219273,0.48840830663696,6.3144899797412e-05,-0.00017126048801955
1.881,-0.7498764616049,0.49476651270396,6.1846476546449e-05,-0.00017291357940672
1.88125,-0.7453511459625,0.5010798212557,6.0525210253655e-05,-0.00017454070570094
1.8815,-0.74076652253376,0.50734764190015,5.9181541886678e-05,-0.00017614146922424
1.88175,-0.73612290015871,0.51356937675774,5.7815925553473e-05,-0.00017771548430565
1.882,-0.73142058949179,0.51974441995471,5.6428828041094e-05,-0.00017926237765131
1.88225,-0.72665990327024,0.52587215708889,5.5020728340176e-05,-0.00018078178870059
1.8825,-0.7218411566112,0.53195196466635,5.3592117155821e-05,-0.00018227336996731
1.88275,-0.71696466734055,0.53798320950745,5.214349640564e-05,-0.00018373678736525
1.883,-0.71203075635729,0.54396524812067,5.0675378705772e-05,-0.00018517172051717
1.88325,-0.7070397480374,0.5498974260427,4.9188286845681e-05,-0.00018657786304655
1.8835,-0.70199197068139,0.55577907714332,4.7682753252611e-05,-0.00018795492285148
1.88375,-0.6968877570107,0.56160952289321,4.6159319446593e-05,-0.00018930262236
1.884,-0.69172744471809,0.5673880715936,4.4618535486901e-05,-0.00019062069876632
1.88425,-0.68651137707812,0.57311401756594,4.3060959410913e-05,-0.00019190890424746
1.8845,-0.68123990362446,0.57878664030051,4.1487156666331e-05,-0.00019316700615981
1.88475,-0.67591338090104,0.58440520356252,3.9897699537734e-05,-0.00019439478721522
1.885,-0.67053217329546,0.58996895445501,3.8293166568443e-05,-0.00019559204563634
1.88525,-0.66509665396353,0.59547712243742,3.6674141978722e-05,-0.00019675859529082
1.8855,-0.65960720585477,0.60092891829965,3.5041215081284e-05,-0.00019789426580435
1.88575,-0.65406422285002,0.60632353309147,3.339497969515e-05,-0.00019899890265211
1.886,-0.64846811102309,0.61166013700772,3.1736033558832e-05,-0.00020007236722882
1.88625,-0.64281929003993,0.61693787823055,3.006497774387e-05,-0.0002011145368971
1.8865,-0.63711819471003,0.62215588173035,2.8382416069722e-05,-0.00020212530501443
1.88675,-0.6313652767062,0.62731324802846,2.6688954520974e-05,-0.00020310458093848
1.887,-0.62556100647072,0.63240905192535,2.4985200667876e-05,-0.00020405229001119
1.88725,-0.6197058753272,0.63744234119997,2.3271763091144e-05,-0.00020496837352172
1.8875,-0.61380039781988,0.64241213528701,2.1549250811974e-05,-0.00020585278864842
1.88775,-0.60784511430367,0.64731742394131,1.9818272728199e-05,-0.00020670550838026
1.888,-0.60184059381057,0.6521571659008,1.8079437057475e-05,-0.00020752652141797
1.88825,-0.59578743722033,0.65693028756221,1.6333350788356e-05,-0.00020831583205528
1.8885,-0.58968628076566,0.66163568168726,1.4580619140136e-05,-0.00020907346004074
1.88875,-0.58353779990445,0.66627220616093,1.2821845032217e-05,-0.00020979944042064
1.889,-0.57734271359415,0.67083868282813,1.1057628563811e-05,-0.00021049382336335
1.88925,-0.57110178900593,0.67533389644058,9.2885665047118e-06,-0.00021115667396596
1.8895,-0.56481584671821,0.67975659375216,7.5152517978202e-06,-0.0002117880720435
1.88975,-0.55848576643173,0.68410548280851,5.7382730741185e-06,-0.00021238811190158
1.89,-0.55211249324975,0.68837923248534,3.9582141806828e-06,-0.000212956902093
1.89025,-0.54569704456858,0.69257647234009,2.1756537223312e-06,-0.00021349456515911
1.8905,-0.53924051762399,0.6966957928531,3.9116461746202e-07,-0.00021400123735648
1.89075,-0.53274409773888,0.70073574614801,-1.3946863314615e-06,-0.00021447706836979
1.891,-0.5262090673158,0.70469484729608,-3.1813388522801e-06,-0.00021492222101156
1.89125,-0.51963681561449,0.70857157632675,-4.9682396019938e-06,-0.00021533687090961
1.8915,-0.51302884934909,0.71236438108599,-6.7548425497244e-06,-0.0002157212061828
1.89175,-0.50638680413123,0.71607168110595,-8.5406093434518e-06,-0.00021607542710622
1.892,-0.49971245677282,0.71969187267348,-1.0325009660282e-05,-0.0002163997457662
1.89225,-0.49300773844618,0.72322333531176,-1.2107521539999e-05,-0.0002166943857063
1.8925,-0.48627474867687,0.7266644399174,-1.3887631701707e-05,-0.00021695958156488
1.89275,-0.47951577011586,0.73001355882621,-1.5664835843444e-05,-0.0002171955787051
1.893,-0.47273328400037,0.73326907811193,-1.7438638924662e-05,-0.00021740263283826
1.89325,-0.46592998616664,0.73642941245385,-1.9208555431486e-05,-0.00021758100964106
1.8935,-0.45910880341931,0.73949302293978,-2.0974109624798e-05,-0.00021773098436784
1.89375,-0.45227290999107,0.74245843819809,-2.27348357711e-05,-0.00021785284145834
1.894,-0.44542574374024,0.74532427927393,-2.4490278356277e-05,-0.00021794687414196
1.89425,-0.43857102163056,0.74808928867737,-2.6239992282329e-05,-0.00021801338403904
1.8945,-0.43171275391724,0.75075236402986,-2.7983543047207e-05,-0.00021805268076017
1.89475,-0.42485525632284,0.75331259671548,-2.9720506907951e-05,-0.00021806508150406
1.895,-0.41800315932849,0.75576931589709,-3.1450471027296e-05,-0.0002180509106547
1.89525,-0.41116141352993,0.75812213817865,-3.3173033604011e-05,-0.00021801049937863
1.8955,-0.40433528981841,0.76037102307143,-3.4887803987237e-05,-0.0002179441852228
1.89575,-0.39753037294933,0.76251633424692,-3.6594402775084e-05,-0.00021785231171377
1.896,-0.39075254686615,0.76455890631964,-3.8292461897848e-05,-0.00021773522795888
1.89625,-0.38400796996837,0.76650011658893,-3.9981624686175e-05,-0.0002175932882499
1.8965,-0.37730303836836,0.76834196077233,-4.1661545924525e-05,-0.00021742685166978
1.89675,-0.37064433509712,0.77008713127664,-4.3331891890354e-05,-0.00021723628170308
1.897,-0.36403856322691,0.77173909597699,-4.499234037941e-05,-0.00021702194585051
1.89725,-0.35749246101199,0.77330217481682,-4.6642580717545e-05,-0.00021678421524808
1.8975,-0.35101269745089,0.77478161082088,-4.8282313759541e-05,-0.00021652346429137
1.89775,-0.34460574718644,0.77618363136453,-4.9911251875341e-05,-0.00021624007026536
1.898,-0.338277744419,0.77751549481615,-5.1529118924207e-05,-0.0002159344129801
1.89825,-0.33203431654949,0.77878551703884,-5.3135650217262e-05,-0.0002156068744127
1.8985,-0.32588039959549,0.78000307179322,-5.4730592468893e-05,-0.00021525783835604
1.89875,-0.31982003902553,0.78117855893423,-5.631370373756e-05,-0.00021488769007431
1.899,-0.31385618147805,0.7823233345607,-5.7884753356447e-05,-0.00021449681596587
1.89925,-0.30799046476654,0.7834495980693,-5.9443521854532e-05,-0.00021408560323362
1.8995,-0.30222301547681,0.7845702324816,-6.0989800868552e-05,-0.00021365443956309
1.89975,-0.29655226512633,0.78569859650117,-6.2523393046374e-05,-0.00021320371280847
1.9,-0.29097479704266,0.78684826950377,-6.4044111942322e-05,-0.00021273381068676
1.90025,-0.28548523657258,0.7880327539569,-6.5551781904953e-05,-0.00021224512048029
1.9005,-0.28007619672171,0.78926514340386,-6.7046237957793e-05,-0.00021173802874751
1.90075,-0.27473828966887,0.79055776781429,-6.8527325673582e-05,-0.00021121292104243
1.901,-0.26946021174418,0.79192183141565,-6.9994901042506e-05,-0.00021067018164258
1.90125,-0.26422890547939,0.79336706064286,-7.1448830334936e-05,-0.00021011019328566
1.9015,-0.25902979748757,0.79490138116975,-7.2888989959203e-05,-0.00020953333691488
1.90175,-0.25384710561292,0.79653064279867,-7.4315266314863e-05,-0.00020893999143299
1.902,-0.24866420354393,0.79825840912259,-7.5727555641993e-05,-0.00020833053346509
1.90225,-0.2434640264853,0.8000858253841,-7.7125763866988e-05,-0.00020770533712996
1.9025,-0.23822949808803,0.80201157310941,-7.8509806445331e-05,-0.00020706477382023
1.90275,-0.23294395706624,0.80403191435536,-7.9879608201846e-05,-0.00020640921199089
1.903,-0.22759156200698,0.80614082237992,-8.1235103168862e-05,-0.00020573901695649
1.90325,-0.22215765479324,0.8083301898709,-8.2576234422794e-05,-0.00020505455069659
1.9035,-0.21662906655929,0.81059010113861,-8.3902953919577e-05,-0.00020435617166951
1.90375,-0.21099435473882,0.81290915133376,-8.5215222329396e-05,-0.00020364423463427
1.904,-0.20524396499751,0.81527479403936,-8.6513008871178e-05,-0.00020291909048047
1.90425,-0.19937031708396,0.81767369852397,-8.7796291147276e-05,-0.00020218108606601
1.9045,-0.19336781837108,0.82009209935396,-8.9065054978763e-05,-0.0002014305640625
1.90475,-0.18723281270984,0.82251612361949,-9.0319294241795e-05,-0.00020066786280815
1.905,-0.18096347494424,0.82493208432267,-9.1559010705436e-05,-0.00019989331616792
1.90525,-0.17455966298579,0.82732673208508,-9.2784213871375e-05,-0.00019910725340074
1.9055,-0.16802273978375,0.82968746088088,-9.3994920815968e-05,-0.00019830999903362
1.90575,-0.16135537703778,0.83200246669727,-9.5191156034982e-05,-0.00019750187274234
1.906,-0.15456135131228,0.83426086066867,-9.6372951291488e-05,-0.00019668318923859
1.90625,-0.14764534157656,0.83645274023671,-9.7540345467309e-05,-0.00019585425816315
1.9065,-0.14061273534302,0.83856922323794,-9.8693384418412e-05,-0.00019501538398505
1.90675,-0.13346944869882,0.84060245057286,-9.9832120834701e-05,-0.00019416686590629
1.907,-0.12622176377187,0.84254556335566,-0.0001009566141046,-0.00019330899777185
1.90725,-0.11887618562909,0.84439266029398,-0.00010206693018486,-0.00019244206798486
1.9075,-0.11143931932934,0.84613874061921,-0.00010316314147606,-0.00019156635942643
1.90775,-0.10391776685383,0.84777963728048,-0.00010424532670419,-0.00019068214937994
1.908,-0.096318042905727,0.84931194442025,-0.00010531357080882,-0.00018978970945952
1.90825,-0.088646508076221,0.85073294243196,-0.00010636796483833,-0.0001888893055423
1.9085,-0.080909317581062,0.85204052321101,-0.00010740860585266,-0.00018798119770415
1.90875,-0.073112383637687,0.85323311758112,-0.00010843559683413,-0.00018706564015862
1.909,-0.065261349542814,0.85430962632582,-0.00010944904660689,-0.00018614288119857
1.90925,-0.057361573583888,0.85526935578896,-0.00011044906976547,-0.00018521316314033
1.9095,-0.04941812105287,0.85611195862565,-0.00011143578661323,-0.00018427672226986
1.90975,-0.041435762796494,0.85683737998256,-0.00011240932311108,-0.00018333378879059
1.91,-0.033418978921312,0.85744580915387,-0.00011336981083749,-0.00018238458677254
1.91025,-0.025371966457145,0.85793763658837,-0.0001143173869602,-0.00018142933410223
1.9105,-0.017298649962172,0.85831341600154,-0.00011525219422071,-0.00018046824243309
1.91075,-0.0092026942191778,0.85857383126786,-0.00011617438093219,-0.00017950151713573
1.911,-0.0010875183240493,0.85871966772037,-0.00011708410099196,-0.00017852935724772
1.91125,0.0070436893996743,0.85875178746286,-0.00011798151390934,-0.0001775519554224
1.9115,0.015187956110196,0.85867110829563,-0.00011886678485021,-0.000176569497876
1.91175,0.023342509131991,0.85847858586568,-0.00011974008469931,-0.0001755821643328
1.912,0.031504760883631,0.85817519867007,-0.00012060159014179,-0.0001745901279675
1.91225,0.039672294248057,0.85776193556596,-0.00012145148376535,-0.00017359355534427
1.9125,0.047842848527833,0.85723978546788,-0.0001222899541847,-0.00017259260635184
1.91275,0.056014306082482,0.8566097289424,-0.0001231171961902,-0.0001715874341338
1.913,0.064184679708396,0.85587273143864,-0.00012393341092246,-0.0001705781850135
1.91325,0.072352100793462,0.85502973792204,-0.00012473880607543,-0.00016956499841258
1.9135,0.080514808256176,0.85408166870492,-0.0001255335961303,-0.00016854800676232
1.91375,0.08867113826242,0.85302941629264,-0.00012631800262292,-0.00016752733540677
1.914,0.096819514700809,0.85187384308674,-0.00012709225444803,-0.00016650310249667
1.91425,0.10495844038824,0.85061577980713,-0.00012785658820363,-0.00016547541887302
1.9145,0.11308648897164,0.8492560245141,-0.00012861124857943,-0.00016444438793889
1.91475,0.12120229748772,0.84779534212725,-0.00012935648879375,-0.0001634101055183
1.915,0.1293045595405,0.84623446435324,-0.0001300925710838,-0.00016237265970048
1.91525,0.1373920190555,0.8445740899468,-0.0001308197672549,-0.00016133213066791
1.9155,0.14546346456971,0.84281488524116,-0.00013153835929492,-0.00016028859050623
1.91575,0.15351772401715,0.84095748489327,-0.00013224864006112,-0.000159242102994
1.916,0.16155365997139,0.83900249279819,-0.00013295091404734,-0.00015819272336993
1.91625,0.16957016530822,0.8369504831339,-0.00013364549824085,-0.00015714049807511
1.9165,0.17756615925327,0.83480200150438,-0.00013433272307926,-0.00015608546446728
1.91675,0.18554058378208,0.83255756615411,-0.00013501293351946,-0.00015502765050392
1.917,0.19349240034163,0.83021766923182,-0.00013568649023234,-0.00015396707439062
1.91725,0.20142058686517,0.82778277808509,-0.00013635377093881,-0.00015290374419052
1.9175,0.20932413505381,0.82525333657097,-0.00013701517190536,-0.00015183765739021
1.91775,0.21720204790048,0.82262976637059,-0.00013767110961985,-0.00015076880041701
1.918,0.22505333743426,0.81991246829798,-0.00013832202267161,-0.00014969714810143
1.91825,0.23287702266421,0.8171018235955,-0.00013896837386368,-0.00014862266307829
1.9185,0.24067212770425,0.81419819521002,-0.00013961065258956,-0.0001475452951186
1.91875,0.24843768006187,0.81120192904512,-0.00014024937751218,-0.00014646498038343
1.919,0.256172709075,0.80811335518631,-0.00014088509958917,-0.00014538164058973
1.91925,0.26387624448308,0.80493278909661,-0.00014151840549608,-0.00014429518207628
1.9195,0.27154731511921,0.80166053278118,-0.00014214992150817,-0.00014320549475659
1.91975,0.27918494771172,0.79829687592006,-0.00014278031791274,-0.00014211245094309
1.92,0.2867881657846,0.79484209696882,-0.00014341031403645,-0.00014101590402481
1.92025,0.29435598864713,0.79129646422714,-0.00014404068398885,-0.00013991568697776
1.9205,0.30188743046386,0.787660236876,-0.00014467226324211,-0.00013881161068376
1.92075,0.3093814993973,0.78393366598416,-0.00014530595619124,-0.0001377034620296
1.921,0.31683719681587,0.78011699548498,-0.00014594274486772,-0.00013659100175362
1.92125,0.32425351656083,0.77621046312492,-0.00014658369901614,-0.00013547396200095
1.9215,0.33162944426642,0.77221430138489,-0.00014722998778724,-0.00013435204354226
1.92175,0.33896395672762,0.76812873837596,-0.00014788289335714,-0.00013322491260255
1.922,0.34625602131117,0.76395399871102,-0.00014854382685169,-0.00013209219723712
1.92225,0.35350459540518,0.75969030435391,-0.0001492143470429,-0.00013095348318029
1.9225,0.36070862590371,0.75533787544747,-0.00014989618239584,-0.00012980830907901
1.92275,0.36786704872272,0.75089693112238,-0.00015059125718645,-0.00012865616100698
1.923,0.37497878834417,0.74636769028818,-0.00015130172259341,-0.00012749646613581
1.92325,0.38204275738557,0.74175037240817,-0.0001520299939036,-0.00012632858541655
1.9235,0.38905785619232,0.73704519825968,-0.00015277879527904,-0.00012515180509817
1.92375,0.39602297245058,0.73225239068145,-0.00015355121393807,-0.00012396532687804
1.924,0.40293698081856,0.72737217530936,-0.0001543507661412,-0.00012276825644342
1.92425,0.40979874257447,0.7224047813023,-0.00015518147809017,-0.00012155959012341
1.9245,0.41660710527935,0.7173504420595,-0.00015604798581968,-0.00012033819932823
1.92475,0.42336090245344,0.71220939593073,-0.00015695565948574,-0.00011910281241256
1.925,0.43005895326452,0.70698188692085,-0.00015791075928241,-0.00011785199356921
1.92525,0.43670006222735,0.70166816539012,-0.00015892063277059,-0.00011658411835532
1.9255,0.44328301891294,0.69626848875142,-0.00015999396701104,-0.00011529734550525
1.92575,0.44980659766676,0.69078312216598,-0.00016114111406748,-0.00011398958485017
1.926,0.45626955733514,0.68521233923854,-0.0001623745159721,-0.00011265846154822
1.92625,0.46267064099905,0.67955642271364,-0.000163709266375,-0.00011130127762896
1.9265,0.46900857571473,0.67381566517379,-0.00016516386284248,-0.00010991497344253
1.92675,0.47528207226062,0.66799036974113,-0.00016676122944535,-0.00010849609468705
1.927,0.48148982488999,0.66208085078349,-0.00016853012948128,-0.00010704077664947
1.92725,0.48763051108912,0.65608743462623,-0.00017050715258482,-0.00010554476888429
1.9275,0.49370279134057,0.65001046027078,-0.00017273956630871,-0.00010400354639332
1.92775,0.49970530889122,0.64385028012122,-0.00017528950108725,-0.00010241259931212
1.928,0.50563668952516,0.63760726071996,-0.00017824024920998,-0.00010076808808269
1.92825,0.51149554134101,0.6312817834935,-0.00018170602096587,-9.9068254247282e-05
1.9285,0.51728045453373,0.62487424550964,-0.00018584755632255,-9.7316430079535e-05
1.92875,0.52299000118093,0.61838506024693,-0.00019089805706496,-9.5527552980641e-05
1.929,0.52862273503358,0.61181465837776,-0.00019720814872477,-9.374273935199e-05
1.92925,0.53417719131136,0.60516348856596,-0.00020532775492312,-9.2063577933286e-05
1.9295,0.53965188650258,0.59843201828003,-0.0002161636069814,-9.0738643078712e-05
1.92975,0.54504531816902,0.59162073462332,-0.00023130000702593,-9.0402905185328e-05
1.93,0.55035596475577,0.58473014518187,-0.00025367858157051,-9.2825343680457e-05
1.93025,0.55558228540638,0.57776077889152,-0.0002889246666596,-0.00010362565670203
1.9305,0.56072271978365,0.57071318692486,-0.00034520886127422,-0.00014370260224096
1.93075,0.56577568789631,0.56358794359964,-0.00038915085730953,-0.0002846351177547
1.931,0.5707395899321,0.55638564730951,-0.00019330371197891,-0.00043263222567232
1.93125,0.57561280609761,0.5491069214783,-4.9157283389924e-05,-0.00030992472407118
1.9315,0.58039369646541,0.54175241553908,-4.5503286358544e-05,-0.00021956951972915
1.93175,0.58508060082892,0.53432280593914,-6.0926508300591e-05,-0.00017596316352254
1.932,0.58967183856572,0.52681879717222,-7.4839242756196e-05,-0.00015238795073281
1.93225,0.59416570850988,0.51924112283895,-8.5645048440716e-05,-0.00013792171766122
1.9325,0.59856048883395,0.51159054673728,-9.3979495686231e-05,-0.00012812292010758
1.93275,0.60285443694143,0.50386786398358,-0.0001005252662777,-0.00012096586806452
1.933,0.60704578937049,0.49607390216631,-0.00010578072129235,-0.00011542375138027
1.93325,0.61113276170979,0.48820952253323,-0.00011008968356502,-0.00011092948688022
1.9335,0.61511354852737,0.48027562121369,-0.00011368988366563,-0.00010714757159192
1.93375,0.61898632331349,0.4722731304775,-0.00011674863128362,-0.00010386810320091
1.934,0.6227492384387,0.46420302003169,-0.00011938624122565,-0.00010095355799729
1.93425,0.626400425128,0.45606629835685,-0.00012169113104125,-9.8310270089422e-05
1.9345,0.6299379934526,0.4478640140844,-0.00012372963215318,-9.5872291816058e-05
1.93475,0.63336003234034,0.43959725741656,-0.00012555247646972,-9.3591828793154e-05
1.935,0.63666460960627,0.43126716159056,-0.00012719917140755,-9.143334247529e-05
1.93525,0.63984977200496,0.42287490438888,-0.00012870101109674,-8.9369787198566e-05
1.9355,0.64291354530597,0.41442170969705,-0.00013008319004641,-8.7380136110365e-05
1.93575,0.6458539343942,0.40590884911105,-0.00013136631493378,-8.5447710908715e-05
1.936,0.64866892339715,0.39733764359604,-0.00013256750550658,-8.3559027360778e-05
1.93625,0.65135647584066,0.3887094651982,-0.00013370121032043,-8.1702980274e-05
1.9365,0.65391453483552,0.38002573881189,-0.00013477982161469,-7.9870257008005e-05
1.93675,0.65634102329698,0.37128794400386,-0.0001358141468827,-7.8052908054704e-05
1.937,0.6586338441995,0.36249761689683,-0.00013681377712745,-7.6244027627787e-05
1.93725,0.66079088086936,0.35365635211441,-0.0001377873800779,-7.4437512684363e-05
1.9375,0.66280999731774,0.34476580478952,-0.00013874293871808,-7.2627878843059e-05
1.93775,0.66468903861707,0.3358276926388,-0.00013968795005745,-7.0810118318702e-05
1.938,0.66642583132379,0.326843798105,-0.00014062959532593,-6.8979589503659e-05
1.93825,0.66801818395076,0.31781597057004,-0.00014157489017598,-6.7131930956024e-05
1.9385,0.66946388749275,0.30874612864091,-0.00014253082166936,-6.5262994790238e-05
1.93875,0.67076071600873,0.29963626251112,-0.00014350447758439,-6.3368796122288e-05
1.939,0.67190642726494,0.2904884364002,-0.00014450317274666,-6.1445476511899e-05
1.93925,0.67289876344304,0.28130479107384,-0.00014553457655328,-5.9489280417981e-05
1.9395,0.67373545191762,0.27208754644737,-0.0001466068455569,-5.7496544653894e-05
1.93975,0.67441420610823,0.26283900427545,-0.00014772876484487,-5.5463701788593e-05
1.94,0.6749327264108,0.25356155093053,-0.00014890990195005,-5.3387299473263e-05
1.94025,0.67528870121415,0.24425766027317,-0.00015016077712412,-5.1264038867346e-05
1.9405,0.6754798080073,0.23492989661696,-0.00015149305394821,-4.9090836789468e-05
1.94075,0.67550371458406,0.22558091779103,-0.00015291975439261,-4.6864918042144e-05
1.941,0.67535808035148,0.21621347830313,-0.00015445550248334,-4.4583946695357e-05
1.94125,0.6750405577494,0.20683043260617,-0.00015611680055668,-4.2246208137609e-05
1.9415,0.67454879378875,0.19743473847137,-0.00015792234147968,-3.9850857630707e-05
1.94175,0.67388043171688,0.18802946047089,-0.00015989335886065,-3.7398256197106e-05
1.942,0.67303311281852,0.17861777357294,-0.00016205401466621,-3.4890421228177e-05
1.94225,0.67200447836198,0.16920296685243,-0.0001644318190197,-3.2331627545441e-05
1.9425,0.67079217170046,0.15978844731993,-0.00016705806909244,-2.9729205045757e-05
1.94275,0.66939384053912,0.15037774387177,-0.00016996828112704,-2.7094591604225e-05
1.943,0.66780713937961,0.14097451136423,-0.00017320256912581,-2.4444714229959e-05
1.94325,0.66602973215404,0.13158253481415,-0.00017680589185104,-2.1803786243999e-05
1.9435,0.66405929506159,0.12220573372852,-0.00018082804140155,-1.9205620284012e-05
1.94375,0.66189351962177,0.11284816656549,-0.00018532317526932,-1.6696559644884e-05
1.944,0.65953011595916,0.10351403532848,-0.0001903485922854,-1.4339111399514e-05
1.94425,0.65696681633573,0.094207690295426,-0.00019596231578439,-1.2216302064285e-05
1.9445,0.65420137894762,0.084933634884458,-0.00020221887669117,-1.0436634615976e-05
1.94475,0.6512315920047,0.075696530656898,-0.0002091625066253,-9.1392513986721e-06
1.945,0.64805527811238,0.066501202458378,-0.00021681681934094,-8.498432847189e-06
1.94525,0.64467029897623,0.057352643697753,-0.00022517011489416,-8.7258237784049e-06
1.9455,0.64107456045179,0.048256021763438,-0.00023415593209394,-1.0067776736196e-05
1.94575,0.63726601796295,0.039216683575606,-0.00024362976327647,-1.2794118979646e-05
1.946,0.63324268231425,0.030240161272066,-0.0002533452997881,-1.717404064765e-05
1.94625,0.62900262592384,0.02133217802476,-0.00026293722228002,-2.3435750672119e-05
1.9465,0.62454398950564,0.012498653982405,-0.00027192141623686,-3.1710503660207e-05
1.94675,0.61986498923123,0.0037457123338398,-0.00027972496402939,-4.196941656797e-05
1.947,0.61496392440373,-0.0049203145148333,-0.00028575346194941,-5.3971508502292e-05
1.94725,0.60983918567805,-0.013492878658046,-0.00028948973276215,-6.7247856273069e-05
1.9475,0.6044892638641,-0.021965210313843,-0.00029059947734364,-8.1141641346086e-05
1.94775,0.5989127593518,-0.030330311364659,-0.00028900713382994,-9.4903891550742e-05
1.948,0.59310839219866,-0.038580948830793,-0.00028491123124458,-0.00010781845877023
1.94825,0.58707501292391,-0.046709648293832,-0.00027873324789795,-0.00011931453937086
1.9485,0.58081161405484,-0.054708687290549,-0.00027102236882838,-0.00012903222068342
1.94875,0.57431734247403,-0.06257008870094,-0.00026235242526459,-0.00013683038771282
1.949,0.56759151261892,-0.070285614157696,-0.00025324117208985,-0.00014274992242972
1.94925,0.56063362058737,-0.0778467575088,-0.00024410488197395,-0.00014695588434357
1.9495,0.55344335920618,-0.085244738369188,-0.00023524550166694,-0.0001496797299747
1.94975,0.54602063412186,-0.092470495802918,-0.00022685973383893,-0.00015117361286527
1.95,0.53836558097577,-0.09951468218272,-0.0002190587647085,-0.00015168018410611
