1.7,0.75834213610088,0.57771465889739,-2.7477532988299e-05,1.7812166530316e-05
1.70025,0.76212743991963,0.57248948394422,-2.7422781970169e-05,1.798238018279e-05
1.7005,0.76587866004612,0.56723538190386,-2.7367251380928e-05,1.8153433852382e-05
1.70075,0.7695955597101,0.56195253096909,-2.7310929885851e-05,1.8325329205944e-05
1.701,0.77327790251579,0.55664111088675,-2.7253806014324e-05,1.8498067830314e-05
1.70125,0.77692545244321,0.55130130295959,-2.7195868158956e-05,1.8671651229918e-05
1.7015,0.78053797384937,0.54593329004829,-2.7137104574724e-05,1.8846080824316e-05
1.70175,0.78411523146946,0.54053725657357,-2.7077503378129e-05,1.9021357945718e-05
1.702,0.78765699041779,0.53511338851827,-2.7017052546373e-05,1.9197483836445e-05
1.70225,0.79116301618872,0.52966187342974,-2.6955739916561e-05,1.9374459646349e-05
1.7025,0.79463307465747,0.52418290042217,-2.6893553184927e-05,1.9552286430191e-05
1.70275,0.79806693208076,0.5186766601791,-2.6830479906079e-05,1.9730965144967e-05
1.703,0.80146435509742,0.51314334495602,-2.6766507492275e-05,1.9910496647195e-05
1.70325,0.80482511072879,0.50758314858309,-2.6701623212719e-05,2.0090881690151e-05
1.7035,0.80814896637911,0.50199626646804,-2.6635814192897e-05,2.0272120921065e-05
1.70375,0.8114356898357,0.49638289559906,-2.6569067413923e-05,2.0454214878263e-05
1.704,0.81468504926908,0.49074323454793,-2.6501369711933e-05,2.0637163988271e-05
1.70425,0.81789681323293,0.48507748347325,-2.6432707777503e-05,2.0820968562864e-05
1.7045,0.82107075066397,0.4793858441238,-2.6363068155093e-05,2.1005628796078e-05
1.70475,0.82420663088167,0.47366851984202,-2.629243724254e-05,2.1191144761169e-05
1.705,0.82730422358787,0.46792571556769,-2.6220801290569e-05,2.1377516407524e-05
1.70525,0.83036329886628,0.4621576378417,-2.6148146402357e-05,2.1564743557533e-05
1.7055,0.83338362718178,0.45636449480998,-2.6074458533124e-05,2.1752825903407e-05
1.70575,0.83636497937969,0.45054649622763,-2.5999723489764e-05,2.194176300395e-05
1.706,0.83930712668486,0.44470385346318,-2.5923926930524e-05,2.2131554281294e-05
1.70625,0.8422098407006,0.43883677950301,-2.5847054364715e-05,2.2322199017572e-05
1.7065,0.84507289340753,0.43294548895594,-2.5769091152477e-05,2.2513696351558e-05
1.70675,0.84789605716225,0.42703019805805,-2.5690022504582e-05,2.2706045275256e-05
1.707,0.85067910469591,0.42109112467761,-2.5609833482284e-05,2.289924463044e-05
1.70725,0.8534218091126,0.4151284883202,-2.5528508997221e-05,2.3093293105158e-05
1.7075,0.85612394388764,0.40914251013415,-2.5446033811364e-05,2.3288189230179e-05
1.70775,0.85878528286566,0.40313341291598,-2.5362392537015e-05,2.3483931375404e-05
1.708,0.86140560025866,0.39710142111617,-2.5277569636865e-05,2.3680517746229e-05
1.70825,0.86398467064378,0.39104676084516,-2.5191549424094e-05,2.3877946379866e-05
1.7085,0.86652226896099,0.38496965987948,-2.5104316062543e-05,2.4076215141616e-05
1.70875,0.86901817051067,0.37887034766813,-2.5015853566928e-05,2.4275321721109e-05
1.709,0.87147215095096,0.37274905533928,-2.4926145803124e-05,2.4475263628487e-05
1.70925,0.873883986295,0.36660601570704,-2.4835176488502e-05,2.467603819056e-05
1.7095,0.876253452908,0.36044146327861,-2.4742929192336e-05,2.4877642546914e-05
1.70975,0.87858032750419,0.35425563426165,-2.4649387336267e-05,2.5080073645978e-05
1.71,0.88086438714355,0.34804876657183,-2.4554534194836e-05,2.5283328241053e-05
1.71025,0.88310540922842,0.34182109984078,-2.4458352896084e-05,2.5487402886306e-05
1.7105,0.88530317149995,0.33557287542419,-2.4360826422223e-05,2.5692293932723e-05
1.71075,0.88745745203436,0.32930433641023,-2.4261937610373e-05,2.5897997524025e-05
1.711,0.88956802923906,0.3230157276283,-2.4161669153373e-05,2.6104509592551e-05
1.71125,0.89163468184862,0.316707295658,-2.4060003600669e-05,2.6311825855107e-05
1.7115,0.89365718892047,0.31037928883849,-2.3956923359275e-05,2.6519941808777e-05
1.71175,0.8956353298306,0.3040319572781,-2.3852410694808e-05,2.6728852726713e-05
1.712,0.89756888426889,0.29766555286425,-2.374644773261e-05,2.6938553653881e-05
1.71225,0.89945763223446,0.29128032927378,-2.3639016458941e-05,2.7149039402788e-05
1.7125,0.90130135403069,0.28487654198356,-2.3530098722263e-05,2.7360304549181e-05
1.71275,0.90309983026015,0.27845444828142,-2.34196762346e-05,2.7572343427712e-05
1.713,0.90485284181931,0.27201430727756,-2.3307730572987e-05,2.778515012759e-05
1.71325,0.90656016989309,0.26555637991619,-2.3194243181005e-05,2.7998718488199e-05
1.7135,0.90822159594923,0.25908092898766,-2.3079195370407e-05,2.8213042094706e-05
1.71375,0.90983690173245,0.2525882191409,-2.2962568322826e-05,2.8428114273644e-05
1.714,0.91140586925844,0.24607851689632,-2.2844343091583e-05,2.8643928088475e-05
1.71425,0.91292828080769,0.23955209065913,-2.2724500603585e-05,2.8860476335148e-05
1.7145,0.91440391891906,0.23300921073301,-2.2603021661308e-05,2.9077751537634e-05
1.71475,0.91583256638326,0.22645014933429,-2.2479886944892e-05,2.9295745943457e-05
1.715,0.91721400623602,0.21987518060662,-2.2355077014319e-05,2.9514451519212e-05
1.71525,0.91854802175119,0.21328458063592,-2.222857231169e-05,2.973385994608e-05
1.7155,0.91983439643352,0.20667862746607,-2.2100353163612e-05,2.9953962615339e-05
1.71575,0.92107291401138,0.20005760111485,-2.1970399783669e-05,3.017475062387e-05
1.716,0.92226335842916,0.19342178359052,-2.1838692275007e-05,3.0396214769673e-05
1.71625,0.92340551383953,0.18677145890891,-2.1705210633013e-05,3.0618345547375e-05
1.7165,0.92449916459552,0.18010691311099,-2.1569934748103e-05,3.0841133143754e-05
1.71675,0.92554409524232,0.17342843428098,-2.1432844408608e-05,3.1064567433272e-05
1.717,0.92654009050901,0.16673631256516,-2.1293919303771e-05,3.1288637973613e-05
1.71725,0.92748693529994,0.16003084019105,-2.1153139026839e-05,3.1513334001248e-05
1.7175,0.928384414686,0.15331231148736,-2.1010483078276e-05,3.1738644427005e-05
1.71775,0.92923231389566,0.14658102290449,-2.0865930869065e-05,3.1964557831672e-05
1.718,0.93003041830583,0.13983727303561,-2.0719461724131e-05,3.2191062461622e-05
1.71825,0.93077851343244,0.13308136263848,-2.0571054885862e-05,3.2418146224459e-05
1.7185,0.93147638492091,0.1263135946579,-2.042068951774e-05,3.2645796684705e-05
1.71875,0.93212381853637,0.11953427424882,-2.0268344708078e-05,3.2874001059518e-05
1.719,0.93272060015365,0.11274370880016,-2.0113999473867e-05,3.3102746214444e-05
1.71925,0.93326651574708,0.10594220795941,-1.9957632764725e-05,3.3332018659221e-05
1.7195,0.93376135138015,0.099130083657934,-1.9799223466955e-05,3.3561804543615e-05
1.71975,0.93420489319484,0.092307650137019,-1.9638750407711e-05,3.3792089653318e-05
1.72,0.93459692740084,0.085475223974749,-1.9476192359261e-05,3.4022859405891e-05
1.72025,0.93493724026456,0.078633124113706,-1.9311528043363e-05,3.4254098846762e-05
1.7205,0.93522561809787,0.071781671889463,-1.9144736135744e-05,3.4485792645296e-05
1.72075,0.93546184724669,0.064921191059945,-1.897579527067e-05,3.4717925090911e-05
1.721,0.93564571407941,0.058052007835723,-1.8804684045635e-05,3.4950480089281e-05
1.72125,0.93577700497502,0.051174450911131,-1.8631381026132e-05,3.5183441158596e-05
1.7215,0.93585550631112,0.044288851496412,-1.8455864750532e-05,3.5416791425904e-05
1.72175,0.93588100445167,0.037395543350761,-1.8278113735059e-05,3.5650513623536e-05
1.722,0.93585328573463,0.030494862816359,-1.809810647885e-05,3.5884590085609e-05
1.72225,0.93577213645934,0.023587148853483,-1.7915821469119e-05,3.6119002744618e-05
1.7225,0.9356373428737,0.016672743076605,-1.7731237186401e-05,3.6353733128121e-05
1.72275,0.93544869116124,0.0097519897915712,-1.7544332109884e-05,3.6588762355523e-05
1.723,0.93520596742794,0.0028252360339519,-1.735508472283e-05,3.6824071134949e-05
1.72325,0.93490895768889,-0.0041071683915617,-1.7163473518067e-05,3.7059639760232e-05
1.7235,0.93455744785481,-0.011044870870492,-1.6969477003572e-05,3.7295448108005e-05
1.72375,0.93415122371835,-0.017987515936765,-1.6773073708109e-05,3.7531475634898e-05
1.724,0.93369007094023,-0.024934745229653,-1.6574242186956e-05,3.7767701374859e-05
1.72425,0.93317377503528,-0.031886197449391,-1.6372961027685e-05,3.8004103936585e-05
1.7245,0.93260212135828,-0.038841508311522,-1.6169208856009e-05,3.8240661501086e-05
1.72475,0.93197489508964,-0.045800310499894,-1.5962964341681e-05,3.8477351819365e-05
1.725,0.93129188122098,-0.052762233618199,-1.5754206204453e-05,3.8714152210231e-05
1.72525,0.93055286454056,-0.059726904140173,-1.5542913220076e-05,3.8951039558247e-05
1.7255,0.92975762961857,-0.06669394535822,-1.5329064226343e-05,3.9187990311811e-05
1.72575,0.92890596079237,-0.073662977330584,-1.5112638129167e-05,3.9424980481377e-05
1.726,0.92799764215154,-0.080633616826957,-1.4893613908694e-05,3.966198563782e-05
1.72625,0.92703245752289,-0.087605477272416,-1.4671970625436e-05,3.9898980910941e-05
1.7265,0.9260101904554,-0.094578168689763,-1.4447687426419e-05,4.0135940988126e-05
1.72675,0.924930624205,-0.10155129764016,-1.4220743551353e-05,4.0372840113152e-05
1.727,0.92379354171943,-0.10852446716194,-1.3991118338791e-05,4.0609652085141e-05
1.72725,0.92259872562293,-0.11549727670772,-1.3758791232298e-05,4.0846350257678e-05
1.7275,0.92134595820095,-0.12246932207953,-1.3523741786601e-05,4.1082907538077e-05
1.72775,0.92003502138489,-0.12944019536212,-1.3285949673728e-05,4.1319296386805e-05
1.728,0.91866569673673,-0.13640948485427,-1.3045394689107e-05,4.1555488817072e-05
1.72825,0.9172377654338,-0.14337677499806,-1.280205675765e-05,4.1791456394572e-05
1.7285,0.91575100825349,-0.15034164630603,-1.2555915939771e-05,4.2027170237392e-05
1.72875,0.91420520555811,-0.15730367528625,-1.2306952437373e-05,4.2262601016075e-05
1.729,0.91260013727971,-0.1642624343651,-1.2055146599755e-05,4.2497718953854e-05
1.72925,0.91093558290512,-0.17121749180785,-1.1800478929461e-05,4.2732493827033e-05
1.7295,0.90921132146107,-0.17816841163678,-1.154293008804e-05,4.2966894965544e-05
1.72975,0.90742713149941,-0.18511475354703,-1.128248090172e-05,4.3200891253646e-05
1.73,0.90558279108259,-0.19205607281982,-1.1019112366977e-05,4.3434451130799e-05
1.73025,0.90367807776931,-0.19899192023318,-1.0752805655996e-05,4.3667542592678e-05
1.7305,0.90171276860038,-0.20592184197007,-1.0483542122009e-05,4.3900133192351e-05
1.73075,0.89968664008488,-0.21284537952365,-1.0211303304494e-05,4.4132190041599e-05
1.731,0.89759946818667,-0.21976206959989,-9.9360709342405e-06,4.4363679812391e-05
1.73125,0.89545102831109,-0.22667144401727,-9.6578269382495e-06,4.4594568738498e-05
1.7315,0.89324109529223,-0.23357302960343,-9.3765534444705e-06,4.482482261724e-05
1.73175,0.89096944338048,-0.24046634808884,-9.0922327863585e-06,4.505440681138e-05
1.732,0.88863584623058,-0.2473509159973,-8.8048475072393e-06,4.528328625113e-05
1.73225,0.88624007689021,-0.25422624453321,-8.5143803644737e-06,4.5511425436292e-05
1.7325,0.88378190778907,-0.26109183946546,-8.2208143334032e-06,4.5738788438505e-05
1.73275,0.88126111072865,-0.26794720100791,-7.924132611069e-06,4.5965338903607e-05
1.733,0.87867745687259,-0.27479182369634,-7.6243186196926e-06,4.6191040054085e-05
1.73325,0.87603071673777,-0.28162519626176,-7.3213560098987e-06,4.641585469163e-05
1.7335,0.87332066018623,-0.28844680149987,-7.0152286636777e-06,4.6639745199758e-05
1.73375,0.87054705641786,-0.29525611613678,-6.705920697066e-06,4.6862673546514e-05
1.734,0.86770967396406,-0.30205261069069,-6.3934164625351e-06,4.7084601287223e-05
1.73425,0.86480828068233,-0.30883574932941,-6.0777005510792e-06,4.7305489567301e-05
1.7345,0.86184264375193,-0.31560498972376,-5.7587577939821e-06,4.7525299125089e-05
1.73475,0.85881252967073,-0.32235978289654,-5.436573264258e-06,4.7743990294715e-05
1.735,0.8557177042532,-0.32909957306703,-5.1111322777469e-06,4.796152300896e-05
1.73525,0.85255793262974,-0.33582379749093,-4.7824203938551e-06,4.8177856802116e-05
1.7355,0.84933297924745,-0.34253188629542,-4.4504234159299e-06,4.8392950812815e-05
1.73575,0.8460426078723,-0.34922326230948,-4.1151273912522e-06,4.8606763786823e-05
1.736,0.84268658159306,-0.35589734088908,-3.7765186106357e-06,4.8819254079767e-05
1.73625,0.83926466282679,-0.36255352973713,-3.4345836076251e-06,4.9030379659782e-05
1.7365,0.83577661332623,-0.36919122871824,-3.0893091572727e-06,4.9240098110064e-05
1.73675,0.83222219418919,-0.37580982966779,-2.7406822744924e-06,4.9448366631295e-05
1.737,0.82860116586993,-0.38240871619547,-2.3886902119697e-06,4.9655142043929e-05
1.73725,0.82491328819284,-0.38898726348294,-2.0333204576233e-06,4.9860380790309e-05
1.7375,0.82115832036844,-0.39554483807545,-1.6745607316065e-06,5.0064038936594e-05
1.73775,0.81733602101188,-0.40208079766731,-1.3123989828363e-06,5.0266072174467e-05
1.738,0.81344614816422,-0.40859449088102,-9.4682338504028e-07,5.0466435822602e-05
1.73825,0.8094884593164,-0.41508525703974,-5.7782233231704e-07,5.0665084827857e-05
1.7385,0.80546271143639,-0.42155242593315,-2.0538443419291e-07,5.0861973766169e-05
1.73875,0.8013686609994,-0.42799531757624,1.7050148982397e-07,5.1057056843113e-05
1.739,0.79720606402169,-0.43441324196107,5.4984641620721e-07,5.1250287894105e-05
1.73925,0.79297467609776,-0.44080549880105,9.3266112389753e-07,5.1441620384205e-05
1.7395,0.78867425244161,-0.44717137726778,1.3189562013127e-06,5.1631007407488e-05
1.73975,0.78430454793196,-0.45351015572,1.7087420538938e-06,5.1818401685955e-05
1.74,0.77986531716173,-0.4598211014246,2.1020289121887e-06,5.2003755567941e-05
1.74025,0.77535631449225,-0.46610347026931,2.4988268404745e-06,5.2187021025976e-05
1.7405,0.7707772941122,-0.47235650646707,2.8991457459279e-06,5.2368149654075e-05
1.74075,0.76612801010168,-0.47857944225145,3.3029953883379e-06,5.2547092664401e-05
1.741,0.76140821650184,-0.48477149756335,3.7103853903669e-06,5.2723800883263e-05
1.74125,0.75661766739007,-0.49093187972834,4.1213252483598e-06,5.2898224746413e-05
1.7415,0.75175611696146,-0.49705978312454,4.5358243436931e-06,5.307031429358e-05
1.74175,0.74682331961664,-0.50315438884085,4.95389195467e-06,5.3240019162213e-05
1.742,0.74181903005635,-0.50921486432509,5.3755372689526e-06,5.3407288580367e-05
1.74225,0.73674300338336,-0.51524036302191,5.800769396523e-06,5.3572071358695e-05
1.7425,0.73159499521193,-0.52123002400016,6.229597383175e-06,5.3734315881485e-05
1.74275,0.72637476178532,-0.52718297156939,6.6620302245159e-06,5.3893970096691e-05
1.743,0.72108206010187,-0.53309831488521,7.0980768804795e-06,5.405098150491e-05
1.74325,0.71571664805001,-0.53897514754335,7.5377462903325e-06,5.4205297147232e-05
1.7435,0.71027828455284,-0.54481254716182,7.9810473881586e-06,5.435686359192e-05
1.74375,0.70476672972272,-0.55060957495121,8.4279891188098e-06,5.4505626919854e-05
1.744,0.69918174502645,-0.55636527527262,8.878580454306e-06,5.4651532708667e-05
1.74425,0.6935230934617,-0.56207867518289,9.3328304106567e-06,5.4794526015528e-05
1.7445,0.68779053974522,-0.56774878396701,9.7907480650939e-06,5.4934551358484e-05
1.74475,0.6819838505136,-0.57337459265714,1.025234257368e-05,5.5071552696308e-05
1.745,0.6761027945371,-0.57895507353816,1.071762318927e-05,5.5205473406779e-05
1.74525,0.67014714294749,-0.58448917963928,1.1186599279804e-05,5.5336256263318e-05
1.7455,0.66411666948056,-0.58997584421139,1.165928034688e-05,5.5463843409901e-05
1.74575,0.65801115073406,-0.59541398018996,1.2135676044585e-05,5.558817633419e-05
1.746,0.65183036644199,-0.60080247964305,1.2615796198556e-05,5.5709195838782e-05
1.74625,0.64557409976621,-0.60614021320413,1.3099650825194e-05,5.5826842010506e-05
1.7465,0.63924213760607,-0.61142602948942,1.3587250151026e-05,5.5941054187682e-05
1.74675,0.63283427092741,-0.61665875449946,1.4078604632141e-05,5.6051770925253e-05
1.747,0.62635029511158,-0.62183719100457,1.4573724973649e-05,5.6158929957707e-05
1.74725,0.61979001032589,-0.62696011791389,1.5072622149123e-05,5.626246815969e-05
1.7475,0.6131532219165,-0.63202628962776,1.5575307419934e-05,5.6362321504223e-05
1.74775,0.60643974082497,-0.63703443537309,1.6081792354446e-05,5.6458425018421e-05
1.748,0.59964938402978,-0.64198325852156,1.6592088846969e-05,5.6550712736617e-05
1.74825,0.59278197501417,-0.64687143589027,1.7106209136417e-05,5.663911765079e-05
1.7485,0.58583734426163,-0.65169761702464,1.7624165824577e-05,5.672357165819e-05
1.74875,0.5788153297807,-0.65646042346345,1.8145971893905e-05,5.6804005506048e-05
1.749,0.57171577766039,-0.66115844798565,1.8671640724751e-05,5.6880348733272e-05
1.74925,0.56453854265806,-0.66579025383889,1.9201186111928e-05,5.6952529608997e-05
1.7495,0.55728348882144,-0.67035437394955,1.9734622280491e-05,5.7020475067894e-05
1.74975,0.54995049014652,-0.67484931011424,2.0271963900634e-05,5.7084110642092e-05
1.75,0.54253943127325,-0.6792735321726,2.0813226101577e-05,5.7143360389612e-05
1.75025,0.5350502082211,-0.68362547716139,2.1358424484299e-05,5.7198146819175e-05
1.7505,0.52748272916648,-0.68790354844997,2.1907575132995e-05,5.7248390811252e-05
1.75075,0.51983691526427,-0.69210611485701,2.2460694625092e-05,5.7294011535229e-05
1.751,0.51211270151571,-0.69623150974882,2.3017800039668e-05,5.7334926362552e-05
1.75125,0.50431003768516,-0.70027803011918,2.3578908964113e-05,5.7371050775697e-05
1.7515,0.49642888926813,-0.70424393565114,2.4144039498825e-05,5.7402298272845e-05
1.75175,0.48846923851331,-0.70812744776099,2.4713210259769e-05,5.7428580268095e-05
1.752,0.4804310855014,-0.71192674862481,2.5286440378683e-05,5.7449805987078e-05
1.75225,0.47231444928356,-0.71563998018805,2.5863749500695e-05,5.7465882357817e-05
1.7525,0.46411936908257,-0.71926524315887,2.6445157779133e-05,5.7476713896673e-05
1.75275,0.45584590555996,-0.72280059598566,2.7030685867254e-05,5.7482202589228e-05
1.753,0.44749414215226,-0.72624405381984,2.7620354906634e-05,5.7482247765939e-05
1.75325,0.43906418647999,-0.72959358746476,2.8214186511927e-05,5.7476745972401e-05
1.7535,0.43055617183301,-0.73284712231165,2.8812202751668e-05,5.7465590834057e-05
1.75375,0.42197025873604,-0.73600253726414,2.9414426124806e-05,5.7448672915189e-05
1.754,0.41330663659808,-0.73905766365252,3.0020879532614e-05,5.7425879572029e-05
1.75425,0.40456552545037,-0.74201028413946,3.0631586245571e-05,5.7397094799808e-05
1.7545,0.39574717777652,-0.74485813161892,3.1246569864854e-05,5.7362199073597e-05
1.75475,0.38685188043993,-0.74759888811035,3.1865854277971e-05,5.7321069182761e-05
1.755,0.37787995671271,-0.75023018365034,3.2489463608098e-05,5.727357805887e-05
1.75525,0.3688317684111,-0.7527495951843,3.3117422156623e-05,5.7219594596896e-05
1.7555,0.35970771814256,-0.75515464546092,3.3749754338364e-05,5.7158983469556e-05
1.75575,0.35050825166942,-0.75744280193258,3.4386484608921e-05,5.7091604934637e-05
1.756,0.34123386039481,-0.75961147566506,3.5027637383541e-05,5.7017314635165e-05
1.75625,0.33188508397631,-0.76165802026034,3.5673236946878e-05,5.6935963392277e-05
1.7565,0.32246251307306,-0.76357973079676,3.6323307352959e-05,5.6847396990676e-05
1.75675,0.31296679223246,-0.76537384279098,3.6977872314633e-05,5.6751455956557e-05
1.757,0.30339862292243,-0.76703753118685,3.7636955081733e-05,5.66479753279e-05
1.75725,0.29375876671564,-0.76856790937679,3.8300578307127e-05,5.6536784417052e-05
1.7575,0.28404804863224,-0.76996202826151,3.8968763899772e-05,5.6417706565542e-05
1.75775,0.27426736064766,-0.77121687535483,3.9641532863852e-05,5.6290558891094e-05
1.758,0.26441766537226,-0.77232937394084,4.0318905122996e-05,5.6155152026818e-05
1.75825,0.25449999990995,-0.77329638229099,4.1000899328518e-05,5.6011289852624e-05
1.7585,0.24451547990259,-0.77411469294994,4.1687532650553e-05,5.5858769218906e-05
1.75875,0.23446530376748,-0.7747810320993,4.2378820550903e-05,5.56973796626e-05
1.759,0.22435075713513,-0.77529205900932,4.3074776536305e-05,5.5526903115778e-05
1.75925,0.2141732174945,-0.77564436558947,4.3775411890792e-05,5.5347113606978e-05
1.7595,0.20393415905313,-0.77583447604979,4.4480735385701e-05,5.5157776955542e-05
1.75975,0.19363515781929,-0.7758588466857,4.5190752965829e-05,5.4958650459294e-05
1.76,0.18327789691335,-0.77571386580016,4.5905467410117e-05,5.4749482575989e-05
1.76025,0.17286417211552,-0.77539585377807,4.6624877965182e-05,5.4530012599033e-05
1.7605,0.16239589765671,-0.77490106332891,4.7348979949894e-05,5.4299970328077e-05
1.76075,0.15187511225929,-0.77422567991504,4.8077764329114e-05,5.4059075735215e-05
1.761,0.14130398543401,-0.77336582238412,4.8811217254612e-05,5.3807038627619e-05
1.76125,0.13068482403893,-0.7723175438257,4.9549319571053e-05,5.3543558307602e-05
1.7615,0.1200200791061,-0.77107683267336,5.0292046284872e-05,5.3268323231239e-05
1.76175,0.10931235294039,-0.76963961407528,5.1039365993725e-05,5.2981010666867e-05
1.762,0.098564406495152,-0.76800175155784,5.1791240274111e-05,5.2681286354958e-05
1.76225,0.087779167027606,-0.76615904900837,5.2547623024652e-05,5.2368804171077e-05
1.7625,0.076959736036498,-0.76410725300504,5.3308459762424e-05,5.2043205793885e-05
1.76275,0.066109397483323,-0.76184205552345,5.4073686869611e-05,5.1704120380371e-05
1.763,0.055231626296871,-0.75935909705181,5.4843230787685e-05,5.1351164250828e-05
1.76325,0.044330097159616,-0.75665397014792,5.5617007156229e-05,5.0983940586356e-05
1.7635,0.033408693572805,-0.75372222347374,5.639491989342e-05,5.0602039142046e-05
1.76375,0.022471517194897,-0.75055936634496,5.7176860215159e-05,5.0205035979361e-05
1.764,0.011522897446096,-0.74716087383521,5.796270558976e-05,4.9792493221649e-05
1.76425,0.00056740136934385,-0.74352219247669,5.8752318625101e-05,4.9363958837166e-05
1.7645,-0.010390156264984,-0.73963874660098,5.9545545885142e-05,4.891896645445e-05
1.76475,-0.021344702625885,-0.73550594536595,6.0342216632702e-05,4.8457035215475e-05
1.765,-0.032290896279161,-0.73111919051676,6.1142141495507e-05,4.7977669672502e-05
1.76525,-0.043223116458012,-0.72647388493089,6.1945111052565e-05,4.7480359735221e-05
1.7655,-0.054135452173396,-0.72156544199911,6.2750894338105e-05,4.6964580675416e-05
1.76575,-0.06502169119566,-0.71638929589601,6.3559237260507e-05,4.6429793197083e-05
1.766,-0.075875308943363,-0.71094091279557,6.4369860933914e-05,4.5875443580706e-05
1.76625,-0.086689457321141,-0.70521580308838,6.5182459920561e-05,4.5300963911174e-05
1.7665,-0.097456953554032,-0.69920953465849,6.599670038228e-05,4.4705772399696e-05
1.76675,-0.10817026907208,-0.69291774727898,6.6812218140157e-05,4.4089273810944e-05
1.767,-0.11882151850619,-0.68633616818539,6.7628616641926e-05,4.3450860007594e-05
1.76725,-0.12940244886338,-0.67946062888657,6.8445464837486e-05,4.2789910625404e-05
1.7675,-0.13990442895761,-0.67228708327233,6.9262294963731e-05,4.2105793892982e-05
1.76775,-0.15031843918093,-0.66481162707557,7.0078600241017e-05,4.1397867611383e-05
1.768,-0.16063506170888,-0.65703051874575,7.0893832484717e-05,4.0665480309745e-05
1.76825,-0.17084447124318,-0.64894020178758,7.1707399636756e-05,3.990797259419e-05
1.7685,-0.18093642640547,-0.64053732861558,7.2518663223611e-05,3.9124678708197e-05
1.76875,-0.19090026190583,-0.63181878597109,7.3326935749084e-05,3.8314928323675e-05
1.769,-0.20072488162129,-0.62278172194274,7.4131478032209e-05,3.7478048582816e-05
1.76925,-0.21039875273053,-0.61342357462459,7.4931496503026e-05,3.6613366411644e-05
1.7695,-0.21990990106265,-0.60374210243872,7.5726140471482e-05,3.5720211126859e-05
1.76975,-0.22924590783012,-0.59373541613878,7.6514499387714e-05,3.4797917358059e-05
1.77,-0.23839390792724,-0.58340201250069,7.729560011507e-05,3.3845828307761e-05
1.77025,-0.24734058998797,-0.57274080969314,7.8068404240804e-05,3.2863299371638e-05
1.7705,-0.25607219840815,-0.56175118430634,7.8831805453176e-05,3.1849702141108e-05
1.77075,-0.26457453754837,-0.55043301000033,7.9584627017833e-05,3.0804428809756e-05
1.771,-0.27283297834445,-0.53878669771529,8.0325619390775e-05,2.9726897003868e-05
1.77125,-0.28083246756193,-0.52681323736533,8.1053458009958e-05,2.8616555055732e-05
1.7715,-0.28855753993919,-0.51451424091372,8.1766741312494e-05,2.7472887736026e-05
1.77175,-0.29599233347119,-0.50189198670142,8.2463989029642e-05,2.6295422458571e-05
1.772,-0.30312060809021,-0.48894946487295,8.3143640817015e-05,2.5083735966949e-05
1.77225,-0.30992576800292,-0.47569042371284,8.3804055282814e-05,2.3837461507721e-05
1.7725,-0.31639088794326,-0.46211941667273,8.4443509482211e-05,2.255629648925e-05
1.77275,-0.32249874359706,-0.44824184983456,8.5060198951057e-05,2.1240010618397e-05
1.773,-0.32823184644793,-0.43406402951751,8.5652238356977e-05,1.9888454499293e-05
1.77325,-0.33357248328277,-0.41959320969778,8.6217662850091e-05,1.8501568669297e-05
1.7735,-0.33850276057994,-0.40483763886974,8.6754430199212e-05,1.7079393036709e-05
1.77375,-0.34300465398246,-0.38980660593519,8.726042380195e-05,1.5622076673064e-05
1.774,-0.34706006303231,-0.37451048466602,8.7733456658515e-05,1.4129887899792e-05
1.77425,-0.35065087130995,-0.3589607762428,8.8171276398884e-05,1.2603224594675e-05
1.7745,-0.35375901208405,-0.34317014933129,8.8571571451016e-05,1.1042624628172e-05
1.77475,-0.35636653953136,-0.32715247711891,8.8931978433719e-05,9.4487763232447e-06
1.775,-0.3584557055337,-0.310922870696,8.9250090851176e-05,7.8225288151358e-06
1.77525,-0.36000904199935,-0.2944977081336,8.9523469156761e-05,6.1649021700124e-06
1.7755,-0.3610094485891,-0.27789465858029,8.9749652241308e-05,4.4770971037061e-06
1.77575,-0.36144028565272,-0.26113270067783,8.9926170385169e-05,2.760504124505e-06
1.776,-0.36128547210078,-0.24423213457985,9.0050559693974e-05,1.0167119077452e-06
1.77625,-0.36052958784889,-0.22721458685025,9.0120378014903e-05,-7.5248530479613e-07
1.7765,-0.3591579803788,-0.21010300752105,9.0133222303471e-05,-2.5450814999937e-06
1.77675,-0.35715687486263,-0.19292165860336,9.0086747380348e-05,-4.3588541114691e-06
1.777,-0.35451348719557,-0.17569609337122,8.9978685983908e-05,-6.1913608945375e-06
1.77725,-0.35121613917915,-0.15845312577824,8.9806869987468e-05,-8.0399386923198e-06
1.7775,-0.34725437499404,-0.14122078942222,8.9569252611007e-05,-9.9017043222286e-06
1.77775,-0.34261907799963,-0.12402828554187,8.9263931416589e-05,-1.1773557800603e-05
1.778,-0.33730258680068,-0.10690591961759,8.8889171835563e-05,-1.365218810464e-05
1.77825,-0.33129880943015,-0.089885026249076,8.8443430935237e-05,-1.5534081644759e-05
1.7785,-0.32460333441596,-0.072997882102163,8.7925381094426e-05,-1.7415533586506e-05
1.77875,-0.31721353742975,-0.056277606851039,8.7333933222717e-05,-1.9292662119216e-05
1.779,-0.3091286821606,-0.039758052190029,8.6668259128934e-05,-2.1161425719169e-05
1.77925,-0.30035001401929,-0.023473679151122,8.5927812622008e-05,-2.301764339837e-05
1.7795,-0.29088084526127,-0.0074594241356109,8.5112348913724e-05,-2.4857017867429e-05
1.77975,-0.28072663012135,0.0082494457516257,8.4221941889175e-05,-2.6675161473812e-05
1.78,-0.2698950285829,0.023617487290017,8.3256998818593e-05,-2.8467624706362e-05
1.78025,-0.25839595745987,0.038609244691376,8.2218272104256e-05,-3.0229926986006e-05
1.7805,-0.24624162755294,0.053189420960247,8.1106867689238e-05,-3.1957589392841e-05
1.78075,-0.23344656575223,0.067323055739641,7.9924249800729e-05,-3.3646168914232e-05
1.781,-0.22002762109645,0.080975708147551,7.8672241759107e-05,-3.5291293739621e-05
1.78125,-0.206003953964,0.094113642956504,7.7353022653834e-05,-3.688869907799e-05
1.7815,-0.19139700776079,0.10670401833563,7.5969119767032e-05,-3.84342629358e-05
1.78175,-0.1762304626809,0.11871507326638,7.4523396712878e-05,-3.9924041268902e-05
1.782,-0.16053017134762,0.13011631266189,7.3019037353442e-05,-4.135430191272e-05
1.78225,-0.14432407638674,0.14087868817131,7.1459525645896e-05,-4.2721556702457e-05
1.7825,-0.12764211023954,0.15097477263507,6.9848621669261e-05,-4.4022591219092e-05
1.78275,-0.11051607778296,0.16037892617857,6.8190334167429e-05,-4.5254491637622e-05
1.783,-0.092979522582325,0.16906745198982,6.6488890026046e-05,-4.6414668210107e-05
1.78325,-0.075067577854582,0.17701873992245,6.474870117092e-05,-4.7500874986024e-05
1.7835,-0.056816803458507,0.1842133961969,6.2974329432437e-05,-4.8511225453763e-05
1.78375,-0.038265010448246,0.19063435763921,6.117044996189e-05,-4.9444203877248e-05
1.784,-0.019451074923451,0.19626698909346,5.9341813810523e-05,-5.0298672197085e-05
1.78425,-0.00041474307566217,0.20109916286887,5.7493210289591e-05,-5.1073872463364e-05
1.7845,0.01880357053462,0.20512131932938,5.5629429720114e-05,-5.1769424863498e-05
1.78475,0.038162989337838,0.2083265079976,5.3755227155086e-05,-5.2385321500284e-05
1.785,0.057622383560981,0.21071040882026,5.187528761595e-05,-5.2921916159637e-05
1.78525,0.077140579267561,0.21227133352231,4.9994193331512e-05,-5.3379910381708e-05
1.7855,0.096676565440868,0.21301020725574,4.8116393403318e-05,-5.3760336211343e-05
1.78575,0.11618969697917,0.21293053101984,4.6246176249614e-05,-5.4064536052791e-05
1.786,0.13563989156655,0.21203832558757,4.4387645103437e-05,-5.4294140088305e-05
1.78625,0.15498781851406,0.21034205791104,4.2544696761524e-05,-5.4451041740911e-05
1.7865,0.174195077825,0.20785255119414,4.0721003702747e-05,-5.4537371668299e-05
1.78675,0.19322436792407,0.20458288000778,3.891999961977e-05,-5.4555470768727e-05
1.787,0.21203964069658,0.20054825197979,3.7144868337708e-05,-5.450786266213e-05
1.78725,0.23060624270487,0.19576587771539,3.5398536030613e-05,-5.4397226082078e-05
1.7875,0.24889104168062,0.19025483069445,3.3683666591598e-05,-5.4226367578634e-05
1.78775,0.26686253762761,0.18403589894705,3.2002659966286e-05,-5.3998194890343e-05
1.788,0.28449095810372,0.17713143033192,3.0357653222447e-05,-5.3715691297675e-05
1.78825,0.30174833748047,0.16956517323232,2.8750524101042e-05,-5.3381891221798e-05
1.7885,0.31860858019705,0.16136211444489,2.7182896775258e-05,-5.2999857283548e-05
1.78875,0.3350475082305,0.15254831597104,2.5656149533808e-05,-5.2572658989106e-05
1.789,0.3510428931918,0.14315075233022,2.4171424102004e-05,-5.2103353162651e-05
1.78925,0.36657447362498,0.1331971499054,2.2729636318032e-05,-5.1594966202971e-05
1.7895,0.38162395823327,0.12271582970415,2.133148789134e-05,-5.1050478201558e-05
1.78975,0.39617501587981,0.11173555478106,1.9977478984154e-05,-5.0472808924535e-05
1.79,0.41021325331101,0.10028538341988,1.8667921374788e-05,-4.9864805630171e-05
1.79025,0.42372618162834,0.088394529021612,1.7402951981595e-05,-4.9229232667891e-05
1.7905,0.43670317258943,0.076092227491316,1.618254654833e-05,-4.8568762783445e-05
1.79075,0.44913540585303,0.063407612764516,1.500653331448e-05,-4.7885970038174e-05
1.791,0.46101580829684,0.050369600965478,1.3874606517026e-05,-4.7183324237728e-05
1.79125,0.4723389865326,0.037006783548781,1.278633959275e-05,-4.6463186756816e-05
1.7915,0.48310115372321,0.023347329642452,1.1741197971863e-05,-4.572780764129e-05
1.79175,0.49330005177205,0.0094188976874644,1.0738551374247e-05,-4.4979323866419e-05
1.792,0.50293486990888,-0.0047514436430063,9.777685538642e-06,-4.4219758630457e-05
1.79225,0.51200616064089,-0.019137285362131,8.8578133324438e-06,-4.3451021564875e-05
1.7925,0.52051575397399,-0.033712939131031,7.9780852054232e-06,-4.2674909746635e-05
1.79275,0.52846667074051,-0.048453489544552,7.137598964483e-06,-4.1893109403247e-05
1.793,0.53586303579653,-0.06333483808654,6.3354088586079e-06,-4.1107198207641e-05
1.79325,0.54270999177714,-0.078333739151363,5.5705339735333e-06,-4.0318648066985e-05
1.7935,0.54901361402234,-0.093427828570115,4.8419659443262e-06,-3.952882831697e-05
1.79375,0.55478082721131,-0.10859564511014,4.1486760012973e-06,-3.8739009240814e-05
1.794,0.56001932416963,-0.12381664543755,3.4896213704682e-06,-3.7950365839898e-05
1.79425,0.56473748724373,-0.13907121304526,2.863751054355e-06,-3.7163981790534e-05
1.7945,0.56894431256968,-0.15434066165332,2.2700110222901e-06,-3.6380853528678e-05
1.79475,0.57264933750062,-0.16960723358631,1.7073488419551e-06,-3.5601894411426e-05
1.795,0.57586257139868,-0.18485409362499,1.1747177853954e-06,-3.482793891067e-05
1.79525,0.57859442994331,-0.20006531881615,6.7108044367806e-07,-3.405974680049e-05
1.7955,0.58085567305899,-0.21522588470763,1.9541188462599e-07,-3.3298007305512e-05
1.79575,0.58265734652162,-0.23032164845587,-2.5329761219939e-07,-3.2543343182645e-05
1.796,0.58401072726308,-0.24533932922952,-6.7604020971674e-07,-3.1796314713367e-05
1.79625,0.58492727235977,-0.26026648630917,-1.073788524203e-06,-3.1057423587919e-05
1.7965,0.58541857166042,-0.27509149525655,-1.4474939615059e-06,-3.032711666659e-05
1.79675,0.58549630398307,-0.28980352250007,-1.7980853486912e-06,-2.9605789606635e-05
1.797,0.58517219678981,-0.30439249865696,-2.1264678327931e-06,-2.8893790346286e-05
1.79725,0.5844579892296,-0.31884909088507,-2.433522019961e-06,-2.8191422439929e-05
1.7975,0.58336539842559,-0.33316467453129,-2.7201033300037e-06,-2.7498948240709e-05
1.79775,0.58190608887174,-0.34733130431782,-2.9870415430249e-06,-2.6816591928761e-05
1.798,0.58009164479541,-0.36134168528262,-3.2351405165366e-06,-2.6144542384875e-05
1.79825,0.57793354533666,-0.37518914366724,-3.4651780531014e-06,-2.5482955910751e-05
1.7985,0.57544314239107,-0.38886759792238,-3.6779059001564e-06,-2.4831958798146e-05
1.79875,0.57263164096167,-0.40237152998056,-3.8740498652153e-06,-2.4191649750132e-05
1.799,0.56951008186507,-0.415695956926,-4.0543100311271e-06,-2.3562102158424e-05
1.79925,0.56608932663846,-0.428836403173,-4.2193610574543e-06,-2.294336624131e-05
1.7995,0.56238004449695,-0.44178887324748,-4.3698525553528e-06,-2.2335471047191e-05
1.79975,0.55839270119397,-0.45454982525106,-4.5064095245661e-06,-2.1738426329013e-05
1.8,0.55413754964227,-0.46711614507244,-4.6296328422851e-06,-2.1152224295143e-05
1.80025,0.5496246221578,-0.47948512139867,-4.7400997946949e-06,-2.0576841242347e-05
1.8005,0.5448637241947,-0.49165442156675,-4.8383646430057e-06,-2.0012239076589e-05
1.80075,0.53986442944521,-0.50362206828598,-4.9249592166685e-06,-1.9458366727393e-05
1.801,0.53463607618493,-0.51538641725222,-5.0003935273069e-06,-1.8915161461406e-05
1.80125,0.52918776474974,-0.52694613566693,-5.065156397648e-06,-1.8382550100781e-05
1.8015,0.52352835603769,-0.53830018166677,-5.1197161004301e-06,-1.7860450151779e-05
1.80175,0.51766647093496,-0.54944778466323,-5.1645210028843e-06,-1.7348770848926e-05
1.802,0.51161049057197,-0.56038842658616,-5.2000002129597e-06,-1.6847414119802e-05
1.80225,0.50536855732141,-0.57112182402076,-5.2265642239699e-06,-1.6356275475424e-05
1.8025,0.49894857645641,-0.58164791122328,-5.2446055548005e-06,-1.587524483091e-05
1.80275,0.49235821839277,-0.59196682399722,-5.2544993832316e-06,-1.5404207260972e-05
1.803,0.48560492144483,-0.60207888440976,-5.2566041702985e-06,-1.494304369452e-05
1.80325,0.47869589503002,-0.61198458632491,-5.251262273947e-06,-1.4491631552469e-05
1.8035,0.4716381232624,-0.62168458172879,-5.2388005505322e-06,-1.404984533264e-05
1.80375,0.46443836888009,-0.63117966782093,-5.2195309429728e-06,-1.3617557145397e-05
1.804,0.45710317745658,-0.64047077484409,-5.1937510546048e-06,-1.3194637203514e-05
1.80425,0.44963888184986,-0.64955895462488,-5.1617447079823e-06,-1.2780954269506e-05
1.8045,0.44205160684763,-0.65844536979683,-5.1237824880537e-06,-1.2376376063508e-05
1.80475,0.43434727397091,-0.66713128367707,-5.0801222692991e-06,-1.1980769634584e-05
1.805,0.42653160640131,-0.67561805076853,-5.0310097265529e-06,-1.1594001698169e-05
1.80525,0.41861013400151,-0.68390710785882,-4.9766788293552e-06,-1.1215938942165e-05
1.8055,0.41058819840061,-0.69199996568832,-4.9173523197776e-06,-1.0846448304083e-05
1.80575,0.40247095811978,-0.69989820115957,-4.8532421737625e-06,-1.0485397221421e-05
1.806,0.39426339371572,-0.70760345006124,-4.7845500460868e-06,-1.0132653857356e-05
1.80625,0.38597031292209,-0.71511740028043,-4.711467699128e-06,-9.7880873036781e-06
1.8065,0.37759635577145,-0.72244178547776,-4.6341774156656e-06,-9.4515677627542e-06
1.80675,0.36914599968221,-0.72957837920051,-4.5528523959973e-06,-9.122966710197e-06
1.807,0.36062356449684,-0.73652898941007,-4.467657139682e-06,-8.80215703979e-06
1.80725,0.35203321745975,-0.74329545340052,-4.3787478122622e-06,-8.4890131921157e-06
1.8075,0.34337897812447,-0.74987963308639,-4.2862725973311e-06,-8.1834112682232e-06
1.80775,0.33466472318125,-0.75628341063829,-4.1903720343384e-06,-7.8852291295809e-06
1.808,0.32589419119778,-0.76250868444607,-4.091179342538e-06,-7.5943464854706e-06
1.80825,0.3170709872666,-0.76855736539022,-3.988820731492e-06,-7.3106449688861e-06
1.8085,0.30819858755398,-0.77443137340279,-3.8834156985522e-06,-7.0340082019307e-06
1.80875,0.29928034374613,-0.78013263430027,-3.7750773137444e-06,-6.7643218516301e-06
1.809,0.29031948738928,-0.78566307687171,-3.6639124924797e-06,-6.5014736770029e-06
1.80925,0.28131913412103,-0.79102463020588,-3.5500222565176e-06,-6.2453535681805e-06
1.8095,0.27228228779116,-0.79621922124254,-3.4335019835999e-06,-5.9958535782927e-06
1.80975,0.26321184447056,-0.80124877253337,-3.3144416461719e-06,-5.7528679487917e-06
1.81,0.25411059634762,-0.80611520019887,-3.1929260395984e-06,-5.5162931288325e-06
1.81025,0.24498123551186,-0.81082041206855,-3.069035000276e-06,-5.2860277892756e-06
1.8105,0.23582635762498,-0.81536630599214,-2.942843614033e-06,-5.0619728318395e-06
1.81075,0.22664846548001,-0.81975476831024,-2.8144224152023e-06,-4.8440313938881e-06
1.811,0.21744997244941,-0.82398767247387,-2.6838375767363e-06,-4.6321088492941e-06
1.81125,0.20823320582343,-0.82806687780245,-2.5511510917306e-06,-4.4261128057951e-06
1.8115,0.1990004100401,-0.83199422837068,-2.4164209467051e-06,-4.2259530992145e-06
1.81175,0.18975374980861,-0.8357715520154,-2.279701286985e-06,-4.0315417848975e-06
1.812,0.18049531312805,-0.83940065945373,-2.1410425745118e-06,-3.8427931266824e-06
1.81225,0.17122711420325,-0.84288334350468,-2.0004917384012e-06,-3.6596235836976e-06
1.8125,0.16195109626018,-0.84622137840661,-1.858092318557e-06,-3.481951795256e-06
1.81275,0.15266913426297,-0.84941651922359,-1.7138846026375e-06,-3.3096985640951e-06
1.813,0.14338303753496,-0.85247050133399,-1.5679057566577e-06,-3.1427868381865e-06
1.81325,0.13409455228621,-0.85538503999519,-1.4201899495058e-06,-2.9811416913268e-06
1.8135,0.1248053640498,-0.85816182997851,-1.2707684716343e-06,-2.8246903026976e-06
1.81375,0.11551710002949,-0.86080254526913,-1.1196698481811e-06,-2.6733619355703e-06
1.814,0.10623133136126,-0.86330883882568,-9.6691994676515e-07,-2.5270879153175e-06
1.81425,0.096949575291167,-0.86568234239497,-8.1254208018849e-07,-2.3858016068742e-06
1.8145,0.087673297271987,-0.8679246663773,-6.5655710426923e-07,-2.2494383917841e-06
1.81475,0.078403912981283,-0.87003739973833,-4.9898351102215e-07,-2.1179356449549e-06
1.815,0.069142790263145,-0.87202210996347,-3.39837517389e-07,-1.9912327112307e-06
1.81525,0.059891250996278,-0.87388034305144,-1.7913314971972e-07,-1.8692708818876e-06
1.8155,0.050650572890646,-0.87561362354336,-1.6882324189648e-08,-1.7519933711423e-06
1.81575,0.041421991215116,-0.87722345458449,1.4690507666532e-07,-1.6393452927595e-06
1.816,0.032206700458516,-0.87871131801551,3.1222113112192e-07,-1.5312736368371e-06
1.81625,0.023005855926228,-0.8800786744908,4.7905980898847e-07,-1.4277272468372e-06
1.8165,0.013820575274624,-0.88132696362105,6.4741690571035e-07,-1.3286567969281e-06
1.81675,0.0046519399856219,-0.88245760413793,8.1728997970997e-07,-1.2340147696964e-06
1.817,-0.0044990032167343,-0.88347199407866,9.8867829282045e-07,-1.1437554342813e-06
1.81725,-0.013631241005328,-0.88437151098836,1.1615827536709e-06,-1.0578348249801e-06
1.8175,-0.022743792142857,-0.88515751213845,1.3360058638953e-06,-9.7621072036773e-07
1.81775,-0.031835706226496,-0.88583133475921,1.5119516670379e-06,-8.988426229725e-07
1.818,-0.040906062482362,-0.88639429628499,1.6894257000336e-06,-8.2569173954225e-07
1.81825,-0.049953968608072,-0.88684769461054,1.8684349471504e-06,-7.5672096193521e-07
1.8185,-0.058978559661512,-0.88719280835703,2.0489877962843e-06,-6.9189484866521e-07
1.81875,-0.067978996994027,-0.88743089714663,2.2310939974993e-06,-6.311796071297e-07
1.819,-0.076954467226509,-0.88756320188427,2.4147646237162e-06,-5.7454307654409e-07
1.81925,-0.085904181266542,-0.88759094504565,2.6000120334505e-06,-5.2195471160709e-07
1.8195,-0.094827373365212,-0.88751533097044,2.7868498355105e-06,-4.7338556691674e-07
1.81975,-0.10372330021199,-0.88733754615972,2.9752928555689e-06,-4.2880828215722e-07
1.82,-0.11259124006611,-0.88705875957681,3.1653571045196e-06,-3.8819706807429e-07
1.82025,-0.12143049192326,-0.88668012295084,3.3570597485465e-06,-3.5152769325515e-07
1.8205,-0.13024037471596,-0.88620277108204,3.5504190808208e-06,-3.1877747172916e-07
1.82075,-0.13902022654649,-0.88562782214853,3.7454544947587e-06,-2.8992525140273e-07
1.821,-0.147769403951,-0.8849563780135,3.942186458768e-06,-2.6495140334244e-07
1.82125,-0.15648728119358,-0.88418952453271,4.1406364924128e-06,-2.4383781191926e-07
1.8215,-0.16517324958918,-0.88332833186143,4.3408271439377e-06,-2.2656786582562e-07
1.82175,-0.17382671685413,-0.88237385476062,4.5427819690853e-06,-2.1312644997721e-07
1.822,-0.18244710648326,-0.88132713290176,4.7465255111482e-06,-2.0349993831125e-07
1.82225,-0.19103385715251,-0.88018919117006,4.9520832822001e-06,-1.9767618749156e-07
1.8225,-0.19958642214602,-0.87896103996568,5.1594817454501e-06,-1.9564453153196e-07
1.82275,-0.20810426880676,-0.87764367550257,5.3687482986653e-06,-1.9739577734863e-07
1.823,-0.21658687800969,-0.87623808010484,5.5799112586152e-06,-2.029222012521e-07
1.82325,-0.22503374365666,-0.87474522250017,5.7929998464838e-06,-2.1221754638995e-07
1.8235,-0.23344437219202,-0.87316605811024,6.0080441742055e-06,-2.2527702115127e-07
1.82375,-0.24181828213833,-0.87150152933784,6.2250752316772e-06,-2.420972985441e-07
1.824,-0.25015500365104,-0.86975256585065,6.4441248748007e-06,-2.6267651655731e-07
1.82425,-0.25845407809182,-0.86792008486128,6.6652258143165e-06,-2.870142795192e-07
1.8245,-0.2667150576193,-0.86600499140369,6.8884116053801e-06,-3.1511166046454e-07
1.82475,-0.27493750479691,-0.86400817860574,7.113716637847e-06,-3.4697120452333e-07
1.825,-0.28312099221699,-0.86193052795777,7.3411761272212e-06,-3.8259693334452e-07
1.82525,-0.29126510214036,-0.85977290957721,7.5708261062289e-06,-4.2199435056796e-07
1.8255,-0.29936942615106,-0.85753618246897,7.8027034169813e-06,-4.6517044835979e-07
1.82575,-0.30743356482535,-0.8552211947818,8.0368457036863e-06,-5.1213371502596e-07
1.826,-0.31545712741451,-0.85282878406034,8.2732914058713e-06,-5.6289414371948e-07
1.82625,-0.32343973154093,-0.85035977749299,8.5120797520822e-06,-6.1746324225834e-07
1.8265,-0.33138100290687,-0.84781499215543,8.7532507540225e-06,-6.7585404407132e-07
1.82675,-0.33928057501542,-0.84519523524993,8.9968452010909e-06,-7.3808112028911e-07
1.827,-0.34713808890319,-0.84250130434031,9.2429046552896e-06,-8.0416059300108e-07
1.82725,-0.35495319288414,-0.83973398758262,9.4914714464581e-06,-8.7411014969582e-07
1.8275,-0.36272554230431,-0.83689406395147,9.7425886678035e-06,-9.4794905890762e-07
1.82775,-0.37045479930681,-0.83398230346216,9.9963001716865e-06,-1.0256981870901e-06
1.828,-0.37814063260673,-0.83099946738851,1.0252650565626e-05,-1.107380016739e-06
1.82825,-0.38578271727563,-0.82794630847636,1.0511685208491e-05,-1.1930186657891e-06
1.8285,-0.39338073453514,-0.82482357115303,1.0773450206828e-05,-1.2826399083091e-06
1.82875,-0.40093437155929,-0.82163199173241,1.1037992411306e-05,-1.3762711965198e-06
1.829,-0.40844332128537,-0.818372298616,1.1305359413218e-05,-1.4739416841649e-06
1.82925,-0.41590728223271,-0.81504521248985,1.1575599541016e-05,-1.5756822512583e-06
1.8295,-0.42332595832937,-0.81165144651736,1.1848761856827e-05,-1.6815255302413e-06
1.82975,-0.43069905874623,-0.80819170652814,1.2124896152913e-05,-1.7915059335777e-06
1.83,-0.4380262977381,-0.80466669120279,1.2404052948029e-05,-1.9056596828181e-06
1.83025,-0.44530739449188,-0.80107709225386,1.2686283483634e-05,-2.0240248391673e-06
1.8305,-0.45254207298117,-0.79742359460283,1.2971639719912e-05,-2.1466413355887e-06
1.83075,-0.45973006182723,-0.7937068765534,1.3260174331542e-05,-2.2735510104791e-06
1.831,-0.46687109416602,-0.78992760996081,1.3551940703188e-05,-2.4047976429528e-06
1.83125,-0.47396490752104,-0.78608646039766,1.3846992924627e-05,-2.540426989771e-06
1.8315,-0.48101124368173,-0.78218408731592,1.4145385785493e-05,-2.6804868239556e-06
1.83175,-0.48800984858733,-0.77822114420536,1.4447174769551e-05,-2.8250269751293e-06
1.832,-0.49496047221577,-0.77419827874854,1.4752416048457e-05,-2.97409937162e-06
1.83225,-0.50186286847756,-0.77011613297214,1.5061166474936e-05,-3.1277580843771e-06
1.8325,-0.50871679511442,-0.76597534339501,1.5373483575315e-05,-3.2860593727386e-06
1.83275,-0.51552201360244,-0.76177654117277,1.5689425541334e-05,-3.4490617320982e-06
1.833,-0.52227828905967,-0.75752035223909,1.6009051221177e-05,-3.6168259435178e-06
1.83325,-0.52898539015783,-0.7532073974438,1.6332420109624e-05,-3.7894151253311e-06
1.8335,-0.53564308903805,-0.74883829268768,1.6659592337271e-05,-3.9668947867903e-06
1.83375,-0.54225116123062,-0.74441364905421,1.6990628658709e-05,-4.1493328838049e-06
1.834,-0.54880938557821,-0.7399340729382,1.7325590439585e-05,-4.3367998768212e-06
1.83425,-0.55531754416289,-0.73540016617141,1.7664539642449e-05,-4.5293687908986e-06
1.8345,-0.56177542223641,-0.73081252614517,1.8007538811291e-05,-4.7271152780339e-06
1.83475,-0.56818280815384,-0.72617174593013,1.8354651054649e-05,-4.9301176817858e-06
1.835,-0.57453949331038,-0.72147841439314,1.8705940027201e-05,-5.1384571042587e-06
1.83525,-0.58084527208113,-0.71673311631135,1.9061469909698e-05,-5.3522174754963e-06
1.8355,-0.58709994176379,-0.71193643248355,1.942130538714e-05,-5.5714856253451e-06
1.83575,-0.59330330252423,-0.70708893983876,1.9785511625041e-05,-5.7963513578425e-06
1.836,-0.59945515734461,-0.70219121154236,2.0154154243666e-05,-6.0269075281843e-06
1.83625,-0.60555531197421,-0.69724381709942,2.0527299290081e-05,-6.2632501223343e-06
1.8365,-0.61160357488258,-0.69224732245567,2.0905013207865e-05,-6.5054783393241e-06
1.83675,-0.61759975721519,-0.68720229009589,2.1287362804333e-05,-6.7536946763081e-06
1.837,-0.62354367275132,-0.68210927913992,2.1674415215077e-05,-7.0080050164244e-06
1.83725,-0.62943513786407,-0.6769688454363,2.2066237865664e-05,-7.2685187195171e-06
1.8375,-0.63527397148259,-0.67178154165351,2.2462898430286e-05,-7.5353487157752e-06
1.83775,-0.64105999505621,-0.66654791736902,2.2864464787174e-05,-7.8086116023409e-06
1.838,-0.64679303252057,-0.66126851915605,2.3271004970543e-05,-8.0884277429342e-06
1.83825,-0.65247291026556,-0.65594389066817,2.3682587118854e-05,-8.3749213705464e-06
1.8385,-0.65809945710514,-0.65057457272169,2.4099279419159e-05,-8.668220693246e-06
1.83875,-0.66367250424871,-0.64516110337611,2.4521150047265e-05,-8.9684580031362e-06
1.839,-0.66919188527429,-0.6397040180123,2.4948267103454e-05,-9.2757697885083e-06
1.83925,-0.67465743610316,-0.63420384940888,2.538069854349e-05,-9.5902968492181e-06
1.8395,-0.68006899497603,-0.62866112781651,2.581851210459e-05,-9.9121844153183e-06
1.83975,-0.68542640243075,-0.62307638103024,2.6261775226084e-05,-1.0241582268968e-05
1.84,-0.69072950128129,-0.61745013446009,2.6710554964388e-05,-1.0578644869634e-05
1.84025,-0.69597813659812,-0.61178291119969,2.716491790199e-05,-1.0923531482593e-05
1.8405,-0.7011721556899,-0.60607523209312,2.7624930050035e-05,-1.127640631073e-05
1.84075,-0.70631140808631,-0.60032761580005,2.8090656744161e-05,-1.1637438629632e-05
1.841,-0.71139574552218,-0.59454057885905,2.8562162533153e-05,-1.2006802925947e-05
1.84125,-0.71642502192264,-0.58871463574932,2.9039511059996e-05,-1.2384679038965e-05
1.8415,-0.72139909338943,-0.58285029895068,2.9522764934873e-05,-1.27712523054e-05
1.84175,-0.72631781818821,-0.57694807900196,3.0011985599633e-05,-1.3166713707285e-05
1.842,-0.73118105673692,-0.57100848455784,3.0507233183226e-05,-1.3571260022901e-05
1.84225,-0.73598867159503,-0.56503202244409,3.100856634758e-05,-1.3985093980658e-05
1.8425,-0.74074052745376,-0.55901919771132,3.1516042123374e-05,-1.4408424415789e-05
1.84275,-0.74543649112717,-0.55297051368724,3.2029715735116e-05,-1.4841466429716e-05
1.843,-0.75007643154409,-0.54688647202743,3.2549640414929e-05,-1.5284441551933e-05
1.84325,-0.75466021974081,-0.54076757276476,3.30758672044e-05,-1.573757790418e-05
1.8435,-0.75918772885469,-0.53461431435737,3.3608444743823e-05,-1.6201110366706e-05
1.84375,-0.76365883411831,-0.52842719373524,3.4147419048153e-05,-1.6675280746341e-05
1.844,-0.76807341285451,-0.52220670634554,3.4692833268916e-05,-1.7160337946079e-05
1.84425,-0.772431344472,-0.51595334619656,3.5244727441334e-05,-1.7656538135835e-05
1.8445,-0.7767325104617,-0.50966760590046,3.5803138215853e-05,-1.8164144923973e-05
1.84475,-0.78097679439358,-0.50334997671469,3.636809857326e-05,-1.8683429529193e-05
1.845,-0.7851640819143,-0.49700094858218,3.6939637522512e-05,-1.9214670952259e-05
1.84525,-0.78929426074521,-0.49062101017047,3.7517779780387e-05,-1.9758156147037e-05
1.8455,-0.793367220681,-0.48421064890946,3.8102545432023e-05,-2.0314180190225e-05
1.84575,-0.79738285358892,-0.47777035102816,3.8693949571387e-05,-2.0883046449087e-05
1.846,-0.80134105340838,-0.47130060159031,3.9292001920667e-05,-2.1465066746442e-05
1.84625,-0.80524171615112,-0.46480188452875,3.9896706427562e-05,-2.2060561522061e-05
1.8465,-0.8090847399018,-0.45827468267896,4.0508060839414e-05,-2.2669859989547e-05
1.84675,-0.812870024819,-0.45171947781131,4.1126056253078e-05,-2.3293300287669e-05
1.847,-0.81659747313673,-0.44513675066241,4.1750676639441e-05,-2.3931229625037e-05
1.84725,-0.8202669891662,-0.43852698096541,4.2381898341411e-05,-2.4584004416853e-05
1.8475,-0.8238784792981,-0.43189064747932,4.3019689544249e-05,-2.5251990412403e-05
1.84775,-0.82743185200515,-0.42522822801736,4.3664009717049e-05,-2.5935562811783e-05
1.848,-0.83092701784499,-0.41854019947434,4.4314809024169e-05,-2.6635106370238e-05
1.84825,-0.83436388946352,-0.41182703785312,4.4972027705441e-05,-2.7351015488335e-05
1.8485,-0.83774238159838,-0.4050892182902,4.5635595423927e-05,-2.8083694286021e-05
1.84875,-0.84106241108282,-0.39832721508035,4.6305430580065e-05,-2.8833556658468e-05
1.849,-0.84432389684988,-0.39154150170041,4.6981439591015e-05,-2.9601026311412e-05
1.84925,-0.84752675993675,-0.38473255083225,4.7663516134059e-05,-3.0386536773477e-05
1.8495,-0.85067092348942,-0.37790083438483,4.835154035296e-05,-3.1190531382819e-05
1.84975,-0.85375631276764,-0.37104682351548,4.9045378026216e-05,-3.2013463245148e-05
1.85,-0.85678285514996,-0.36417098865041,4.9744879696221e-05,-3.2855795159995e-05
1.85025,-0.85975048013912,-0.35727379950437,5.0449879758451e-05,-3.3717999511833e-05
1.8505,-0.86265911936757,-0.35035572509954,5.1160195509836e-05,-3.4600558122378e-05
1.85075,-0.86550870660322,-0.34341723378375,5.1875626155698e-05,-3.5503962060179e-05
1.851,-0.86829917775534,-0.33645879324783,5.2595951774683e-05,-3.6428711403267e-05
1.85125,-0.87103047088061,-0.32948087054234,5.332093224137e-05,-3.7375314950365e-05
1.8515,-0.87370252618945,-0.32248393209354,5.4050306106411e-05,-3.8344289875864e-05
1.85175,-0.8763152860523,-0.31546844371868,5.4783789434286e-05,-3.9336161323414e-05
1.852,-0.87886869500623,-0.30843487064059,5.5521074599066e-05,-4.035146193271e-05
1.85225,-0.88136269976158,-0.3013836775016,5.6261829038859e-05,-4.1390731293664e-05
1.8525,-0.88379724920872,-0.29431532837684,5.700569396999e-05,-4.2454515321859e-05
1.85275,-0.88617229442499,-0.28723028678686,5.7752283062366e-05,-4.3543365548815e-05
1.853,-0.88848778868166,-0.28012901570962,5.8501181077939e-05,-4.4657838320285e-05
1.85325,-0.89074368745107,-0.27301197759187,5.9251942474681e-05,-4.5798493895427e-05
1.8535,-0.89293994841377,-0.26587963435996,6.0004089979071e-05,-4.696589543942e-05
1.85375,-0.89507653146584,-0.25873244742996,6.0757113130723e-05,-4.8160607901746e-05
1.854,-0.8971533987262,-0.25157087771733,6.1510466803478e-05,-4.9383196772089e-05
1.85425,-0.89917051454404,-0.24439538564587,6.226356970809e-05,-5.0634226705535e-05
1.8545,-0.90112784550629,-0.23720643115626,6.3015802882438e-05,-5.191426000853e-05
1.85475,-0.90302536044514,-0.23000447371395,6.3766508176188e-05,-5.3223854976878e-05
1.855,-0.90486303044563,-0.22278997231651,6.4514986737779e-05,-5.4563564076928e-05
1.85525,-0.90664082885327,-0.21556338550052,6.5260497512752e-05,-5.5933931961017e-05
1.8555,-0.90835873128168,-0.20832517134788,6.6002255763609e-05,-5.7335493308315e-05
1.85575,-0.91001671562028,-0.20107578749166,6.6739431622655e-05,-5.8768770482232e-05
1.856,-0.911614762042,-0.19381569112138,6.7471148690619e-05,-6.023427099586e-05
1.85625,-0.91315285301105,-0.18654533898788,6.8196482695349e-05,-6.1732484777186e-05
1.8565,-0.91463097329058,-0.17926518740769,6.891446022629e-05,-6.3263881226322e-05
1.85675,-0.91604910995053,-0.17197569226686,6.9624057562166e-05,-6.4828906057652e-05
1.857,-0.91740725237532,-0.16467730902442,7.032419961085e-05,-6.6427977920592e-05
1.85725,-0.91870539227165,-0.15737049271537,7.1013758982154e-05,-6.8061484793656e-05
1.8575,-0.91994352367624,-0.15005569795315,7.1691555216023e-05,-6.9729780147842e-05
1.85775,-0.92112164296357,-0.14273337893175,7.2356354190377e-05,-7.143317887674e-05
1.858,-0.92223974885366,-0.13540398942742,7.3006867734583e-05,-7.3171952992562e-05
1.85825,-0.92329784241973,-0.1280679827998,7.3641753476335e-05,-7.4946327089363e-05
1.8585,-0.92429592709592,-0.12072581199285,7.4259614951325e-05,-7.6756473576969e-05
1.85875,-0.925234008685,-0.11337792953523,7.4859002006718e-05,-7.8602507691894e-05
1.859,-0.92611209536595,-0.1060247875403,7.5438411530866e-05,-8.0484482294493e-05
1.85925,-0.92693019770162,-0.098666837705796,7.5996288542919e-05,-8.2402382464925e-05
1.8595,-0.92768832864632,-0.091304531313034,7.6531027677068e-05,-8.4356119914307e-05
1.85975,-0.92838650355329,-0.083938319225828,7.7040975096811e-05,-8.6345527231412e-05
1.86,-0.92902474018229,-0.076568651888973,7.7524430875025e-05,-8.8370351989832e-05
1.86025,-0.92960305870699,-0.069195979326364,7.7979651875537e-05,-9.043025074519e-05
1.8605,-0.9301214817224,-0.061820751138827,7.840485517133e-05,-9.2524782957153e-05
1.86075,-0.93058003425221,-0.054443416501523,7.8798222033364e-05,-9.4653404876394e-05
1.861,-0.93097874375611,-0.047064424161035,7.9157902522191e-05,-9.6815463442276e-05
1.86125,-0.93131764013703,-0.039684222432147,7.948202071202e-05,-9.9010190242779e-05
1.8615,-0.93159675574832,-0.032303259194261,7.9768680573552e-05,-0.00010123669559421
1.86175,-0.93181612540087,-0.024921981887468,8.0015972537709e-05,-0.00010349396280409
1.862,-0.93197578637019,-0.017540837508374,8.0221980757224e-05,-0.00010578084268641
1.86225,-0.93207577840335,-0.010160272605517,8.038479107696e-05,-0.00010809604840415
1.8625,-0.932116143726,-0.0027807332745644,8.0502499716629e-05,-0.00011043815071906
1.86275,-0.93209692704911,0.0045973348468445,8.0573222661407e-05,-0.00011280557373356
1.863,-0.93201817557583,0.011973486584568,8.0595105746718e-05,-0.00011519659121342
1.86325,-0.93187993900816,0.019347277233645,8.0566335413104e-05,-0.00011760932358324
1.8635,-0.93168226955358,0.026718262564373,8.0485150095977e-05,-0.00012004173568863
1.86375,-0.93142522193159,0.034085998828559,8.0349852202894e-05,-0.00012249163541972
1.864,-0.93110885338017,0.041450042766127,8.0158820618096e-05,-0.00012495667329023
1.86425,-0.93073322366219,0.048809951611981,7.9910523660754e-05,-0.00012743434306342
1.8645,-0.93029839507166,0.05616528310309,7.9603532409423e-05,-0.00012992198351263
1.86475,-0.92980443243995,0.063515595485885,7.9236534291357e-05,-0.0001324167813974
1.865,-0.92925140314193,0.07086044752392,7.8808346821522e-05,-0.00013491577572811
1.86525,-0.92863937710196,0.078199398505724,7.8317931362863e-05,-0.00013741586338143
1.8655,-0.92796842679985,0.085532008252963,7.776440676686e-05,-0.00013991380611606
1.86575,-0.92723862727667,0.092857837128843,7.7147062742236e-05,-0.00014240623902336
1.866,-0.92645005614053,0.10017644604669,7.6465372789885e-05,-0.00014488968042998
1.86625,-0.92560279357219,0.10748739647886,7.5719006534519e-05,-0.00014736054325097
1.8665,-0.92469692233062,0.11479025046582,7.4907841278225e-05,-0.00014981514777027
1.86675,-0.92373252775846,0.12208457062541,7.4031972598515e-05,-0.00015224973580383
1.867,-0.92270969778732,0.12936992016251,7.3091723814137e-05,-0.0001546604861765
1.86725,-0.92162852294308,0.13664586287869,7.2087654145636e-05,-0.00015704353142016
1.8675,-0.92048909635098,0.14391196318226,7.1020565405285e-05,-0.00015939497557632
1.86775,-0.91929151374068,0.15116778609843,6.9891507062064e-05,-0.00016171091296237
1.868,-0.91803587345115,0.15841289727973,6.8701779542162e-05,-0.00016398744773836
1.86825,-0.91672227643553,0.16564686301662,6.7452935644123e-05,-0.00016622071409
1.8685,-0.91535082626579,0.17286925024829,6.6146779969492e-05,-0.0001684068968247
1.86875,-0.91392162913737,0.18007962657366,6.4785366294933e-05,-0.00017054225216197
1.869,-0.91243479387363,0.18727756026262,6.3370992839595e-05,-0.00017262312848688
1.86925,-0.91089043193024,0.19446262026739,6.1906195411195e-05,-0.00017464598682712
1.8695,-0.90928865739942,0.20163437623408,6.0393738445989e-05,-0.00017660742080993
1.86975,-0.90762958701411,0.20879239851455,5.8836603989861e-05,-0.00017850417585597
1.87,-0.90591334015196,0.21593625817822,5.723797870027e-05,-0.00018033316737241
1.87025,-0.9041400388393,0.22306552702433,5.5601238980328e-05,-0.00018209149771792
1.8705,-0.90230980775484,0.23017977759416,5.3929934386537e-05,-0.00018377647172704
1.87075,-0.90042277423345,0.2372785831835,5.2227769479432e-05,-0.00018538561060086
1.871,-0.89847906826963,0.24436151785535,5.0498584311383e-05,-0.00018691666399429
1.87125,-0.89647882252099,0.25142815645268,4.8746333766935e-05,-0.00018836762015722
1.8715,-0.89442217231154,0.25847807461142,4.6975065988094e-05,-0.00018973671401653
1.87175,-0.8923092556349,0.26551084877359,4.5188900129567e-05,-0.00019102243311813
1.872,-0.89014021315736,0.27252605620055,4.3392003696399e-05,-0.00019222352138116
1.87225,-0.88791518822079,0.27952327498654,4.1588569719127e-05,-0.00019333898065072
1.8725,-0.88563432684554,0.28650208407215,3.9782794019261e-05,-0.00019436807006886
1.87275,-0.88329777773304,0.29346206325818,3.797885281066e-05,-0.00019531030331612
1.873,-0.88090569226844,0.30040279321945,3.61808808707e-05,-0.00019616544380668
1.87325,-0.87845822452303,0.30732385551887,3.439295049951e-05,-0.00019693349794833
1.8735,-0.87595553125652,0.31422483262161,3.2619051466083e-05,-0.00019761470660346
1.87375,-0.87339777191928,0.32110530790943,3.0863072117994e-05,-0.00019820953490937
1.874,-0.87078510865437,0.32796486569509,2.9128781806822e-05,-0.00019871866063331
1.87425,-0.86811770629947,0.33480309123699,2.7419814755329e-05,-0.00019914296125191
1.8745,-0.86539573238868,0.34161957075385,2.5739655465371e-05,-0.00019948349995394
1.87475,-0.86261935715419,0.34841389143954,2.4091625738322e-05,-0.00019974151077087
1.875,-0.85978875352782,0.35518564147811,2.247887335293e-05,-0.00019991838304113
1.87525,-0.85690409714243,0.36193441005883,2.0904362419647e-05,-0.00020001564541181
1.8755,-0.85396556633317,0.36865978739146,1.937086540614e-05,-0.00020003494957571
1.87575,-0.85097334213863,0.37536136472153,1.788095680629e-05,-0.00019997805393334
1.876,-0.84792760830187,0.38203873434583,1.6437008404622e-05,-0.00019984680735786
1.87625,-0.84482855127128,0.38869148962801,1.5041186070632e-05,-0.00019964313322783
1.8765,-0.8416763602013,0.39531922501418,1.3695448002256e-05,-0.00019936901387772
1.87675,-0.83847122695305,0.40192153604881,1.2401544325507e-05,-0.00019902647559973
1.877,-0.83521334609478,0.40849801939056,1.1161017947681e-05,-0.00019861757431379
1.87725,-0.83190291490223,0.41504827282829,9.9752065546329e-06,-0.00019814438200527
1.8775,-0.82854013335878,0.42157189529726,8.8452456382684e-06,-0.0001976089740128
1.87775,-0.82512520415558,0.42806848689524,7.772072438247e-06,-0.00019701341723179
1.878,-0.82165833269141,0.43453764889889,6.756430682189e-06,-0.00019635975928316
1.87825,-0.81813972707249,0.4409789837802,5.7988760105544e-06,-0.00019565001868143
1.8785,-0.81456959811214,0.44739209522295,4.8997819760958e-06,-0.00019488617602236
1.87875,-0.81094815933026,0.45377658813935,4.0593465129164e-06,-0.00019407016619718
1.879,-0.80727562695275,0.46013206868677,3.2775987763133e-06,-0.0001932038716288
1.87925,-0.80355221991069,0.46645814428446,2.5544062617397e-06,-0.00019228911651511
1.8795,-0.79977815983946,0.47275442363054,1.8894821189702e-06,-0.00019132766205535
1.87975,-0.79595367107769,0.47902051671888,1.2823925857352e-06,-0.00019032120262795
1.88,-0.79207898066608,0.48525603485621,7.3256447354175e-07,-0.00018927136288152
1.88025,-0.78815431834607,0.49146059067927,2.3929264680395e-07,-0.00018817969569578
1.8805,-0.78417991655833,0.497633798172,-1.9825255513086e-07,-0.00018704768096462
1.88075,-0.78015601044125,0.50377527268286,-5.8101799546116e-07,-0.00018587672515072
1.881,-0.77608283782907,0.50988463094224,-9.1006055143479e-07,-0.00018466816155847
1.88125,-0.77196063925009,0.51596149107989,-1.1865400871463e-06,-0.00018342325127099
1.8815,-0.76778965792455,0.52200547264249,-1.4117126079966e-06,-0.0001821431846956
1.88175,-0.76357013976254,0.52801619661124,-1.5869236110053e-06,-0.00018082908366265
1.882,-0.7593023333616,0.53399328541954,-1.713601639395e-06,-0.0001794820040223
1.88225,-0.75498649000431,0.5399363629708,-1.7932520449388e-06,-0.0001781029386849
1.8825,-0.75062286365567,0.54584505465618,-1.8274509570454e-06,-0.00017669282105163
1.88275,-0.74621171096036,0.55171898737259,-1.8178394538408e-06,-0.00017525252878319
1.883,-0.7417532912398,0.55755778954054,-1.7661179273193e-06,-0.00017378288785604
1.88325,-0.73724786648921,0.56336109112226,-1.6740406320614e-06,-0.0001722846768571
1.8835,-0.73269570137432,0.56912852363973,-1.5434104050525e-06,-0.00017075863146975
1.88375,-0.72809706322813,0.57485972019286,-1.3760735427028e-06,-0.00016920544910554
1.884,-0.72345222204739,0.58055431547768,-1.1739148202525e-06,-0.00016762579363801
1.88425,-0.71876145048901,0.58621194580466,-9.3885263833178e-07,-0.00016602030019673
1.8845,-0.71402502386629,0.59183224911698,-6.7283428145166e-07,-0.00016438957998154
1.88475,-0.70924322014503,0.59741486500893,-3.7783127367095e-07,-0.00016273422505887
1.885,-0.70441631993944,0.60295943474438,-5.583481743786e-08,-0.00016105481310374
1.88525,-0.699544606508,0.60846560127525,2.9114869719518e-07,-0.00015935191205284
1.8855,-0.69462836574908,0.61393300926006,6.6110212443709e-07,-0.00015762608463623
1.88575,-0.68966788619644,0.61936130508253,1.0520019454219e-06,-0.00015587789275657
1.886,-0.68466345901465,0.62475013687022,1.4618226095736e-06,-0.00015410790168716
1.88625,-0.67961537799423,0.63009915451325,1.8885408405122e-06,-0.00015231668406169
1.8865,-0.6745239395468,0.63540800968299,2.3301399102038e-06,-0.00015050482363078
1.88675,-0.66938944269993,0.64067635585093,2.7846138828475e-06,-0.00014867291876226
1.887,-0.66421218909199,0.64590384830744,3.2499718277094e-06,-0.00014682158566454
1.88725,-0.6589924829667,0.65109014418066,3.7242419978917e-06,-0.00014495146131426
1.8875,-0.65373063116769,0.65623490245548,4.2054759698101e-06,-0.00014306320607216
1.88775,-0.64842694313276,0.66133778399241,4.6917527360304e-06,-0.00014115750597309
1.888,-0.64308173088813,0.66639845154665,5.1811827421371e-06,-0.0001392350746789
1.88825,-0.63769530904241,0.67141656978712,5.6719118564525e-06,-0.0001372966550851
1.8885,-0.63226799478055,0.67639180531549,6.1621252597771e-06,-0.00013534302057536
1.88875,-0.62680010785756,0.68132382668534,6.6500512408901e-06,-0.00013337497592002
1.889,-0.62129197059205,0.68621230442131,7.1339648823502e-06,-0.00013139335781795
1.88925,-0.61574390785976,0.69105691103826,7.6121916201937e-06,-0.00012939903508358
1.8895,-0.61015624708675,0.6958573210605,8.0831106604887e-06,-0.00012739290848383
1.88975,-0.60452931824265,0.70061321104104,8.5451582353108e-06,-0.00012537591023223
1.89,-0.59886345383356,0.70532425958086,8.9968306806596e-06,-0.00012334900315037
1.89025,-0.59315898889494,0.70999014734826,9.4366873190442e-06,-0.00012131317950914
1.8905,-0.58741626098429,0.71461055709813,9.8633531299895e-06,-0.00011926945956501
1.89075,-0.58163561017367,0.71918517369139,1.0275521192536e-05,-0.00011721888980854
1.891,-0.57581737904214,0.72371368411434,1.0671954884868e-05,-0.00011516254094487
1.89125,-0.56996191266796,0.72819577749809,1.1051489827567e-05,-0.00011310150562752
1.8915,-0.56406955862068,0.73263114513805,1.1413035558524e-05,-0.00011103689596879
1.89175,-0.55814066695307,0.73701948051332,1.1755576929368e-05,-0.00010896984085151
1.892,-0.55217559019296,0.74136047930625,1.2078175215163e-05,-0.00010690148306803
1.89225,-0.54617468333479,0.74565383942195,1.2379968931304e-05,-0.00010483297631333
1.8925,-0.54013830383115,0.74989926100781,1.2660174353666e-05,-0.00010276548205987
1.89275,-0.53406681158411,0.75409644647306,1.2918085740407e-05,-0.00010070016634204
1.893,-0.52796056893633,0.75824510050835,1.3153075256155e-05,-9.8638196478235e-05
1.89325,-0.52181994066219,0.76234493010537,1.3364592601553e-05,-9.6580737758325e-05
1.8935,-0.51564529395854,0.76639564457645,1.3552164353544e-05,-9.4528950123787e-05
1.89375,-0.50943699843554,0.77039695557417,1.3715393023897e-05,-9.2483984867054e-05
1.894,-0.50319542610713,0.77434857711107,1.3853955845663e-05,-9.0446981375496e-05
1.89425,-0.49692095138145,0.77825022557924,1.3967603299208e-05,-8.8419063944292e-05
1.8945,-0.49061395105116,0.78210161977007,1.4056157391329e-05,-8.6401338680949e-05
1.89475,-0.48427480428347,0.78590248089388,1.4119509702584e-05,-8.4394890522493e-05
1.895,-0.47790389261011,0.78965253259968,1.4157619219476e-05,-8.2400780384677e-05
1.89525,-0.47150159991714,0.79335150099486,1.4170509969337e-05,-8.042004246045e-05
1.8955,-0.46506831243456,0.79699911466491,1.4158268476801e-05,-7.8453681683001e-05
1.89575,-0.45860441872579,0.80059510469321,1.4121041061567e-05,-7.6502671366517e-05
1.896,-0.45211030967702,0.8041392046807,1.4059030997699e-05,-7.4567951035665e-05
1.89625,-0.44558637848635,0.80763115076573,1.3972495555065e-05,-7.2650424452608e-05
1.8965,-0.43903302065279,0.81107068164375,1.3861742943643e-05,-7.0750957848304e-05
1.89675,-0.43245063396518,0.81445753858713,1.3727129181296e-05,-6.8870378362621e-05
1.897,-0.4258396184908,0.81779146546494,1.3569054905368e-05,-6.7009472695864e-05
1.89725,-0.41920037656395,0.82107220876272,1.338796214792e-05,-6.516898597237e-05
1.8975,-0.41253331277434,0.82429951760229,1.3184331093802e-05,-6.3349620814882e-05
1.89775,-0.40583883395529,0.82747314376153,1.2958676839931e-05,-6.1552036626881e-05
1.898,-0.39911734917181,0.83059284169419,1.2711546173215e-05,-5.9776849078331e-05
1.89825,-0.39236926970848,0.83365836854973,1.2443514383492e-05,-5.8024629788944e-05
1.8985,-0.38559500905722,0.83666948419304,1.2155182126714e-05,-5.6295906201818e-05
1.89875,-0.37879498290484,0.83962595122438,1.1847172352374e-05,-5.4591161639118e-05
1.899,-0.3719696091205,0.84252753499906,1.15201273079e-05,-5.2910835530616e-05
1.89925,-0.36511930774295,0.84537400364733,1.1174705631429e-05,-5.125532380501e-05
1.8995,-0.3582445009676,0.84816512809418,1.0811579543039e-05,-4.9624979433401e-05
1.89975,-0.35134561313351,0.85090068207913,1.0431432143193e-05,-4.8020113113763e-05
1.9,-0.34442307071017,0.85358044217607,1.003495482583e-05,-4.6440994084915e-05
1.90025,-0.33747730228402,0.85620418781302,9.6228448122519e-06,-4.4887851058297e-05
1.9005,-0.33050873854499,0.85877170129199,9.1958028107228e-06,-4.3360873255798e-05
1.90075,-0.32351781227277,0.86128276780875,8.7545308054819e-06,-4.1860211541866e-05
1.901,-0.31650495832287,0.86373717547261,8.2997299777622e-06,-4.0385979638337e-05
1.90125,-0.30947061361264,0.86613471532625,7.8320987603261e-06,-3.8938255410606e-05
1.9015,-0.302415217107,0.8684751813655,7.3523310260433e-06,-3.7517082214112e-05
1.90175,-0.29533920980411,0.87075837055909,6.8611144101253e-06,-3.6122470290505e-05
1.902,-0.2882430347208,0.87298408286845,6.3591287647869e-06,-3.4754398203278e-05
1.90225,-0.28112713687783,0.87515212126747,5.847044744356e-06,-3.3412814303195e-05
1.9025,-0.27399196328507,0.87726229176227,5.3255225181907e-06,-3.2097638214383e-05
1.90275,-0.26683796292634,0.8793144034109,4.79521060814e-06,-3.0808762332475e-05
1.903,-0.25966558674433,0.88130826834318,4.2567448468202e-06,-2.9546053326873e-05
1.90325,-0.25247528762509,0.8832437017803,3.7107474524877e-06,-2.8309353639727e-05
1.9035,-0.24526752038248,0.88512052205467,3.1578262159604e-06,-2.7098482974889e-05
1.90375,-0.23804274174251,0.88693855062953,2.5985737947431e-06,-2.5913239770684e-05
1.904,-0.23080141032735,0.88869761211869,2.0335671092545e-06,-2.4753402650967e-05
1.90425,-0.22354398663926,0.89039753430621,1.4633668359159e-06,-2.3618731849485e-05
1.9045,-0.21627093304436,0.89203814816609,8.8851699172938e-07,-2.2508970603207e-05
1.90475,-0.20898271375619,0.89361928788187,3.0954460491427e-07,-2.1423846510751e-05
1.905,-0.20167979481906,0.89514079086634,-2.7304053385084e-07,-2.0363072852636e-05
1.90525,-0.19436264409134,0.89660249778111,-8.5874604499194e-07,-1.9326349870567e-05
1.9055,-0.18703173122842,0.89800425255628,-1.4470970637896e-06,-1.8313366003405e-05
1.90575,-0.1796875276656,0.89934590240997,-2.0376362795633e-06,-1.732379907799e-05
1.906,-0.17233050660078,0.90062729786795,-2.6299239154559e-06,-1.6357317453314e-05
1.90625,-0.16496114297692,0.90184829278318,-3.2235376538098e-06,-1.5413581116996e-05
1.9065,-0.15757991346443,0.90300874435535,-3.8180725119714e-06,-1.4492242733337e-05
1.90675,-0.15018729644317,0.90410851315039,-4.4131406731884e-06,-1.3592948642536e-05
1.907,-0.14278377198457,0.90514746312,-5.0083712770471e-06,-1.2715339810996e-05
1.90725,-0.13536982183325,0.90612546162112,-5.60341017372e-06,-1.1859052732841e-05
1.9075,-0.12794592938866,0.90704237943536,-6.1979196460629e-06,-1.1023720283079e-05
1.90775,-0.1205125796865,0.9078980907885,-6.791578103389e-06,-1.0208972522998e-05
1.908,-0.11307025937988,0.90869247336982,-7.3840797505368e-06,-9.4144374585834e-06
1.90825,-0.10561945672035,0.90942540835157,-7.9751342356265e-06,-8.6397417529294e-06
1.9085,-0.098160661538728,0.91009678040828,-8.5644662796693e-06,-7.8845113937186e-06
1.90875,-0.090694365225741,0.91070647773615,-9.1518152910109e-06,-7.1483723169826e-06
1.909,-0.083221060712473,0.9112543920723,-9.7369349673436e-06,-6.4309509884566e-06
1.90925,-0.075741242450608,0.91174041871412,-1.0319592887849e-05,-5.7318749439038e-06
1.9095,-0.068255406392471,0.91216445653846,-1.0899570097817e-05,-5.0507732898614e-06
1.90975,-0.060764049970929,0.91252640802094,-1.1476660687892e-05,-4.3872771663103e-06
1.91,-0.053267672079005,0.9128261792551,-1.2050671369949e-05,-3.7410201727859e-06
1.91025,-0.045766773049384,0.91306367997155,-1.2621421051357e-05,-3.1116387594961e-06
1.9105,-0.038261854633663,0.91323882355717,-1.3188740409316e-05,-2.4987725849962e-06
1.91075,-0.030753419981395,0.91335152707417,-1.3752471466697e-05,-1.9020648419883e-06
1.911,-0.023241973618989,0.91340171127917,-1.4312467170735e-05,-1.3211625528041e-06
1.91125,-0.015728021428351,0.91338930064224,-1.486859097576e-05,-7.55716836099e-07
1.9115,-0.0082120706253135,0.91331422336591,-1.542071643101e-05,-2.0538314627995e-07
1.91175,-0.00069462973792568,0.91317641140413,-1.5968726774451e-05,3.30178512844e-07
1.912,0.0068237914155295,0.91297580048118,-1.6512514533432e-05,8.5130339874156e-07
1.91225,0.014342681748725,0.91271233011061,-1.7051981132865e-05,1.3583218637494e-06
1.9125,0.021861528929626,0.91238594361403,-1.7587036511541e-05,1.8515592101926e-06
1.91275,0.029379819403134,0.91199658813995,-1.8117598747104e-05,2.3313355657147e-06
1.913,0.036897038413852,0.91154421468256,-1.8643593690086e-05,2.7979657775177e-06
1.91325,0.044412670029125,0.91102877810042,-1.9164954607386e-05,3.2517593242833e-06
1.9135,0.051926197162302,0.91045023713517,-1.9681621835453e-05,3.6930202445825e-06
1.91375,0.059437101596148,0.90980855443015,-2.0193542443382e-05,4.1220470806251e-06
1.914,0.066944864006574,0.90910369654899,-2.0700669906096e-05,4.5391328362703e-06
1.91425,0.074448963986499,0.90833563399416,-2.1202963787701e-05,4.9445649482424e-06
1.9145,0.081948880069987,0.90750434122542,-2.1700389435074e-05,5.3386252695684e-06
1.91475,0.089444089756621,0.90660979667833,-2.2192917681694e-05,5.7215900642889e-06
1.915,0.096934069536042,0.90565198278258,-2.2680524561675e-05,6.0937300125432e-06
1.91525,0.10441829491277,0.90463088598034,-2.3163191033957e-05,6.4553102251842e-06
1.9155,0.11189624043128,0.90354649674453,-2.364090271655e-05,6.8065902671158e-06
1.91575,0.11936737970118,0.90239880959707,-2.4113649630702e-05,7.1478241885919e-06
1.916,0.12683118542281,0.901187823127,-2.4581425954866e-05,7.4792605637652e-06
1.91625,0.13428712941294,0.89991354000864,-2.504422978828e-05,7.8011425358087e-06
1.9165,0.14173468263073,0.89857596701958,-2.5502062923996e-05,8.1137078679755e-06
1.91675,0.14917331520399,0.89717511505868,-2.5954930631144e-05,8.4171890000049e-06
1.917,0.15660249645558,0.89571099916398,-2.6402841446236e-05,8.7118131093134e-06
1.91725,0.16402169493016,0.89418363853059,-2.6845806973281e-05,8.9978021764516e-06
1.9175,0.17143037842115,0.89259305652838,-2.7283841692479e-05,9.275373054341e-06
1.91775,0.17882801399786,0.89093928071977,-2.7716962777276e-05,9.5447375408273e-06
1.918,0.186214068033,0.88922234287735,-2.8145189919518e-05,9.8061024541401e-06
1.91825,0.19358800623033,0.8874422790014,-2.8568545162478e-05,1.0059669710851e-05
1.9185,0.20094929365262,0.88559912933745,-2.8987052741505e-05,1.0305636405972e-05
1.91875,0.20829739474989,0.88369293839362,-2.9400738932046e-05,1.0544194894856e-05
1.919,0.21563177338781,0.881723754958,-2.9809631904799e-05,1.077553287658e-05
1.91925,0.22295189287646,0.87969163211585,-3.0213761587755e-05,1.0999833478521e-05
1.9195,0.23025721599933,0.87759662726683,-3.0613159534874e-05,1.1217275341859e-05
1.91975,0.2375472050425,0.87543880214199,-3.1007858801176e-05,1.142803270777e-05
1.92,0.24482132182421,0.87321822282084,-3.1397893823983e-05,1.1632275504056e-05
1.92025,0.25207902772463,0.87093495974816,-3.1783300310105e-05,1.1830169432036e-05
1.9205,0.2593197837159,0.86858908775091,-3.2164115128721e-05,1.2021876053486e-05
1.92075,0.26654305039243,0.86618068605481,-3.2540376209748e-05,1.2207552877463e-05
1.921,0.27374828800154,0.86370983830106,-3.2912122447459e-05,1.2387353446852e-05
1.92125,0.28093495647428,0.86117663256276,-3.3279393609157e-05,1.2561427424497e-05
1.9215,0.28810251545666,0.85858116136136,-3.3642230248679e-05,1.2729920678784e-05
1.92175,0.29525042434096,0.85592352168293,-3.4000673624539e-05,1.2892975368552e-05
1.922,0.30237814229757,0.85320381499437,-3.4354765622504e-05,1.3050730027242e-05
1.92225,0.3094851283069,0.85042214725942,-3.4704548682421e-05,1.3203319646168e-05
1.9225,0.31657084119171,0.84757862895471,-3.5050065729096e-05,1.3350875756851e-05
1.92275,0.32363473964968,0.84467337508552,-3.5391360107066e-05,1.349352651232e-05
1.923,0.33067628228624,0.84170650520152,-3.5728475519064e-05,1.3631396767326e-05
1.92325,0.33769492764778,0.83867814341236,-3.6061455968037e-05,1.3764608157409e-05
1.9235,0.34469013425508,0.83558841840314,-3.6390345702529e-05,1.389327917676e-05
1.92375,0.35166136063708,0.83243746344975,-3.6715189165294e-05,1.4017525254854e-05
1.924,0.3586080653649,0.82922541643403,-3.7036030944978e-05,1.4137458831791e-05
1.92425,0.36552970708627,0.82595241985887,-3.7352915730727e-05,1.4253189432345e-05
1.9245,0.37242574456009,0.82261862086311,-3.7665888269579e-05,1.4364823738663e-05
1.92475,0.37929563669151,0.8192241712363,-3.7974993326513e-05,1.4472465661622e-05
1.925,0.3861388425671,0.81576922743336,-3.8280275647024e-05,1.4576216410811e-05
1.92525,0.39295482149054,0.81225395058898,-3.8581779922092e-05,1.4676174563136e-05
1.9255,0.39974303301845,0.80867850653204,-3.8879550755442e-05,1.4772436130035e-05
1.92575,0.40650293699666,0.80504306579967,-3.9173632632969e-05,1.4865094623301e-05
1.926,0.4132339935967,0.80134780365127,-3.9464069894224e-05,1.4954241119514e-05
1.92625,0.4199356633527,0.79759290008236,-3.9750906705855e-05,1.5039964323084e-05
1.9265,0.42660740719854,0.7937785398382,-4.003418703691e-05,1.5122350627904e-05
1.92675,0.43324868650538,0.78990491242725,-4.0313954635892e-05,1.520148417763e-05
1.927,0.43985896311947,0.78597221213447,-4.0590253009497e-05,1.527744692459e-05
1.92725,0.44643769940031,0.78198063803448,-4.086312540292e-05,1.5350318687339e-05
1.9275,0.45298435825913,0.77793039400437,-4.1132614781673e-05,1.5420177206861e-05
1.92775,0.45949840319775,0.7738216887365,-4.1398763814815e-05,1.5487098201455e-05
1.928,0.46597929834768,0.76965473575101,-4.1661614859533e-05,1.5551155420296e-05
1.92825,0.47242650850967,0.76542975340809,-4.1921209946986e-05,1.5612420695705e-05
1.9285,0.47883949919348,0.76114696492014,-4.2177590769364e-05,1.5670963994141e-05
1.92875,0.48521773665812,0.75680659836362,-4.2430798668067e-05,1.5726853465931e-05
1.929,0.49156068795227,0.75240888669076,-4.2680874622977e-05,1.5780155493765e-05
1.92925,0.49786782095525,0.74795406774101,-4.2927859242725e-05,1.5830934739973e-05
1.9295,0.50413860441815,0.74344238425219,-4.3171792755934e-05,1.5879254192598e-05
1.92975,0.51037250800536,0.73887408387158,-4.3412715003349e-05,1.59251752103e-05
1.93,0.51656900233654,0.73424941916656,-4.3650665430829e-05,1.5968757566108e-05
1.93025,0.52272755902881,0.72956864763516,-4.3885683083135e-05,1.6010059490034e-05
1.9305,0.52884765073941,0.72483203171632,-4.4117806598477e-05,1.6049137710582e-05
1.93075,0.53492875120855,0.72003983879983,-4.4347074203769e-05,1.6086047495175e-05
1.931,0.54097033530294,0.71519234123611,-4.4573523710559e-05,1.612084268951e-05
1.93125,0.54697187905915,0.71028981634559,-4.479719251158e-05,1.6153575755882e-05
1.9315,0.55293285972793,0.70533254642797,-4.5018117577896e-05,1.6184297810483e-05
1.93175,0.55885275581836,0.700320818771,-4.5236335456603e-05,1.6213058659709e-05
1.932,0.56473104714283,0.69525492565925,-4.5451882269046e-05,1.6239906835498e-05
1.93225,0.57056721486199,0.69013516438229,-4.5664793709533e-05,1.6264889629712e-05
1.9325,0.57636074153024,0.68496183724275,-4.587510504449e-05,1.6288053127593e-05
1.93275,0.58211111114169,0.67973525156406,-4.608285111206e-05,1.6309442240321e-05
1.933,0.58781780917617,0.6744557196977,-4.6288066322089e-05,1.6329100736675e-05
1.93325,0.59348032264597,0.66912355903049,-4.6490784656493e-05,1.6347071273844e-05
1.9335,0.59909814014272,0.66373909199113,-4.6691039669966e-05,1.6363395427388e-05
1.93375,0.60467075188471,0.65830264605673,-4.6888864491021e-05,1.6378113720386e-05
1.934,0.6101976497646,0.65281455375881,-4.7084291823324e-05,1.6391265651783e-05
1.93425,0.61567832739734,0.64727515268902,-4.7277353947318e-05,1.6402889723951e-05
1.9345,0.62111228016874,0.64168478550452,-4.7468082722094e-05,1.6413023469504e-05
1.93475,0.6264990052842,0.63604379993295,-4.7656509587523e-05,1.6421703477363e-05
1.935,0.63183800181786,0.63035254877707,-4.7842665566593e-05,1.6428965418102e-05
1.93525,0.63712877076216,0.624611389919,-4.8026581267964e-05,1.64348440686e-05
1.9355,0.64237081507767,0.61882068632398,-4.820828688871e-05,1.6439373336005e-05
1.93575,0.64756363974355,0.61298080604403,-4.8387812217235e-05,1.6442586281028e-05
1.936,0.65270675180789,0.60709212222078,-4.8565186636353e-05,1.6444515140605e-05
1.93625,0.65779966043906,0.60115501308824,-4.8740439126517e-05,1.6445191349915e-05
1.9365,0.66284187697691,0.59516986197502,-4.8913598269175e-05,1.6444645563791e-05
1.93675,0.66783291498452,0.58913705730604,-4.9084692250256e-05,1.6442907677543e-05
1.937,0.67277229030041,0.58305699260396,-4.9253748863769e-05,1.6440006847185e-05
1.93725,0.67765952109097,0.57693006649011,-4.9420795515492e-05,1.6435971509115e-05
1.9375,0.68249412790349,0.57075668268488,-4.9585859226764e-05,1.6430829399235e-05
1.93775,0.68727563371913,0.56453725000779,-4.9748966638351e-05,1.6424607571547e-05
1.938,0.69200356400666,0.55827218237684,-4.9910144014386e-05,1.6417332416224e-05
1.93825,0.69667744677656,0.55196189880781,-5.0069417246372e-05,1.6409029677181e-05
1.9385,0.70129681263513,0.54560682341273,-5.022681185724e-05,1.6399724469153e-05
1.93875,0.70586119483928,0.53920738539773,-5.0382353005462e-05,1.6389441294305e-05
1.939,0.71037012935162,0.53276401906093,-5.0536065489193e-05,1.6378204058367e-05
1.93925,0.71482315489583,0.52627716378917,-5.0687973750462e-05,1.6366036086329e-05
1.9395,0.7192198130124,0.5197472640547,-5.0838101879379e-05,1.6352960137696e-05
1.93975,0.72355964811486,0.51317476941109,-5.0986473618375e-05,1.6338998421321e-05
1.94,0.72784220754615,0.50656013448865,-5.1133112366455e-05,1.6324172609815e-05
1.94025,0.73206704163551,0.49990381898928,-5.1278041183459e-05,1.6308503853573e-05
1.9405,0.73623370375566,0.49320628768085,-5.1421282794342e-05,1.6292012794396e-05
1.94075,0.7403417503803,0.48646801039083,-5.1562859593449e-05,1.6274719578738e-05
1.941,0.74439074114202,0.47968946199955,-5.1702793648789e-05,1.6256643870594e-05
1.94125,0.74838023889037,0.47287112243258,-5.184110670631e-05,1.6237804864017e-05
1.9415,0.75230980975057,0.46601347665282,-5.1977820194159e-05,1.6218221295297e-05
1.94175,0.75617902318231,0.45911701465185,-5.211295522694e-05,1.6197911454804e-05
1.942,0.75998745203892,0.45218223144048,-5.2246532609947e-05,1.6176893198493e-05
1.94225,0.76373467262693,0.44520962703897,-5.2378572843382e-05,1.6155183959106e-05
1.9425,0.76742026476588,0.43819970646637,-5.2509096126562e-05,1.613280075705e-05
1.94275,0.77104381184846,0.43115297972923,-5.2638122362093e-05,1.6109760210987e-05
1.943,0.77460490090117,0.42406996180995,-5.2765671160019e-05,1.6086078548124e-05
1.94325,0.77810312264474,0.41695117265388,-5.2891761841954e-05,1.6061771614225e-05
1.9435,0.78153807155555,0.40979713715626,-5.3016413445176e-05,1.6036854883342e-05
1.94375,0.78490934592676,0.40260838514818,-5.3139644726691e-05,1.601134346729e-05
1.944,0.7882165479301,0.39538545138192,-5.3261474167271e-05,1.5985252124847e-05
1.94425,0.79145928367785,0.38812887551556,-5.3381919975452e-05,1.5958595270715e-05
1.9445,0.79463716328486,0.38083920209687,-5.3501000091499e-05,1.593138698423e-05
1.94475,0.79774980093128,0.37351698054635,-5.3618732191333e-05,1.5903641017834e-05
1.945,0.8007968149252,0.36616276513974,-5.3735133690426e-05,1.5875370805317e-05
1.94525,0.80377782776571,0.35877711498957,-5.3850221747651e-05,1.5846589469838e-05
1.9455,0.80669246620614,0.35136059402594,-5.3964013269096e-05,1.581730983172e-05
1.94575,0.80954036131758,0.34391377097669,-5.4076524911836e-05,1.5787544416041e-05
1.946,0.81232114855269,0.33643721934657,-5.4187773087668e-05,1.5757305460017e-05
1.94625,0.81503446780962,0.32893151739572,-5.4297773966799e-05,1.572660492018e-05
1.9465,0.81767996349624,0.3213972481173,-5.4406543481496e-05,1.5695454479371e-05
1.94675,0.82025728459461,0.31383499921429,-5.4514097329691e-05,1.5663865553536e-05
1.947,0.8227660847255,0.30624536307542,-5.4620450978546e-05,1.5631849298348e-05
1.94725,0.8252060222133,0.29862893675033,-5.4725619667974e-05,1.5599416615637e-05
1.9475,0.82757676015101,0.29098632192377,-5.4829618414109e-05,1.5566578159665e-05
1.94775,0.82987796646538,0.28331812488898,-5.4932462012749e-05,1.5533344343216e-05
1.948,0.83210931398232,0.27562495652018,-5.5034165042736e-05,1.5499725343537e-05
1.94825,0.83427048049237,0.26790743224418,-5.5134741869306e-05,1.5465731108109e-05
1.9485,0.83636114881638,0.26016617201104,-5.5234206647388e-05,1.5431371360272e-05
1.94875,0.8383810068713,0.25240180026381,-5.5332573324861e-05,1.5396655604695e-05
1.949,0.84032974773611,0.24461494590742,-5.542985564577e-05,1.5361593132706e-05
1.94925,0.84220706971781,0.23680624227655,-5.5526067153489e-05,1.5326193027475e-05
1.9495,0.84401267641763,0.22897632710258,-5.5621221193853e-05,1.5290464169064e-05
1.94975,0.8457462767972,0.22112584247962,-5.5715330918235e-05,1.5254415239341e-05
1.95,0.84740758524489,0.21325543482942,-5.5808409286585e-05,1.5218054726766e-05
