1.7,0.68122132832885,0.68772712777751,-2.7412224513302e-07,2.3373075975973e-07
1.70025,0.68548060667211,0.68342510978509,-2.7336373174971e-07,2.3517657584484e-07
1.7005,0.689713659591,0.67909538699711,-2.7259705117709e-07,2.3662751746886e-07
1.70075,0.69392029723821,0.67473811635404,-2.7182212274388e-07,2.3808360660049e-07
1.701,0.69810033075402,0.67035345607148,-2.7103886485801e-07,2.3954486528531e-07
1.70125,0.70225357227367,0.66594156563267,-2.7024719499421e-07,2.4101131564546e-07
1.7015,0.70637983493468,0.66150260578107,-2.6944702968133e-07,2.4248297987922e-07
1.70175,0.71047893288405,0.65703673851288,-2.6863828448961e-07,2.4395988026058e-07
1.702,0.71455068128548,0.65254412706956,-2.6782087401761e-07,2.4544203913884e-07
1.70225,0.71859489632635,0.64802493593028,-2.66994711879e-07,2.4692947893812e-07
1.7025,0.72261139522481,0.64347933080441,-2.6615971068911e-07,2.4842222215692e-07
1.70275,0.7265999962367,0.63890747862393,-2.6531578205128e-07,2.499202913676e-07
1.703,0.73056051866236,0.6343095475359,-2.64462836543e-07,2.5142370921588e-07
1.70325,0.73449278285347,0.62968570689483,-2.6360078370177e-07,2.5293249842029e-07
1.7035,0.73839661021973,0.62503612725506,-2.6272953201077e-07,2.5444668177161e-07
1.70375,0.74227182323551,0.6203609803632,-2.6184898888436e-07,2.5596628213231e-07
1.704,0.74611824544644,0.61566043915039,-2.6095906065319e-07,2.5749132243592e-07
1.70425,0.74993570147587,0.61093467772471,-2.600596525492e-07,2.5902182568643e-07
1.7045,0.75372401703132,0.6061838713635,-2.5915066869031e-07,2.6055781495759e-07
1.70475,0.75748301891082,0.60140819650565,-2.5823201206491e-07,2.6209931339229e-07
1.705,0.76121253500921,0.59660783074396,-2.5730358451599e-07,2.6364634420183e-07
1.70525,0.76491239432435,0.59178295281735,-2.5636528672514e-07,2.6519893066519e-07
1.7055,0.76858242696325,0.58693374260321,-2.5541701819618e-07,2.6675709612827e-07
1.70575,0.77222246414816,0.58206038110966,-2.5445867723857e-07,2.6832086400315e-07
1.706,0.77583233822258,0.57716305046779,-2.5349016095052e-07,2.6989025776723e-07
1.70625,0.77941188265715,0.57224193392392,-2.5251136520183e-07,2.7146530096243e-07
1.7065,0.78296093205561,0.5672972158319,-2.5152218461643e-07,2.7304601719431e-07
1.70675,0.78647932216051,0.56232908164525,-2.5052251255464e-07,2.7463243013118e-07
1.707,0.78996688985898,0.5573377179095,-2.4951224109511e-07,2.7622456350319e-07
1.70725,0.79342347318844,0.55232331225435,-2.4849126101646e-07,2.7782244110136e-07
1.7075,0.79684891134213,0.54728605338591,-2.4745946177862e-07,2.7942608677659e-07
1.70775,0.80024304467466,0.54222613107894,-2.4641673150385e-07,2.8103552443866e-07
1.708,0.80360571470754,0.53714373616903,-2.4536295695741e-07,2.8265077805519e-07
1.70825,0.80693676413452,0.53203906054486,-2.4429802352792e-07,2.8427187165053e-07
1.7085,0.81023603682694,0.52691229714036,-2.4322181520738e-07,2.8589882930465e-07
1.70875,0.81350337783904,0.52176363992696,-2.4213421457084e-07,2.8753167515202e-07
1.709,0.81673863341313,0.51659328390577,-2.410351027557e-07,2.8917043338037e-07
1.70925,0.81994165098479,0.51140142509979,-2.399243594407e-07,2.9081512822955e-07
1.7095,0.8231122791879,0.50618826054615,-2.3880186282448e-07,2.9246578399016e-07
1.70975,0.82625036785971,0.50095398828829,-2.3766748960383e-07,2.9412242500237e-07
1.71,0.82935576804579,0.49569880736814,-2.3652111495148e-07,2.9578507565449e-07
1.71025,0.83242833200493,0.49042291781841,-2.3536261249356e-07,2.9745376038168e-07
1.7105,0.83546791321397,0.48512652065473,-2.3419185428666e-07,2.9912850366446e-07
1.71075,0.83847436637262,0.47980981786789,-2.3300871079444e-07,3.0080933002729e-07
1.711,0.84144754740815,0.47447301241608,-2.3181305086388e-07,3.0249626403711e-07
1.71125,0.84438731348005,0.46911630821709,-2.3060474170104e-07,3.0418933030173e-07
1.7115,0.84729352298467,0.46373991014054,-2.2938364884644e-07,3.0588855346829e-07
1.71175,0.85016603555972,0.45834402400012,-2.2814963614998e-07,3.0759395822163e-07
1.712,0.85300471208882,0.45292885654581,-2.2690256574541e-07,3.0930556928264e-07
1.71225,0.85580941470586,0.44749461545618,-2.2564229802431e-07,3.1102341140648e-07
1.7125,0.85858000679945,0.44204150933055,-2.2436869160968e-07,3.1274750938087e-07
1.71275,0.86131635301718,0.43656974768131,-2.2308160332892e-07,3.1447788802428e-07
1.713,0.86401831926993,0.43107954092619,-2.2178088818643e-07,3.1621457218401e-07
1.71325,0.86668577273605,0.42557110038047,-2.2046639933566e-07,3.1795758673436e-07
1.7135,0.86931858186552,0.42004463824934,-2.1913798805065e-07,3.1970695657459e-07
1.71375,0.87191661638408,0.41450036762011,-2.1779550369704e-07,3.2146270662697e-07
1.714,0.87447974729724,0.40893850245457,-2.1643879370254e-07,3.2322486183467e-07
1.71425,0.8770078468943,0.40335925758124,-2.1506770352691e-07,3.2499344715965e-07
1.7145,0.8795007887523,0.39776284868775,-2.1368207663124e-07,3.2676848758048e-07
1.71475,0.88195844773987,0.39214949231311,-2.1228175444684e-07,3.2855000809012e-07
1.715,0.88438070002113,0.38651940584004,-2.1086657634337e-07,3.3033803369363e-07
1.71525,0.88676742305944,0.38087280748738,-2.0943637959652e-07,3.3213258940579e-07
1.7155,0.88911849562115,0.37520991630237,-2.0799099935495e-07,3.3393370024873e-07
1.71575,0.89143379777928,0.3695309521531,-2.0653026860668e-07,3.3574139124943e-07
1.716,0.89371321091718,0.36383613572079,-2.0505401814483e-07,3.3755568743722e-07
1.71625,0.89595661773212,0.35812568849227,-2.0356207653269e-07,3.3937661384114e-07
1.7165,0.89816390223883,0.35239983275236,-2.0205427006812e-07,3.4120419548732e-07
1.71675,0.90033494977297,0.34665879157623,-2.0053042274725e-07,3.4303845739624e-07
1.717,0.90246964699463,0.34090278882194,-1.9899035622753e-07,3.4487942457995e-07
1.71725,0.90456788189169,0.33513204912275,-1.9743388979e-07,3.4672712203919e-07
1.7175,0.90662954378321,0.32934679787971,-1.9586084030088e-07,3.4858157476046e-07
1.71775,0.9086545233227,0.32354726125402,-1.9427102217235e-07,3.5044280771304e-07
1.718,0.91064271250143,0.31773366615956,-1.9266424732263e-07,3.5231084584589e-07
1.71825,0.91259400465163,0.31190624025542,-1.910403251352e-07,3.5418571408454e-07
1.7185,0.91450829444965,0.30606521193834,-1.8939906241729e-07,3.5606743732784e-07
1.71875,0.91638547791914,0.3002108103353,-1.8774026335745e-07,3.5795604044464e-07
1.719,0.91822545243408,0.29434326529602,-1.8606372948241e-07,3.5985154827048e-07
1.71925,0.92002811672189,0.28846280738553,-1.843692596129e-07,3.6175398560407e-07
1.7195,0.92179337086639,0.28256966787677,-1.8265664981879e-07,3.6366337720381e-07
1.71975,0.92352111631078,0.27666407874313,-1.809256933731e-07,3.6557974778411e-07
1.72,0.92521125586057,0.27074627265108,-1.791761807053e-07,3.6750312201174e-07
1.72025,0.92686369368644,0.2648164829528,-1.7740789935349e-07,3.6943352450202e-07
1.7205,0.92847833532711,0.25887494367879,-1.7562063391571e-07,3.7137097981496e-07
1.72075,0.93005508769212,0.25292188953053,-1.7381416600016e-07,3.7331551245127e-07
1.721,0.93159385906459,0.24695755587316,-1.7198827417453e-07,3.7526714684834e-07
1.72125,0.93309455910398,0.24098217872814,-1.7014273391413e-07,3.7722590737609e-07
1.7215,0.9345570988487,0.234995994766,-1.6827731754906e-07,3.7919181833272e-07
1.72175,0.93598139071886,0.22899924129901,-1.6639179421024e-07,3.8116490394038e-07
1.722,0.93736734851877,0.22299215627391,-1.6448592977429e-07,3.8314518834077e-07
1.72225,0.93871488743962,0.21697497826474,-1.6255948680729e-07,3.8513269559057e-07
1.7225,0.9400239240619,0.21094794646552,-1.6061222450734e-07,3.8712744965685e-07
1.72275,0.941294376358,0.20491130068308,-1.5864389864589e-07,3.8912947441235e-07
1.723,0.94252616369463,0.19886528132988,-1.5665426150789e-07,3.9113879363062e-07
1.72325,0.94371920683524,0.19281012941681,-1.5464306183052e-07,3.9315543098108e-07
1.7235,0.94487342794241,0.18674608654602,-1.5261004474078e-07,3.9517941002403e-07
1.72375,0.94598875058025,0.18067339490384,-1.5055495169165e-07,3.9721075420546e-07
1.724,0.94706509971666,0.17459229725358,-1.4847752039681e-07,3.992494868518e-07
1.72425,0.94810240172568,0.16850303692851,-1.4637748476409e-07,4.0129563116455e-07
1.7245,0.94910058438971,0.16240585782469,-1.4425457482734e-07,4.0334921021478e-07
1.72475,0.95005957690174,0.15630100439396,-1.4210851667688e-07,4.0541024693758e-07
1.725,0.95097930986754,0.15018872163692,-1.399390323884e-07,4.0747876412627e-07
1.72525,0.95185971530782,0.1440692550958,-1.3774583995027e-07,4.0955478442663e-07
1.7255,0.95270072666038,0.13794285084755,-1.3552865318928e-07,4.1163833033089e-07
1.72575,0.95350227878215,0.13180975549682,-1.332871816947e-07,4.1372942417171e-07
1.726,0.9542643079513,0.12567021616897,-1.3102113074062e-07,4.158280881159e-07
1.72625,0.95498675186925,0.11952448050315,-1.2873020120663e-07,4.1793434415814e-07
1.7265,0.95566954966269,0.11337279664534,-1.2641408949656e-07,4.2004821411453e-07
1.72675,0.95631264188553,0.10721541324146,-1.2407248745555e-07,4.2216971961596e-07
1.727,0.95691597052086,0.10105257943046,-1.217050822851e-07,4.242988821014e-07
1.72725,0.95747947898283,0.094884544837457,-1.1931155645623e-07,4.2643572281108e-07
1.7275,0.95800311211859,0.088711559566907,-1.1689158762064e-07,4.2858026277945e-07
1.72775,0.95848681621009,0.08253387419573,-1.1444484851981e-07,4.307325228281e-07
1.728,0.95893053897593,0.076351739766514,-1.1197100689202e-07,4.3289252355844e-07
1.72825,0.95933422957316,0.07016540778074,-1.0946972537714e-07,4.3506028534434e-07
1.7285,0.95969783859902,0.063975130192002,-1.0694066141924e-07,4.3723582832454e-07
1.72875,0.96002131809274,0.057781159399225,-1.0438346716694e-07,4.3941917239501e-07
1.729,0.96030462153717,0.05158374824,-1.0179778937127e-07,4.4161033720104e-07
1.72925,0.96054770386056,0.045383149983803,-9.9183269281291e-08,4.438093421293e-07
1.7295,0.96075052143815,0.039179618325364,-9.6539542537067e-08,4.4601620629969e-07
1.72975,0.96091303209382,0.032973407377973,-9.3866239060157e-08,4.4823094855702e-07
1.73,0.96103519510173,0.026764771666821,-9.1162982941427e-08,4.5045358746264e-07
1.73025,0.96111697118785,0.02055396612242,-8.8429392326178e-08,4.5268414128575e-07
1.7305,0.96115832253156,0.014341246073938,-8.5665079296446e-08,4.5492262799473e-07
1.73075,0.96115921276714,0.0081268672426741,-8.2869649750453e-08,4.5716906524819e-07
1.731,0.96111960698533,0.0019110857354717,-8.0042703279073e-08,4.5942347038588e-07
1.73125,0.96103947173474,-0.0043058419618377,-7.7183833039254e-08,4.6168586041954e-07
1.7315,0.96091877502335,-0.010523658990909,-7.4292625624312e-08,4.6395625202342e-07
1.73175,0.96075748631994,-0.016742108127401,-7.1368660930975e-08,4.662346615248e-07
1.732,0.96055557655548,-0.022960931787467,-6.8411512023085e-08,4.6852110489423e-07
1.73225,0.9603130181245,-0.029179872034166,-6.54207449919e-08,4.7081559773569e-07
1.7325,0.96002978488649,-0.035398670583915,-6.2395918812822e-08,4.7311815527649e-07
1.73275,0.9597058521672,-0.04161706881289,-5.9336585198496e-08,4.7542879235715e-07
1.733,0.95934119675995,-0.047834807763389,-5.6242288448156e-08,4.7774752342092e-07
1.73325,0.95893579692693,-0.054051628150235,-5.3112565293077e-08,4.8007436250334e-07
1.7335,0.95848963240047,-0.06026727036705,-4.9946944738056e-08,4.8240932322144e-07
1.73375,0.95800268438427,-0.066481474492601,-4.6744947898761e-08,4.8475241876293e-07
1.734,0.95747493555461,-0.072693980297098,-4.350608783482e-08,4.8710366187512e-07
1.73425,0.95690637006157,-0.078904527248423,-4.0229869378566e-08,4.8946306485372e-07
1.7345,0.95629697353016,-0.085112854518401,-3.6915788959208e-08,4.9183063953145e-07
1.73475,0.95564673306155,-0.09131870098899,-3.3563334422389e-08,4.9420639726652e-07
1.735,0.95495563723411,-0.097521805258475,-3.0171984844898e-08,4.9659034893089e-07
1.73525,0.95422367610457,-0.10372190564766,-2.6741210344408e-08,4.989825048984e-07
1.7355,0.95345084120911,-0.10991874020595,-2.3270471884118e-08,5.0138287503275e-07
1.73575,0.9526371255644,-0.11611204671754,-1.9759221072069e-08,5.0379146867528e-07
1.736,0.95178252366864,-0.12230156270742,-1.6206899954984e-08,5.0620829463259e-07
1.73625,0.9508870315026,-0.12848702544749,-1.2612940806498e-08,5.0863336116406e-07
1.7365,0.94995064653063,-0.13466817196262,-8.9767659094966e-09,5.1106667596915e-07
1.73675,0.94897336770161,-0.14084473903656,-5.2977873324768e-09,5.1350824617456e-07
1.737,0.94795519544994,-0.14701646321801,-1.5754066996413e-09,5.1595807832126e-07
1.73725,0.94689613169644,-0.15318308082655,2.1909850454488e-09,5.1841617835138e-07
1.7375,0.94579617984932,-0.15934432795855,6.0020078828508e-09,5.208825515949e-07
1.73775,0.94465534480503,-0.16549994049307,9.8582929661317e-09,5.2335720275627e-07
1.738,0.94347363294917,-0.17164965409775,1.3760482879379e-08,5.2584013590088e-07
1.73825,0.94225105215733,-0.17779320423462,1.7709231901548e-08,5.2833135444134e-07
1.7385,0.94098761179594,-0.18393032616594,2.1705206278469e-08,5.3083086112373e-07
1.73875,0.93968332272307,-0.19006075495994,2.5749084502698e-08,5.3333865801368e-07
1.739,0.93833819728927,-0.1961842254966,2.984155760155e-08,5.3585474648235e-07
1.73925,0.93695224933829,-0.20230047247339,3.3983329433592e-08,5.3837912719232e-07
1.7395,0.93552549420789,-0.20840923041089,3.8175116993833e-08,5.4091180008337e-07
1.73975,0.93405794873056,-0.21451023365851,4.2417650728003e-08,5.4345276435815e-07
1.74,0.93254963123423,-0.22060321640007,4.6711674856224e-08,5.4600201846791e-07
1.74025,0.93100056154301,-0.22668791265942,5.1057947706337e-08,5.4855956009795e-07
1.7405,0.92941076097783,-0.23276405630601,5.5457242057361e-08,5.5112538615325e-07
1.74075,0.92778025235715,-0.23883138106033,5.991034549333e-08,5.5369949274387e-07
1.741,0.92610905999757,-0.24488962049949,6.4418060767969e-08,5.5628187517042e-07
1.74125,0.92439720971446,-0.25093850806267,6.8981206180584e-08,5.5887252790956e-07
1.7415,0.92264472882262,-0.25697777705645,7.3600615963542e-08,5.614714445994e-07
1.74175,0.92085164613679,-0.26300716066029,7.8277140681839e-08,5.64078618025e-07
1.742,0.91901799197232,-0.26902639193182,8.301164764517e-08,5.6669404010387e-07
1.74225,0.91714379814564,-0.27503520381215,8.7805021332941e-08,5.6931770187158e-07
1.7425,0.91522909797485,-0.28103332913117,9.2658163832807e-08,5.7194959346744e-07
1.74275,0.91327392628025,-0.28702050061273,9.7571995293125e-08,5.7458970412021e-07
1.743,0.91127831938479,-0.29299645087987,1.0254745438996e-07,5.7723802213407e-07
1.74325,0.90924231511462,-0.29896091245994,1.0758549880918e-07,5.7989453487467e-07
1.7435,0.90716595279953,-0.30491361778973,1.1268710574415e-07,5.8255922875533e-07
1.74375,0.90504927327339,-0.3108542992205,1.1785327240974e-07,5.8523208922359e-07
1.744,0.90289231887464,-0.31678268902306,1.2308501657323e-07,5.8791310074786e-07
1.74425,0.90069513344664,-0.32269851939265,1.2838337710277e-07,5.9060224680447e-07
1.7445,0.89845776233815,-0.328601522454,1.3374941453415e-07,5.9329950986496e-07
1.74475,0.89618025240365,-0.33449143026608,1.391842116565e-07,5.9600487138378e-07
1.745,0.89386265200377,-0.34036797482702,1.4468887411781e-07,5.9871831178639e-07
1.74525,0.89150501100564,-0.34623088807892,1.5026453105099e-07,6.0143981045781e-07
1.7455,0.88910738078317,-0.35207990191251,1.5591233572132e-07,6.0416934573164e-07
1.74575,0.88666981421749,-0.35791474817189,1.6163346619618e-07,6.0690689487967e-07
1.746,0.88419236569716,-0.36373515865919,1.6742912603799e-07,6.096524341021e-07
1.74625,0.88167509111853,-0.36954086513912,1.7330054502123e-07,6.1240593851841e-07
1.7465,0.879118047886,-0.37533159934352,1.7924897987471e-07,6.1516738215896e-07
1.74675,0.87652129491231,-0.38110709297584,1.8527571504998e-07,6.179367379574e-07
1.747,0.8738848926188,-0.38686707771558,1.9138206351706e-07,6.2071397774396e-07
1.74725,0.87120890293561,-0.39261128522262,1.9756936758876e-07,6.2349907223971e-07
1.7475,0.86849338930198,-0.39833944714155,2.0383899977448e-07,6.2629199105179e-07
1.74775,0.86573841666643,-0.40405129510595,2.1019236366524e-07,6.2909270266985e-07
1.748,0.86294405148695,-0.40974656074255,2.1663089485082e-07,6.3190117446367e-07
1.74825,0.86011036173126,-0.41542497567533,2.2315606187076e-07,6.3471737268206e-07
1.7485,0.85723741687693,-0.42108627152966,2.2976936720048e-07,6.3754126245329e-07
1.74875,0.8543252879116,-0.42673017993621,2.3647234827423e-07,6.4037280778699e-07
1.749,0.8513740473331,-0.43235643253495,2.4326657854637e-07,6.4321197157773e-07
1.74925,0.84838376914965,-0.437964760979,2.5015366859286e-07,6.4605871561046e-07
1.7495,0.84535452887998,-0.44355489693839,2.5713526725453e-07,6.4891300056779e-07
1.74975,0.84228640355347,-0.44912657210382,2.6421306282434e-07,6.5177478603952e-07
1.75,0.83917947171026,-0.45467951819031,2.7138878428033e-07,6.5464403053425e-07
1.75025,0.83603381340141,-0.46021346694076,2.7866420256658e-07,6.5752069149358e-07
1.7505,0.83284951018895,-0.46572815012946,2.8604113192429e-07,6.6040472530882e-07
1.75075,0.82962664514607,-0.47122329956549,2.9352143127538e-07,6.6329608734057e-07
1.751,0.82636530285713,-0.47669864709609,3.0110700566097e-07,6.6619473194129e-07
1.75125,0.82306556941782,-0.48215392460994,3.0879980773751e-07,6.6910061248119e-07
1.7515,0.81972753243522,-0.48758886404026,3.1660183933313e-07,6.7201368137747e-07
1.75175,0.81635128102787,-0.49300319736798,3.2451515306714e-07,6.749338901275e-07
1.752,0.81293690582589,-0.49839665662471,3.3254185403588e-07,6.7786118934585e-07
1.75225,0.80948449897103,-0.50376897389563,3.406841015678e-07,6.8079552880578e-07
1.7525,0.80599415411677,-0.50911988132238,3.4894411105164e-07,6.8373685748528e-07
1.75275,0.80246596642835,-0.51444911110571,3.573241558408e-07,6.8668512361811e-07
1.753,0.79890003258293,-0.51975639550816,3.6582656923804e-07,6.8964027475022e-07
1.75325,0.79529645076956,-0.52504146685659,3.744537465645e-07,6.9260225780188e-07
1.7535,0.79165532068937,-0.53030405754458,3.8320814731699e-07,6.955710191359e-07
1.75375,0.78797674355556,-0.5355439000348,3.9209229741841e-07,6.9854650463254e-07
1.754,0.78426082209353,-0.54076072686121,4.0110879156587e-07,7.0152865977145e-07
1.75425,0.78050766054099,-0.54595427063117,4.1026029568143e-07,7.0451742972117e-07
1.7545,0.77671736464801,-0.55112426402747,4.1954954947112e-07,7.0751275943683e-07
1.75475,0.77289004167714,-0.5562704398102,4.2897936909747e-07,7.1051459376651e-07
1.755,0.76902580040356,-0.56139253081851,4.3855264997191e-07,7.1352287756701e-07
1.75525,0.76512475111514,-0.56649026997231,4.4827236967318e-07,7.165375558297e-07
1.7555,0.76118700561264,-0.57156339027378,4.5814159099854e-07,7.1955857381707e-07
1.75575,0.7572126772098,-0.57661162480873,4.681634651549e-07,7.2258587721088e-07
1.756,0.75320188073352,-0.58163470674801,4.7834123509762e-07,7.256194122728e-07
1.75625,0.74915473252406,-0.5866323693485,4.886782390248e-07,7.2865912601823e-07
1.7565,0.7450713504352,-0.59160434595425,4.9917791403594e-07,7.3170496640457e-07
1.75675,0.74095185383445,-0.59655036999732,5.0984379996378e-07,7.3475688253476e-07
1.757,0.73679636360333,-0.60147017499849,5.2067954338931e-07,7.3781482487736e-07
1.75725,0.73260500213754,-0.60636349456791,5.3168890185017e-07,7.4087874550434e-07
1.7575,0.72837789334732,-0.6112300624055,5.428757482534e-07,7.4394859834793e-07
1.75775,0.72411516265771,-0.61606961230126,5.5424407550433e-07,7.4702433947788e-07
1.758,0.71981693700888,-0.62088187813547,5.6579800136429e-07,7.5010592740084e-07
1.75825,0.71548334485649,-0.62566659387857,5.7754177355001e-07,7.5319332338327e-07
1.7585,0.71111451617212,-0.63042349359108,5.8947977508959e-07,7.5628649179989e-07
1.75875,0.70671058244363,-0.63515231142322,6.0161652994965e-07,7.5938540050948e-07
1.759,0.70227167667568,-0.63985278161438,6.1395670895032e-07,7.6249002126019e-07
1.75925,0.69779793339019,-0.64452463849248,6.2650513598528e-07,7.6560033012659e-07
1.7595,0.69328948862691,-0.64916761647308,6.3926679456534e-07,7.6871630798087e-07
1.75975,0.688746479944,-0.65378145005832,6.5224683470557e-07,7.71837941001e-07
1.76,0.68416904641863,-0.65836587383573,6.6545058017728e-07,7.7496522121852e-07
1.76025,0.67955732864771,-0.66292062247679,6.7888353614743e-07,7.7809814710924e-07
1.7605,0.67491146874857,-0.66744543073532,6.9255139723021e-07,7.8123672423014e-07
1.76075,0.6702316103598,-0.67194003344562,7.0646005597675e-07,7.843809659062e-07
1.761,0.66551789864207,-0.67640416552053,7.2061561183123e-07,7.8753089397119e-07
1.76125,0.66077048027899,-0.68083756194913,7.3502438058364e-07,7.906865395666e-07
1.7615,0.65598950347818,-0.68523995779433,7.4969290435143e-07,7.9384794400363e-07
1.76175,0.65117511797221,-0.68961108819018,7.6462796212537e-07,7.9701515969328e-07
1.762,0.64632747501977,-0.69395068833901,7.7983658091667e-07,8.0018825115014e-07
1.76225,0.64144672740684,-0.69825849350828,7.9532604754637e-07,8.03367296076e-07
1.7625,0.63653302944792,-0.70253423902725,8.1110392112018e-07,8.0655238653e-07
1.76275,0.63158653698742,-0.70677766028337,8.2717804623585e-07,8.0974363019247e-07
1.763,0.6266074074011,-0.71098849271841,8.4355656697401e-07,8.1294115173056e-07
1.76325,0.62159579959753,-0.71516647182443,8.6024794172697e-07,8.1614509427424e-07
1.7635,0.61655187401977,-0.71931133313934,8.7726095892472e-07,8.1935562101226e-07
1.76375,0.61147579264707,-0.72342281224232,8.9460475372224e-07,8.2257291691836e-07
1.764,0.60636771899669,-0.72750064474895,9.1228882571725e-07,8.2579719061943e-07
1.76425,0.60122781812584,-0.73154456630598,9.3032305777333e-07,8.2902867641782e-07
1.7645,0.59605625663374,-0.73555431258591,9.4871773602997e-07,8.3226763648183e-07
1.76475,0.59085320266378,-0.73952961928124,9.6748357118737e-07,8.3551436321933e-07
1.765,0.58561882590581,-0.7434702220984,9.8663172116202e-07,8.3876918185137e-07
1.76525,0.58035329759858,-0.74737585675144,1.006173815217e-06,8.4203245320384e-07
1.7655,0.57505679053232,-0.75124625895531,1.02612197968e-06,8.4530457673765e-07
1.76575,0.5697294790514,-0.75508116441891,1.0464888653725e-06,8.4858599383957e-07
1.766,0.56437153905728,-0.75888030883778,1.067287676884e-06,8.5187719139843e-07
1.76625,0.55898314801142,-0.76264342788641,1.0885322038373e-06,8.5517870569388e-07
1.7665,0.55356448493854,-0.76637025721031,1.1102368543062e-06,8.5849112662787e-07
1.76675,0.54811573042994,-0.77006053241759,1.1324166905572e-06,8.6181510233224e-07
1.767,0.54263706664706,-0.77371398907031,1.1550874673084e-06,8.6515134418944e-07
1.76725,0.53712867732514,-0.7773303626754,1.1782656727142e-06,8.6850063230756e-07
1.7675,0.53159074777719,-0.78090938867519,1.2019685723031e-06,8.7186382149539e-07
1.76775,0.52602346489807,-0.78445080243755,1.2262142561214e-06,8.7524184778835e-07
1.768,0.52042701716881,-0.78795433924572,1.251021689358e-06,8.7863573558213e-07
1.76825,0.51480159466121,-0.79141973428761,1.2764107667528e-06,8.8204660543724e-07
1.7685,0.50914738904251,-0.79484672264478,1.3024023711232e-06,8.8547568262527e-07
1.76875,0.50346459358051,-0.79823503928095,1.329018436376e-06,8.8892430649589e-07
1.769,0.49775340314875,-0.80158441903006,1.3562820154095e-06,8.9239394075331e-07
1.76925,0.49201401423206,-0.80489459658397,1.3842173533555e-06,8.9588618474156e-07
1.7695,0.48624662493236,-0.80816530647958,1.4128499666539e-06,8.9940278585025e-07
1.76975,0.48045143497468,-0.81139628308558,1.4422067285111e-06,9.0294565316653e-07
1.77,0.4746286457136,-0.81458726058871,1.4723159613477e-06,9.0651687251466e-07
1.77025,0.46877846013981,-0.81773797297946,1.5032075369126e-06,9.1011872304299e-07
1.7705,0.46290108288719,-0.82084815403735,1.5349129848123e-06,9.137536955388e-07
1.77075,0.45699672024003,-0.82391753731569,1.567465610292e-06,9.174245126753e-07
1.771,0.45106558014077,-0.82694585612574,1.6009006221988e-06,9.2113415142231e-07
1.77125,0.4451078721979,-0.82993284352042,1.6352552721679e-06,9.2488586788387e-07
1.7715,0.43912380769445,-0.83287823227743,1.6705690061933e-06,9.2868322486178e-07
1.77175,0.43311359959666,-0.83578175488181,1.7068836298861e-06,9.3253012248641e-07
1.772,0.42707746256319,-0.83864314350791,1.7442434888811e-06,9.3643083230403e-07
1.77225,0.42101561295469,-0.84146213000082,1.7826956660323e-06,9.4039003526626e-07
1.7725,0.41492826884381,-0.84423844585711,1.8222901972454e-06,9.4441286413241e-07
1.77275,0.40881565002565,-0.84697182220505,1.8630803080289e-06,9.485049508711e-07
1.773,0.40267797802873,-0.84966198978411,1.9051226731174e-06,9.5267247973633e-07
1.77325,0.39651547612635,-0.85230867892387,1.9484777018284e-06,9.5692224679658e-07
1.7735,0.39032836934856,-0.85491161952223,1.9932098521708e-06,9.61261726817e-07
1.77375,0.38411688449459,-0.85747054102298,2.0393879771332e-06,9.6569914853743e-07
1.774,0.37788125014585,-0.85998517239261,2.0870857070554e-06,9.702435795572e-07
1.77425,0.3716216966795,-0.86245524209648,2.1363818725336e-06,9.7490502223639e-07
1.7745,0.36533845628259,-0.86488047807421,2.1873609729493e-06,9.7969452225892e-07
1.77475,0.35903176296686,-0.86726060771433,2.2401136964512e-06,9.8462429178216e-07
1.775,0.35270185258413,-0.86959535782819,2.2947374980856e-06,9.8970784943184e-07
1.77525,0.34634896284236,-0.87188445462309,2.3513372437822e-06,9.9496017979927e-07
1.7755,0.33997333332244,-0.87412762367454,2.4100259290876e-06,1.0003979155758e-06
1.77575,0.33357520549564,-0.87632458989779,2.4709254829353e-06,1.0060395460349e-06
1.776,0.32715482274186,-0.87847507751847,2.5341676683839e-06,1.0119056562655e-06
1.77625,0.32071243036864,-0.88057881004239,2.5998950942042e-06,1.0180192024027e-06
1.7765,0.3142482756309,-0.88263551022442,2.6682623535039e-06,1.024405829121e-06
1.77675,0.30776260775163,-0.88464490003653,2.7394373083262e-06,1.0310942369067e-06
1.777,0.30125567794341,-0.88660670063487,2.8136025424465e-06,1.0381166081509e-06
1.77725,0.29472773943076,-0.88852063232593,2.8909570085234e-06,1.0455091029858e-06
1.7775,0.28817904747357,-0.89038641453166,2.9717179004943e-06,1.0533124381094e-06
1.77775,0.28160985939133,-0.89220376575375,3.0561227878254e-06,1.0615725647261e-06
1.778,0.27502043458858,-0.89397240353672,3.1444320551455e-06,1.0703414653215e-06
1.77825,0.26841103458121,-0.89569204443011,3.2369316992311e-06,1.0796780934925e-06
1.7785,0.26178192302398,-0.89736240394957,3.3339365456034e-06,1.089649486717e-06
1.77875,0.25513336573917,-0.89898319653683,3.4357939596415e-06,1.1003320891206e-06
1.779,0.24846563074638,-0.90055413551857,3.5428881427016e-06,1.1118133304219e-06
1.77925,0.24177898829352,-0.90207493306425,3.655645123034e-06,1.1241935189204e-06
1.7795,0.23507371088923,-0.90354530014259,3.7745385753138e-06,1.1375881214331e-06
1.77975,0.22835007333642,-0.90496494647708,3.9000966326648e-06,1.1521305225828e-06
1.78,0.22160835276738,-0.90633358050006,4.0329098928556e-06,1.1679753812771e-06
1.78025,0.21484882868022,-0.90765090930575,4.1736408681618e-06,1.1853027356418e-06
1.7805,0.20807178297682,-0.90891663860185,4.3230351891983e-06,1.2043230519116e-06
1.78075,0.20127750000238,-0.91013047265992,4.4819349508428e-06,1.2252834718106e-06
1.781,0.19446626658649,-0.91129211426444,4.6512946885653e-06,1.2484755923535e-06
1.78125,0.187638372086,-0.91240126466044,4.8322006033187e-06,1.2742452197549e-06
1.7815,0.18079410842955,-0.91345762349977,5.0258938225282e-06,1.3030046867167e-06
1.78175,0.1739337701639,-0.914460888786,5.2337987072334e-06,1.3352485265177e-06
1.782,0.16705765450228,-0.91541075681776,5.4575575097934e-06,1.3715735826785e-06
1.78225,0.16016606137453,-0.91630692213066,5.6990730788317e-06,1.4127050363107e-06
1.7825,0.15325929347939,-0.91714907743768,5.9605618346289e-06,1.459530410147e-06
1.78275,0.14633765633891,-0.917936913568,6.2446199501129e-06,1.5131444439162e-06
1.783,0.13940145835502,-0.9186701194042,6.5543066420473e-06,1.5749089627914e-06
1.78325,0.13245101086845,-0.91934838181791,6.8932498058142e-06,1.6465336887937e-06
1.7835,0.12548662822002,-0.91997138560374,7.2657810588096e-06,1.730186711584e-06
1.78375,0.11850862781442,-0.92053881341151,7.6771097922353e-06,1.828647592516e-06
1.784,0.11151733018658,-0.92105034567685,8.1335493424511e-06,1.9455227469174e-06
1.78425,0.10451305907075,-0.92150566054984,8.6428132372383e-06,2.0855534078806e-06
1.7845,0.097496141472334,-0.92190443382206,9.2144060639106e-06,2.2550638636214e-06
1.78475,0.090466907742732,-0.92224633885164,9.8601421852214e-06,2.4626266756067e-06
1.785,0.083425691657155,-0.9225310464865,1.0594836107716e-05,2.7200711816608e-06
1.78525,0.076372830495589,-0.92275822498563,1.1437218712723e-05,3.0440485702377e-06
1.7855,0.069308665127136,-0.92292753993849,1.2411135934083e-05,3.4585235186272e-06
1.78575,0.062233540097675,-0.92303865418231,1.3547056015533e-05,3.9988525523813e-06
1.786,0.055147803721193,-0.92309122771743,1.4883774160299e-05,4.7186608112513e-06
1.78625,0.04805180817477,-0.92308491762055,1.646973982354e-05,5.7017994776677e-06
1.7865,0.040945909597436,-0.92301937795586,1.8361982794455e-05,7.0837573319307e-06
1.78675,0.033830468193113,-0.92289425968398,2.0616151919492e-05,9.0908435068811e-06
1.787,0.0267058483377,-0.92270921056882,2.3247371177711e-05,1.2111669364481e-05
1.78725,0.01957241869054,-0.92246387508209,2.6099265464815e-05,1.6816991449852e-05
1.7875,0.012430552310493,-0.92215789430559,2.8441074057461e-05,2.4283502902374e-05
1.78775,0.0052806267766798,-0.92179090583125,2.7936078320977e-05,3.5654389609748e-05
1.788,-0.0018769756857502,-0.9213625436587,1.9551895439891e-05,4.9441832714718e-05
1.78825,-0.009041868074745,-0.9208724380906,7.5599080222535e-07,5.6490952722567e-05
1.7885,-0.016213658475112,-0.92032021562547,-1.7581582324933e-05,4.9276209857261e-05
1.78875,-0.023391949916614,-0.91970549884807,-2.5654933424855e-05,3.6135324013537e-05
1.789,-0.030576340226323,-0.91902790631733,-2.6446641340479e-05,2.5381222315821e-05
1.78925,-0.037766421874797,-0.91828705245177,-2.4563813094109e-05,1.8199192384585e-05
1.7895,-0.044961781815972,-0.91748254741228,-2.211682749536e-05,1.3558996165376e-05
1.78975,-0.052162001320447,-0.91661399698249,-1.9795828732314e-05,1.0500484471832e-05
1.79,-0.059366655801808,-0.91568100244632,-1.7771176961578e-05,8.4153312141251e-06
1.79025,-0.06657531463582,-0.91468316046312,-1.6048739595237e-05,6.9436319298339e-06
1.7905,-0.07378754097212,-0.91362006293996,-1.458994210736e-05,5.8714204216432e-06
1.79075,-0.08100289153802,-0.91249129690139,-1.3349993939606e-05,5.0680971765158e-06
1.791,-0.088220916434214,-0.91129644435644,-1.2288932661081e-05,4.4513776873303e-06
1.79125,-0.095441158921962,-0.9100350821629,-1.1373834603713e-05,3.967757966542e-06
1.7915,-0.10266315520133,-0.90870678188894,-1.0578332856157e-05,3.5814102617301e-06
1.79175,-0.10988643418027,-0.907311109672,-9.8814874980436e-06,3.2676935804512e-06
1.792,-0.11711051723386,-0.90584762607491,-9.2666594981506e-06,3.0092482120272e-06
1.79225,-0.12433491795364,-0.90431588593933,-8.7205642639992e-06,2.793577313199e-06
1.7925,-0.13155914188626,-0.90271543823652,-8.2325236721588e-06,2.6115086946857e-06
1.79275,-0.13878268626117,-0.90104582591536,-7.7938893507328e-06,2.4561919546256e-06
1.793,-0.14600503970688,-0.89930658574774,-7.3976018243442e-06,2.3224296438897e-06
1.79325,-0.15322568195512,-0.89749724817134,-7.0378537747609e-06,2.2062218570305e-06
1.7935,-0.16044408353256,-0.89561733712977,-6.7098319730498e-06,2.1044502087952e-06
1.79375,-0.16765970543948,-0.89366636991023,-6.4095184148153e-06,2.0146546962177e-06
1.794,-0.17487199881465,-0.89164385697865,-6.1335360603067e-06,1.9348736188681e-06
1.79425,-0.18208040458609,-0.88954930181241,-5.8790283175607e-06,1.8635270463699e-06
1.7945,-0.18928435310688,-0.88738220073085,-5.6435641964217e-06,1.7993308373238e-06
1.79475,-0.19648326377537,-0.88514204272337,-5.4250631196923e-06,1.7412324068559e-06
1.795,-0.20367654463919,-0.88282830927563,-5.2217348907779e-06,1.6883621867182e-06
1.79525,-0.21086359198227,-0.88044047419359,-5.0320314302587e-06,1.6399965508915e-06
1.7955,-0.21804378989403,-0.87797800342582,-4.85460771532e-06,1.5955292163561e-06
1.79575,-0.22521650982018,-0.87544035488414,-4.6882899652254e-06,1.5544489769129e-06
1.796,-0.23238111009398,-0.87282697826268,-4.5320495704625e-06,1.5163222175166e-06
1.79625,-0.23953693544733,-0.87013731485585,-4.384981604278e-06,1.4807790715112e-06
1.7965,-0.24668331650072,-0.86737079737505,-4.2462870129843e-06,1.4475023786123e-06
1.79675,-0.25381956923097,-0.8645268497648,-4.1152577773481e-06,1.4162188141752e-06
1.797,-0.26094499441593,-0.86160488701825,-3.9912644873175e-06,1.3866917149924e-06
1.79725,-0.26805887705492,-0.8586043149926,-3.8737458878506e-06,1.358715240483e-06
1.7975,-0.27516048576401,-0.85552453022469,-3.7622000431299e-06,1.3321095923516e-06
1.79775,-0.28224907214481,-0.85236491974714,-3.6561768362642e-06,1.3067170787509e-06
1.798,-0.28932387012561,-0.8491248609056,-3.5552715763462e-06,1.2823988564392e-06
1.79825,-0.29638409527376,-0.84580372117738,-3.459119527939e-06,1.2590322204672e-06
1.7985,-0.30342894407777,-0.84240085799222,-3.3673912123433e-06,1.2365083385111e-06
1.79875,-0.31045759319788,-0.83891561855558,-3.2797883573314e-06,1.2147303482206e-06
1.799,-0.31746919868365,-0.83534733967524,-3.1960403939453e-06,1.1936117524326e-06
1.79925,-0.32446289515702,-0.83169534759174,-3.1159014166095e-06,1.1730750599693e-06
1.7995,-0.33143779495935,-0.82795895781364,-3.0391475370942e-06,1.1530506298386e-06
1.79975,-0.33839298726069,-0.82413747495821,-2.9655745744809e-06,1.1334756846343e-06
1.8,-0.3453275371297,-0.82023019259859,-2.8949960327715e-06,1.1142934652692e-06
1.80025,-0.35224048456225,-0.81623639311845,-2.8272413255581e-06,1.0954525042259e-06
1.8005,-0.3591308434671,-0.81215534757502,-2.7621542135803e-06,1.0769059985724e-06
1.80075,-0.36599760060633,-0.80798631557205,-2.6995914262952e-06,1.0586112672516e-06
1.801,-0.37283971448893,-0.80372854514354,-2.6394214429765e-06,1.040529279805e-06
1.80125,-0.37965611421496,-0.79938127265006,-2.5815234125246e-06,1.0226242458428e-06
1.8015,-0.38644569826845,-0.79494372268889,-2.5257861942291e-06,1.0048632563271e-06
1.80175,-0.39320733325653,-0.79041510801983,-2.4721075042908e-06,9.8721596917905e-07
1.802,-0.39993985259239,-0.78579462950842,-2.4203931550748e-06,9.6965433290625e-07
1.80225,-0.40664205511961,-0.7810814760885,-2.3705563758859e-06,9.5215234292498e-07
1.8025,-0.41331270367529,-0.7762748247464,-2.3225172056073e-06,9.3468582606514e-07
1.80275,-0.41995052358909,-0.7713738405289,-2.2762019488551e-06,9.1723224942118e-07
1.803,-0.42655420111564,-0.76637767657764,-2.2315426884198e-06,8.9977055027567e-07
1.80325,-0.43312238179713,-0.76128547419261,-2.1884768477254e-06,8.8228098429387e-07
1.8035,-0.43965366875314,-0.7560963629278,-2.1469467978552e-06,8.6474498958398e-07
1.80375,-0.44614662089471,-0.75080946072214,-2.1068995044011e-06,8.4714506455021e-07
1.804,-0.45259975105906,-0.74542387406935,-2.068286210004e-06,8.2946465774792e-07
1.80425,-0.45901152406192,-0.73993869823033,-2.0310621489765e-06,8.1168806818686e-07
1.8045,-0.46538035466383,-0.73435301749236,-1.9951862908627e-06,7.9380035473051e-07
1.80475,-0.4717046054468,-0.72866590547952,-1.9606211101865e-06,7.7578725341054e-07
1.805,-0.47798258459775,-0.72287642551904,-1.9273323799919e-06,7.5763510162009e-07
1.80525,-0.48421254359475,-0.71698363106907,-1.8952889870842e-06,7.3933076827429e-07
1.8055,-0.49039267479239,-0.71098656621317,-1.8644627671568e-06,7.2086158913071e-07
1.80575,-0.49652110890209,-0.70488426622797,-1.8348283582248e-06,7.0221530655273e-07
1.806,-0.50259591236341,-0.69867575823044,-1.8063630710086e-06,6.8338001307517e-07
1.80625,-0.50861508460208,-0.69236006191193,-1.7790467750987e-06,6.6434409819568e-07
1.8065,-0.51457655517074,-0.68593619036677,-1.7528617999144e-06,6.4509619787105e-07
1.80675,-0.52047818076787,-0.67940315102383,-1.727792849627e-06,6.2562514624385e-07
1.807,-0.52631774213087,-0.67275994668995,-1.7038269313687e-06,6.0591992916272e-07
1.80725,-0.53209294079883,-0.66600557671512,-1.6809532961886e-06,5.8596963909355e-07
1.8075,-0.53780139574074,-0.65913903828988,-1.6591633923486e-06,5.6576343104334e-07
1.80775,-0.54344063984494,-0.65215932788634,-1.6384508306788e-06,5.452904791411e-07
1.808,-0.54900811626561,-0.64506544285506,-1.6188113618402e-06,5.2453993353632e-07
1.80825,-0.55450117462218,-0.63785638319106,-1.6002428654604e-06,5.0350087728724e-07
1.8085,-0.55991706704791,-0.63053115348314,-1.5827453512377e-06,4.8216228292015e-07
1.80875,-0.56525294408382,-0.62308876506204,-1.5663209722341e-06,4.6051296834556e-07
1.809,-0.57050585041455,-0.61552823836374,-1.5509740507132e-06,4.3854155181764e-07
1.80925,-0.57567272044313,-0.60784860552598,-1.5367111170174e-06,4.162364056224e-07
1.8095,-0.58075037370196,-0.60004891323693,-1.5235409621355e-06,3.9358560817399e-07
1.80975,-0.58573551009769,-0.59212822585673,-1.5114747047707e-06,3.7057689419068e-07
1.81,-0.59062470498855,-0.5840856288341,-1.5005258739072e-06,3.471976026115e-07
1.81025,-0.5954144040932,-0.5759202324416,-1.4907105080725e-06,3.2343462189948e-07
1.8105,-0.60010091823094,-0.56763117585521,-1.482047272719e-06,2.9927433236182e-07
1.81075,-0.60468041789426,-0.55921763160549,-1.47455759741e-06,2.7470254509747e-07
1.811,-0.60914892765585,-0.55067881042966,-1.4682658347839e-06,2.4970443716042e-07
1.81125,-0.61350232041311,-0.54201396655589,-1.4631994436102e-06,2.24264482504e-07
1.8115,-0.61773631147547,-0.53322240345336,-1.4593891986374e-06,1.9836637824406e-07
1.81175,-0.62184645250069,-0.52430348008384,-1.4568694303844e-06,1.7199296575283e-07
1.812,-0.62582812528896,-0.51525661769303,-1.4556782985519e-06,1.4512614606661e-07
1.81225,-0.62967653544559,-0.50608130718223,-1.4558581033426e-06,1.1774678906321e-07
1.8125,-0.63338670592581,-0.49677711710367,-1.457455639703e-06,8.9834635839298e-08
1.81275,-0.63695347047788,-0.48734370232539,-1.4605226003501e-06,6.1368193697839e-08
1.813,-0.64037146700443,-0.4777808134144,-1.4651160344535e-06,3.2324623140234e-08
1.81325,-0.64363513086538,-0.46808830678967,-1.4712988700445e-06,2.6796162577223e-09
1.8135,-0.64673868815012,-0.45826615569923,-1.4791405096508e-06,-2.7592734069419e-08
1.81375,-0.64967614895152,-0.4483144620788,-1.4887175103719e-06,-5.8520074714048e-08
1.814,-0.65244130067938,-0.4382334693522,-1.5001143616677e-06,-9.0131943055915e-08
1.81425,-0.65502770145724,-0.42802357623633,-1.5134243766198e-06,-1.224599282868e-07
1.8145,-0.65742867365286,-0.41768535161676,-1.5287507154385e-06,-1.5553784339953e-07
1.81475,-0.65963729760023,-0.40721955056239,-1.5462075636525e-06,-1.894019076835e-07
1.815,-0.66164640557923,-0.39662713154962,-1.5659214919005e-06,-2.2409093909471e-07
1.81525,-0.66344857612802,-0.38590927496965,-1.5880330297363e-06,-2.596465552085e-07
1.8155,-0.66503612877357,-0.37506740299298,-1.6126984926397e-06,-2.9611338052638e-07
1.81575,-0.66640111927677,-0.36410320086761,-1.6400921098109e-06,-3.3353925657595e-07
1.816,-0.66753533550067,-0.35301863972742,-1.6704085107703e-06,-3.719754493667e-07
1.81625,-0.66843029402398,-0.34181600098752,-1.7038656418393e-06,-4.1147684612586e-07
1.8165,-0.66907723763666,-0.33049790240201,-1.7407081999895e-06,-4.5210212952957e-07
1.81675,-0.66946713387012,-0.31906732585825,-1.7812116922858e-06,-4.9391391243104e-07
1.817,-0.66959067473209,-0.30752764697735,-1.8256872555034e-06,-5.3697880874895e-07
1.81725,-0.66943827783486,-0.29588266658681,-1.87448740418e-06,-5.8136740581421e-07
1.8175,-0.66900008912573,-0.28413664412344,-1.9280129186711e-06,-6.2715408879126e-07
1.81775,-0.66826598744984,-0.27229433301659,-1.9867211408014e-06,-6.7441664688717e-07
1.818,-0.66722559119869,-0.26036101808996,-2.0511360176449e-06,-7.2323556115019e-07
1.81825,-0.66586826732172,-0.2483425550061,-2.1218603295544e-06,-7.7369283058974e-07
1.8185,-0.66418314300367,-0.23624541176006,-2.1995906646731e-06,-8.2587013089523e-07
1.81875,-0.66215912033697,-0.22407671220781,-2.2851358696737e-06,-8.7984600876636e-07
1.819,-0.65978489434555,-0.21184428158877,-2.3794399305286e-06,-9.3569168035199e-07
1.81925,-0.65704897474399,-0.19955669397232,-2.4836105388266e-06,-9.9346480215171e-07
1.8195,-0.65393971184405,-0.18722332152186,-2.5989550081622e-06,-1.0532002818895e-06
1.81975,-0.65044532704732,-0.17485438542858,-2.7270257630005e-06,-1.1148967395776e-06
1.82,-0.64655394838957,-0.16246100831955,-2.86967838747e-06,-1.1784965254865e-06
1.82025,-0.64225365162611,-0.15005526788842,-3.0291462749049e-06,-1.2438561053282e-06
1.8205,-0.63753250736928,-0.13765025143538,-3.2081373717496e-06,-1.3107018902224e-06
1.82075,-0.63237863480646,-0.12526011093097,-3.4099605086438e-06,-1.3785638095997e-06
1.821,-0.62678026253941,-0.11290011813891,-3.6386915376458e-06,-1.4466743957442e-06
1.82125,-0.62072579709086,-0.10058671924448,-3.8993931315787e-06,-1.5138136434578e-06
1.8215,-0.61420389962102,-0.088337588336528,-4.198406726262e-06,-1.5780672554857e-06
1.82175,-0.60720357138289,-0.07617167898416,-4.5437403404732e-06,-1.6364441761067e-06
1.822,-0.59971424841831,-0.064109273033085,-4.945580194216e-06,-1.6842614304109e-06
1.82225,-0.59172590595443,-0.052172025621768,-5.4169517082568e-06,-1.7141371578736e-06
1.8225,-0.58322917290018,-0.040383005285921,-5.9745309849462e-06,-1.7143125005393e-06
1.82275,-0.57421545676112,-0.028766727882366,-6.6395184796147e-06,-1.6658074980652e-06
1.823,-0.5646770791857,-0.017349182921579,-7.4382175409994e-06,-1.5375379769859e-06
1.82325,-0.55460742222442,-0.0061578507566952,-8.4012089039741e-06,-1.2779057883289e-06
1.8235,-0.54400108522094,0.0047782910633532,-9.5580050710778e-06,-8.006091870737e-07
1.82375,-0.53285405206005,0.015428774100852,-1.0919018637658e-05,3.7438673977181e-08
1.824,-0.52116386826786,0.02576165994072,-1.2425663871529e-05,1.4619572087618e-06
1.82425,-0.50892982719283,0.035743577751985,-1.3835046733101e-05,3.7763500477529e-06
1.8245,-0.49615316419293,0.045339780619431,-1.4536864915383e-05,7.203540744137e-06
1.82475,-0.48283725741183,0.054514222806568,-1.3550682278994e-05,1.139070870427e-05
1.825,-0.46898783334986,0.063229660107623,-1.0323899770196e-05,1.4945730269061e-05
1.82525,-0.45461317502503,0.071447775389695,-5.8423207657201e-06,1.636448918649e-05
1.8255,-0.43972433008148,0.079129331305872,-1.8378340566237e-06,1.5643713973524e-05
1.82575,-0.424335315746,0.086234351965131,8.7924399697584e-07,1.3862248364803e-05
1.826,-0.40846331706718,0.092722335065531,2.4472753316893e-06,1.1906750608231e-05
1.82625,-0.39212887441005,0.098552495624639,3.2589116809622e-06,1.0159812188781e-05
1.8265,-0.37535605573868,0.103684041967,3.629199835062e-06,8.7092591635233e-06
1.82675,-0.35817260881975,0.10807648404865,3.7544249068285e-06,7.5325159008412e-06
1.827,-0.3406100881419,0.11168997351096,3.7469835316825e-06,6.5800128043898e-06
1.82725,-0.32270395109704,0.11448567406346,3.6696008664043e-06,5.8037373812011e-06
1.8275,-0.30449361783259,0.11642615990491,3.5571413572049e-06,5.1644157361246e-06
1.82775,-0.28602248918805,0.11747583891865,3.429015744109e-06,4.6317158583048e-06
1.828,-0.26733791729984,0.11760139634176,3.2960167903746e-06,4.182654323401e-06
1.82825,-0.24849112381773,0.11677225353546,3.1640793032035e-06,3.7998636647486e-06
1.8285,-0.229537061247,0.11496103541221,3.0363700428102e-06,3.4701568140825e-06
1.82875,-0.21053421372156,0.11214403904252,2.914466523917e-06,3.1834368968381e-06
1.829,-0.191544334534,0.10830169502054,2.7990320734416e-06,2.9318961970864e-06
1.82925,-0.17263211899125,0.10341901236118,2.690207721951e-06,2.7094339816312e-06
1.8295,-0.1538648126125,0.097485997086661,2.5878421899945e-06,2.5112335818525e-06
1.82975,-0.13531175631173,0.09049803428754,2.4916278059316e-06,2.3334536824959e-06
1.83,-0.11704387196524,0.082456223361186,2.4011809848153e-06,2.173001272361e-06
1.83025,-0.099133093601038,0.073367656376747,2.3160896431904e-06,2.0273631671954e-06
1.8305,-0.081651751294425,0.063245630119965,2.2359407143157e-06,1.8944798087993e-06
1.83075,-0.064671916637021,0.052109783345837,2.160335618316e-06,1.7726498225094e-06
1.831,-0.04826472028297,0.039986152107881,2.0888984303603e-06,1.6604571510031e-06
1.83125,-0.032499653486057,0.026907137717508,2.0212796394955e-06,1.5567149108464e-06
1.8315,-0.017443866644183,0.012911383870386,1.9571572754011e-06,1.460421749898e-06
1.83175,-0.003161478597294,-0.001956438301769,1.8962365000909e-06,1.3707276341515e-06
1.832,0.010287089274933,-0.017645936116506,1.8382483425286e-06,1.2869068098305e-06
1.83225,0.0228457402739,-0.034101388581941,1.7829479938357e-06,1.2083362717612e-06
1.8325,0.034463277680731,-0.051262221004,1.7301129181132e-06,1.1344784916766e-06
1.83275,0.045093916001482,-0.069063552701479,1.6795409318511e-06,1.0648674678818e-06
1.833,0.054697717567276,-0.08743680754057,1.6310483408248e-06,9.9909738375651e-07
1.83325,0.063240945810837,-0.10631037529912,1.5844681832379e-06,9.3681332995085e-07
1.8335,0.070696328748729,-0.12561031057216,1.5396486029106e-06,8.7770367006166e-07
1.83375,0.077043228606981,-0.14526105508588,1.4964513609953e-06,8.2149372355845e-07
1.834,0.082267716034419,-0.16518616892763,1.4547504855341e-06,7.6794051094748e-07
1.83425,0.08636254984686,-0.18530905632977,1.4144310528983e-06,7.1682836052584e-07
1.8345,0.089327065633208,-0.20555367224283,1.3753880923459e-06,6.6796521786216e-07
1.83475,0.091166978739026,-0.22584519695708,1.3375256036649e-06,6.2117953146885e-07
1.835,0.091894109045602,-0.24611066741965,1.3007556775448e-06,5.7631761330044e-07
1.83525,0.091526036522343,-0.26627955556846,1.264997708561e-06,5.332413924346e-07
1.8355,0.090085697708456,-0.28628428588232,1.2301776912066e-06,4.9182649582765e-07
1.83575,0.087600934057504,-0.30606068633747,1.1962275901246e-06,4.5196060235057e-07
1.836,0.084104003458014,-0.32554836898001,1.1630847764721e-06,4.1354202612031e-07
1.83625,0.079631066245199,-0.34469103829193,1.1306915231333e-06,3.7647849299446e-07
1.8365,0.074221656679216,-0.36343672737325,1.0989945522524e-06,3.406860804207e-07
1.83675,0.067918150231427,-0.38173796363303,1.0679446292642e-06,3.0608829594151e-07
1.837,0.060765236147479,-0.39955186713055,1.0374961982449e-06,2.7261527380756e-07
1.83725,0.052809403703604,-0.41684018591126,1.0076070539977e-06,2.4020307254039e-07
1.8375,0.044098449399258,-0.43356927362654,9.7823804680819e-07,2.0879305905881e-07
1.83775,0.034681011092054,-0.44971001541051,9.4935281627881e-07,1.783313672677e-07
1.838,0.024606133830481,-0.46523770842322,9.2091755106594e-07,1.4876842089256e-07
1.83825,0.013922870920089,-0.48013190367786,8.929007717131e-07,1.2005851190554e-07
1.8385,0.002679922606364,-0.49437621577301,8.6527313409828e-07,9.2159427189364e-08
1.83875,-0.009074686300425,-0.50795810698252,8.3800725130106e-07,6.5032117171241e-08
1.839,-0.021293889477331,-0.52086865184519,8.1107753194616e-07,3.8640401067041e-08
1.83925,-0.033931823254098,-0.53310228797611,7.8446003330389e-07,1.2950704141758e-08
1.8395,-0.046944033015542,-0.54465655832232,7.5813232762151e-07,-1.206817696504e-08
1.83975,-0.060287643521022,-0.55553184953492,7.3207338033238e-07,-3.6445284254201e-08
1.84,-0.073921495252494,-0.56573113055267,7.0626343894089e-07,-6.0207686666021e-08
1.84025,-0.087806249218401,-0.57525969491071,6.8068393151349e-07,-8.3380649214634e-08
1.8405,-0.10190446285002,-0.58412490971749,6.5531737382452e-07,-1.0598778517282e-07
1.84075,-0.11618063974512,-0.59233597370032,6.3014728430798e-07,-1.2805119323669e-07
1.841,-0.13060125605155,-0.59990368621174,6.0515810605801e-07,-1.4959158135361e-07
1.84125,-0.14513476625577,-0.60684022862512,5.8033513520178e-07,-1.7062837868517e-07
1.8415,-0.15975159106052,-0.61315895913119,5.5566445503888e-07,-1.9117983699603e-07
1.84175,-0.17442408991328,-0.61887422157974,5.3113287540502e-07,-2.1126312260149e-07
1.842,-0.1891265205941,-0.62400116869319,5.0672787677385e-07,-2.3089439987089e-07
1.84225,-0.20383498809778,-0.62855559970864,4.824375586593e-07,-2.5008890716635e-07
1.8425,-0.21852738485786,-0.6325538122808,4.582505919259e-07,-2.6886102599347e-07
1.84275,-0.23318332416699,-0.63601246829558,4.3415617465321e-07,-2.8722434405108e-07
1.843,-0.24778406845476,-0.63894847310014,4.1014399123471e-07,-3.0519171278994e-07
1.84325,-0.26231245389423,-0.6413788675451,3.8620417442378e-07,-3.2277530002109e-07
1.8435,-0.27675281262619,-0.64332073215445,3.6232727006549e-07,-3.3998663805571e-07
1.84375,-0.29109089371812,-0.64479110268473,3.3850420427875e-07,-3.5683666780525e-07
1.844,-0.30531378381334,-0.64580689630267,3.1472625287504e-07,-3.7333577922476e-07
1.84425,-0.31940982827868,-0.64638484759696,2.9098501281904e-07,-3.8949384844166e-07
1.8445,-0.3333685535231,-0.64654145364105,2.6727237555539e-07,-4.0532027187618e-07
1.84475,-0.34718059103887,-0.64629292733752,2.4358050204019e-07,-4.2082399762817e-07
1.845,-0.36083760360783,-0.64565515829744,2.199017993309e-07,-4.3601355437687e-07
1.84525,-0.37433221401932,-0.6446436805384,1.9622889860114e-07,-4.5089707801492e-07
1.8455,-0.38765793656244,-0.64327364632056,1.7255463445731e-07,-4.6548233621654e-07
1.84575,-0.40080911148201,-0.64155980547883,1.4887202544528e-07,-4.7977675111949e-07
1.846,-0.41378084252483,-0.63951648965081,1.251742556443e-07,-4.9378742028274e-07
1.84625,-0.42656893764964,-0.63715760084237,1.014546572529e-07,-5.0752113606722e-07
1.8465,-0.43916985292856,-0.63449660381504,7.7706694080322e-08,-5.209844035714e-07
1.84675,-0.45158063963107,-0.63154652182156,5.3923945862404e-08,-5.3418345724247e-07
1.847,-0.46379889445017,-0.6283199352562,3.0100093327696e-08,-5.4712427627179e-07
1.84725,-0.4758227128056,-0.6248289828259,6.2289039450488e-09,-5.5981259887327e-07
1.8475,-0.48765064513973,-0.62108536488525,-1.769578171198e-08,-5.7225393553493e-07
1.84775,-0.49928165610566,-0.61710034861352,-4.1680063042977e-08,-5.8445358132481e-07
1.848,-0.51071508653649,-0.6128847747447,-6.5729991997082e-08,-5.9641662732605e-07
1.84825,-0.52195061807602,-0.60844906559226,-8.9851585199959e-08,-6.0814797126867e-07
1.8485,-0.53298824034583,-0.60380323413843,-1.1405083568023e-07,-6.1965232741983e-07
1.84875,-0.54382822052111,-0.59895689398394,-1.3833372424196e-07,-6.3093423578917e-07
1.849,-0.5544710751859,-0.59391926997801,-1.627062305268e-07,-6.4199807070067e-07
1.84925,-0.56491754433926,-0.58869920936999,-1.8717434380699e-07,-6.5284804877815e-07
1.8495,-0.57516856742554,-0.58330519334395,-2.1174407354929e-07,-6.6348823638764e-07
1.84975,-0.58522526126483,-0.57774534881525,-2.3642145978739e-07,-6.7392255657613e-07
1.85,-0.5950888997628,-0.57202746038424,-2.6121258333898e-07,-6.8415479554273e-07
1.85025,-0.60476089528416,-0.56615898235672,-2.8612357590307e-07,-6.9418860867569e-07
1.8505,-0.61424278157762,-0.56014705075373,-3.1116063007101e-07,-7.0402752618556e-07
1.85075,-0.62353619814592,-0.55399849524465,-3.3633000928479e-07,-7.136749583625e-07
1.851,-0.63264287595934,-0.5477198509481,-3.6163805777494e-07,-7.231342004835e-07
1.85125,-0.6415646244161,-0.54131737005405,-3.8709121050977e-07,-7.3240843739302e-07
1.8515,-0.65030331945894,-0.53479703322845,-4.1269600318795e-07,-7.4150074777874e-07
1.85175,-0.65886089276159,-0.52816456076929,-4.3845908230538e-07,-7.5041410816247e-07
1.852,-0.66723932190456,-0.52142542348859,-4.6438721532815e-07,-7.5915139662456e-07
1.85225,-0.67544062146456,-0.51458485330054,-4.9048730100284e-07,-7.6771539627861e-07
1.8525,-0.68346683494627,-0.50764785350104,-5.1676637983606e-07,-7.7610879851202e-07
1.85275,-0.69132002749052,-0.50061920872732,-5.4323164477555e-07,-7.843342060069e-07
1.853,-0.69900227929679,-0.49350349459048,-5.6989045212577e-07,-7.9239413555423e-07
1.85325,-0.70651567970252,-0.48630508697665,-5.9675033273141e-07,-8.002910206735e-07
1.8535,-0.71386232186568,-0.47902817101487,-6.2381900346379e-07,-8.0802721404891e-07
1.85375,-0.72104429800088,-0.47167674971236,-6.5110437904577e-07,-8.1560498979258e-07
1.854,-0.72806369512274,-0.46425465225949,-6.7861458425196e-07,-8.2302654554378e-07
1.85425,-0.73492259125403,-0.45676554200835,-7.0635796652332e-07,-8.302940044133e-07
1.8545,-0.74162305205881,-0.44921292413037,-7.3434310903583e-07,-8.3740941678045e-07
1.85475,-0.74816712786418,-0.44160015295899,-7.6257884426579e-07,-8.4437476195022e-07
1.855,-0.75455685103675,-0.4339304390249,-7.9107426809596e-07,-8.5119194967731e-07
1.85525,-0.76079423368277,-0.42620685579149,-8.198387545088e-07,-8.5786282156273e-07
1.8555,-0.76688126564319,-0.41843234609904,-8.4888197091678e-07,-8.6438915232905e-07
1.85575,-0.77281991275715,-0.41060972832637,-8.7821389418119e-07,-8.7077265097881e-07
1.856,-0.77861211536964,-0.40274170227909,-9.0784482737544e-07,-8.7701496184123e-07
1.85625,-0.78425978706086,-0.39483085481365,-9.3778541735133e-07,-8.8311766551077e-07
1.8565,-0.78976481357674,-0.38687966520665,-9.6804667317106e-07,-8.8908227968182e-07
1.85675,-0.79512905194171,-0.37889051027866,-9.9863998547219e-07,-8.9491025988248e-07
1.857,-0.80035432973643,-0.37086566928195,-1.0295771468371e-06,-9.0060300011083e-07
1.85725,-0.80544244452444,-0.36280732856152,-1.0608703732431e-06,-9.0616183337579e-07
1.8575,-0.81039516341332,-0.35471758599827,-1.092532326677e-06,-9.1158803214567e-07
1.85775,-0.81521422273688,-0.34659845524357,-1.1245761390004e-06,-9.1688280870569e-07
1.858,-0.81990132784617,-0.33845186975387,-1.1570154371626e-06,-9.2204731542694e-07
1.85825,-0.82445815299819,-0.33027968663383,-1.1898643698635e-06,-9.2708264494786e-07
1.8585,-0.82888634133203,-0.32208369029649,-1.2231376357752e-06,-9.3198983026958e-07
1.85875,-0.8331875049231,-0.31386559594839,-1.2568505134445e-06,-9.3676984476668e-07
1.859,-0.83736322490692,-0.30562705290747,-1.291018893003e-06,-9.4142360211336e-07
1.85925,-0.84141505166473,-0.29736964776154,-1.3256593098262e-06,-9.4595195612667e-07
1.8595,-0.84534450506379,-0.28909490737423,-1.3607889802914e-06,-9.5035570052649e-07
1.85975,-0.84915307474589,-0.28080430174578,-1.3964258398008e-06,-9.5463556861344e-07
1.86,-0.85284222045827,-0.27249924673526,-1.4325885832468e-06,-9.5879223286425e-07
1.86025,-0.85641337242155,-0.26418110665077,-1.4692967081134e-06,-9.6282630444536e-07
1.8605,-0.85986793172973,-0.25585119671382,-1.506570560427e-06,-9.6673833264452e-07
1.86075,-0.86320727077807,-0.24751078540391,-1.5444313837841e-06,-9.7052880422073e-07
1.861,-0.86643273371456,-0.23916109668891,-1.5829013717098e-06,-9.7419814267238e-07
1.86125,-0.86954563691164,-0.23080331214695,-1.6220037236193e-06,-9.777467074243e-07
1.8615,-0.87254726945458,-0.22243857298474,-1.661762704684e-06,-9.8117479293284e-07
1.86175,-0.87543889364397,-0.2140679819576,-1.7022037099297e-06,-9.8448262771108e-07
1.862,-0.87822174550907,-0.20569260519584,-1.7433533329269e-06,-9.8767037327346e-07
1.86225,-0.8808970353303,-0.19731347394193,-1.7852394394685e-06,-9.9073812300135e-07
1.8625,-0.88346594816794,-0.18893158620321,-1.8278912466677e-06,-9.9368590093126e-07
1.86275,-0.8859296443958,-0.18054790832372,-1.8713394079537e-06,-9.9651366046688e-07
1.863,-0.88828926023758,-0.17216337647955,-1.9156161044895e-06,-9.9922128301855e-07
1.86325,-0.8905459083046,-0.16377889810129,-1.9607551435909e-06,-1.0018085765727e-06
1.8635,-0.89270067813348,-0.15539535322713,-2.0067920647852e-06,-1.0042752741962e-06
1.86375,-0.89475463672247,-0.14701359579007,-2.0537642542151e-06,-1.0066210324813e-06
1.864,-0.89670882906527,-0.13863445484253,-2.1017110681691e-06,-1.0088454299377e-06
1.86425,-0.89856427868157,-0.13025873572131,-2.1506739666031e-06,-1.0109479653424e-06
1.8645,-0.90032198814311,-0.12188722115594,-2.2006966576131e-06,-1.012928056056e-06
1.86475,-0.90198293959488,-0.11352067232323,-2.2518252539258e-06,-1.0147850363222e-06
1.865,-0.90354809527041,-0.10515982985053,-2.3041084425928e-06,-1.0165181555647e-06
1.86525,-0.90501839800094,-0.096805414770382,-2.3575976692105e-06,-1.0181265767052e-06
1.8655,-0.90639477171755,-0.088458129428879,-2.4123473381413e-06,-1.0196093745248e-06
1.86575,-0.90767812194631,-0.080118658349949,-2.4684150303834e-06,-1.0209655341037e-06
1.866,-0.9088693362956,-0.071787669057931,-2.5258617409342e-06,-1.0221939493725e-06
1.86625,-0.90996928493566,-0.063465812860206,-2.5847521377177e-06,-1.0232934218236e-06
1.8665,-0.91097882106988,-0.055153725592109,-2.6451548443961e-06,-1.0242626594379e-06
1.86675,-0.91189878139776,-0.046852028325824,-2.7071427496799e-06,-1.0251002758896e-06
1.867,-0.91272998656928,-0.038561328045001,-2.770793346083e-06,-1.0258047901152e-06
1.86725,-0.91347324163066,-0.030282218286919,-2.8361891014431e-06,-1.0263746263378e-06
1.8675,-0.91412933646126,-0.022015279753624,-2.9034178669712e-06,-1.0268081146666e-06
1.86775,-0.91469904620175,-0.013761080893631,-2.9725733260901e-06,-1.0271034924122e-06
1.868,-0.91518313167336,-0.0055201784556272,-3.0437554888983e-06,-1.0272589062858e-06
1.86825,-0.91558233978825,0.002706881984511,-3.117071237769e-06,-1.0272724156885e-06
1.8685,-0.91589740395108,0.010919565522009,-3.1926349303561e-06,-1.0271419973379e-06
1.86875,-0.91612904445172,0.019117347445707,-3.2705690671849e-06,-1.0268655515297e-06
1.869,-0.91627796884916,0.027299712783478,-3.3510050320416e-06,-1.0264409103986e-06
1.86925,-0.91634487234679,0.035466155869459,-3.4340839145912e-06,-1.0258658486138e-06
1.8695,-0.91633043815903,0.043616179932254,-3.5199574260828e-06,-1.0251380970427e-06
1.86975,-0.91623533786932,0.051749296702737,-3.6087889206579e-06,-1.0242553600297e-06
1.87,-0.91606023177985,0.059865026040842,-3.700754536751e-06,-1.0232153370746e-06
1.87025,-0.91580576925287,0.067962895580342,-3.796044475377e-06,-1.0220157498731e-06
1.8705,-0.91547258904379,0.076042440390575,-3.8948644348438e-06,-1.0206543758929e-06
1.87075,-0.91506131962624,0.084103202654595,-3.9974372246794e-06,-1.0191290899228e-06
1.871,-0.9145725795092,0.092144731362771,-4.1040045854343e-06,-1.0174379153643e-06
1.87125,-0.91400697754623,0.10016658202115,-4.2148292456479e-06,-1.015579087442e-06
1.8715,-0.91336511323716,0.10816831637393,-4.3301972528272e-06,-1.0135511310258e-06
1.87175,-0.91264757702213,0.11614950213934,-4.4504206219602e-06,-1.011352956399e-06
1.872,-0.9118549505683,0.1241097127582,-4.5758403531816e-06,-1.0089839771218e-06
1.87225,-0.91098780704934,0.13204852715491,-4.7068298800075e-06,-1.0064442551656e-06
1.8725,-0.91004671141779,0.13996552950969,-4.8437990215146e-06,-1.0037346798065e-06
1.87275,-0.90903222067051,0.14786030904221,-4.9871985264794e-06,-1.0008571884292e-06
1.873,-0.90794488410725,0.15573245980558,-5.1375253154965e-06,-9.9781503954842e-07
1.87325,-0.90678524358272,0.16358158049046,-5.2953285493428e-06,-9.9461315110968e-07
1.8735,-0.90555383375203,0.17140727423873,-5.4612166795116e-06,-9.9125852073085e-07
1.87375,-0.90425118230978,0.17920914846638,-5.6358656713602e-06,-9.8776074922327e-07
1.874,-0.90287781022309,0.18698681469505,-5.8200286336862e-06,-9.84132694875e-07
1.87425,-0.90143423195832,0.19473988839187,-6.0145471433459e-06,-9.8039129409432e-07
1.8745,-0.8999209557021,0.20246798881739,-6.2203646231857e-06,-9.7655859480185e-07
1.87475,-0.89833848357644,0.21017073888087,-6.4385422207077e-06,-9.7266306339984e-07
1.875,-0.89668731184821,0.21784776500303,-6.6702777497657e-06,-9.6874124564054e-07
1.87525,-0.89496793113318,0.22549869698547,-6.9169284066938e-06,-9.6483988821776e-07
1.8755,-0.89318082659458,0.23312316788688,-7.1800381673515e-06,-9.6101866424814e-07
1.87575,-0.89132647813655,0.24072081390542,-7.4613710288411e-06,-9.5735369612487e-07
1.876,-0.88940536059231,0.24829127426711,-7.7629516020069e-06,-9.5394213951983e-07
1.87625,-0.88741794390755,0.25583419112001,-8.0871150205959e-06,-9.5090819157271e-07
1.8765,-0.88536469331875,0.26334920943382,-8.4365687565981e-06,-9.4841102801019e-07
1.87675,-0.88324606952691,0.27083597690474,-8.8144697862772e-06,-9.4665537864756e-07
1.877,-0.88106252886659,0.27829414386529,-9.2245217369156e-06,-9.4590575028136e-07
1.87725,-0.8788145234705,0.28572336319895,-9.6710983084031e-06,-9.4650575033163e-07
1.8775,-0.87650250142964,0.2931232902593,-1.0159401630663e-05,-9.4890463372741e-07
1.87775,-0.87412690694918,0.30049358279357,-1.0695667632444e-05,-9.5369421941273e-07
1.878,-0.87168818050025,0.30783390087031,-1.1287435499565e-05,-9.6166091749111e-07
1.87825,-0.86918675896755,0.31514390681107,-1.1943905753281e-05,-9.7386013954626e-07
1.8785,-0.86662307579308,0.32242326512581,-1.2676422786323e-05,-9.9172446908506e-07
1.87875,-0.86399756111603,0.32967164245212,-1.349913519413e-05,-1.0172237794784e-06
1.879,-0.86131064190884,0.33688870749762,-1.4429914922817e-05,-1.0531070806878e-06
1.87925,-0.85856274210968,0.34407413098601,-1.549166111873e-05,-1.1032761840091e-06
1.8795,-0.85575428275131,0.35122758560607,-1.6714189230734e-05,-1.1733779982499e-06
1.87975,-0.85288568208649,0.35834874596373,-1.8137033914595e-05,-1.2717711103988e-06
1.88,-0.84995735571004,0.36543728853715,-1.9813721057665e-05,-1.4111567124659e-06
1.88025,-0.84696971667751,0.37249289163449,-2.1818481030305e-05,-1.6114388985612e-06
1.8805,-0.84392317562077,0.3795152353543,-2.4257173316392e-05,-1.9049730029484e-06
1.88075,-0.84081814086034,0.38650400154856,-2.7285791559168e-05,-2.3467256468468e-06
1.881,-0.83765501851473,0.39345887378807,-3.1143282306794e-05,-3.0352515354904e-06
1.88125,-0.83443421260688,0.4003795373302,-3.6212848334859e-05,-4.1595517470659e-06
1.8815,-0.83115612516753,0.40726567908885,-4.3142983432343e-05,-6.1145444714825e-06
1.88175,-0.82782115633597,0.41411698760652,-5.3097740016832e-05,-9.8234359996269e-06
1.882,-0.82442970445787,0.42093315302846,-6.8259105028308e-05,-1.7794028518055e-05
1.88225,-0.82098216618053,0.42771386707874,-9.2232970782915e-05,-3.8316939581526e-05
1.8825,-0.81747893654551,0.43445882303818,-0.00011888065666022,-0.00010323520292207
1.88275,-0.81392040907864,0.4411677157241,-1.7582723709689e-05,-0.00021860403567038
1.883,-0.81030697587767,0.44784024147171,9.8186451859488e-05,-0.00012101066395752
1.88325,-0.80663902769737,0.45447609811717,8.3400038232029e-05,-5.4192830428422e-05
1.8835,-0.80291695403237,0.46107498498225,6.3946086746909e-05,-3.0133316530392e-05
1.88375,-0.79914114319766,0.46763660286042,5.0730876010677e-05,-1.9648270038162e-05
1.884,-0.79531198240682,0.47416065400437,4.1757070166962e-05,-1.4209500058805e-05
1.88425,-0.79142985784813,0.48064684211501,3.5383237796907e-05,-1.1021315458954e-05
1.8845,-0.78749515475846,0.48709487233158,3.065751229262e-05,-8.9826561623483e-06
1.88475,-0.78350825749518,0.49350445122319,2.7026693687621e-05,-7.5927785556416e-06
1.885,-0.77946954960593,0.4998752867815,2.4155125140153e-05,-6.5977671665768e-06
1.88525,-0.77537941389651,0.50620708841445,2.1829618134497e-05,-5.8576076614477e-06
1.8855,-0.77123823249673,0.51249956694129,1.9909078588582e-05,-5.2898134965504e-06
1.88575,-0.7670463869245,0.51875243458843,1.8296736344892e-05,-4.8431257377836e-06
1.886,-0.76280425814798,0.52496540498643,1.6924154885578e-05,-4.4842618298182e-06
1.88625,-0.75851222664592,0.53113819316791,1.5741640153428e-05,-4.1908036353266e-06
1.8865,-0.75417067246638,0.53727051556637,1.4712272367808e-05,-3.9471737901414e-06
1.88675,-0.74977997528357,0.54336209001588,1.3808069235871e-05,-3.7422553927899e-06
1.887,-0.74534051445313,0.5494126357516,1.3007447195353e-05,-3.5679289473253e-06
1.88725,-0.74085266906573,0.55542187341108,1.2293498030593e-05,-3.4181427919246e-06
1.8875,-0.73631681799908,0.56138952503638,1.1652792054658e-05,-3.2883051142473e-06
1.88775,-0.7317333399684,0.56731531407684,1.1074529885844e-05,-3.1748760046964e-06
1.888,-0.72710261357535,0.57319896539255,1.0549930199271e-05,-3.0750874450194e-06
1.88825,-0.72242501735547,0.57904020525852,1.0071780460984e-05,-2.9867471686097e-06
1.8885,-0.71770092982417,0.58483876136945,9.6341022975875e-06,-2.9080987385823e-06
1.88875,-0.71293072952135,0.59059436284507,9.231898840931e-06,-2.8377200687417e-06
1.889,-0.7081147950545,0.5963067402361,8.860961583943e-06,-2.7744487132221e-06
1.88925,-0.70325350514063,0.60197562553069,8.5177210407597e-06,-2.7173261057187e-06
1.8895,-0.6983472386467,0.60760075216141,8.1991300617633e-06,-2.6655554169148e-06
1.88975,-0.69339637462888,0.61318185501272,7.9025717785021e-06,-2.6184693349925e-06
1.89,-0.68840129237046,0.61871867042887,7.6257863276565e-06,-2.5755051694151e-06
1.89025,-0.68336237141854,0.6242109362223,7.3668120373865e-06,-2.5361854232803e-06
1.8905,-0.67827999161958,0.62965839168234,7.1239378559356e-06,-2.5001024940334e-06
1.89075,-0.67315453315362,0.63506077758445,6.895664595562e-06,-2.4669065225118e-06
1.891,-0.66798637656751,0.64041783619968,6.6806731450765e-06,-2.436295665706e-06
1.89125,-0.66277590280687,0.64572931130458,6.4777982331002e-06,-2.4080082519136e-06
1.8915,-0.65752349324699,0.65099494819136,6.2860066442474e-06,-2.3818164099687e-06
1.89175,-0.65222952972268,0.65621449367841,6.1043790315271e-06,-2.3575208617649e-06
1.892,-0.64689439455701,0.66138769612107,5.9320946514337e-06,-2.334946639506e-06
1.89225,-0.64151847058897,0.66651430542272,5.7684184884873e-06,-2.3139395430912e-06
1.8925,-0.63610214120026,0.67159407304603,5.6126903442694e-06,-2.2943631937283e-06
1.89275,-0.63064579034095,0.67662675202448,5.4643155501653e-06,-2.2760965707782e-06
1.893,-0.62514980255419,0.68161209697416,5.3227570289113e-06,-2.2590319425219e-06
1.89325,-0.61961456300001,0.68654986410565,5.1875284819483e-06,-2.2430731198023e-06
1.8935,-0.61404045747814,0.69143981123617,5.058188520715e-06,-2.228133975682e-06
1.89375,-0.60842787244996,0.69628169780184,4.9343355928189e-06,-2.2141371853581e-06
1.894,-0.60277719505955,0.70107528487008,4.8156035803129e-06,-2.2010131492985e-06
1.89425,-0.5970888131538,0.70582033515226,4.7016579684981e-06,-2.1886990694752e-06
1.8945,-0.59136311530175,0.71051661301629,4.592192500843e-06,-2.1771381540695e-06
1.89475,-0.58560049081305,0.71516388449943,4.4869262495714e-06,-2.1662789304215e-06
1.895,-0.5798013297556,0.71976191732115,4.3856010429044e-06,-2.1560746495384e-06
1.89525,-0.57396602297242,0.72431048089612,4.2879791993193e-06,-2.1464827683346e-06
1.8955,-0.56809496209764,0.72880934634718,4.1938415269237e-06,-2.1374644980997e-06
1.89575,-0.5621885395719,0.73325828651839,4.102985552458e-06,-2.1289844095873e-06
1.896,-0.55624714865677,0.73765707598816,4.0152239497526e-06,-2.1210100866674e-06
1.89625,-0.55027118344862,0.74200549108232,3.9303831419256e-06,-2.1135118217648e-06
1.8965,-0.54426103889168,0.74630330988735,3.8483020553131e-06,-2.1064623473583e-06
1.89675,-0.53821711079046,0.75055031226335,3.7688310062593e-06,-2.0998365986927e-06
1.897,-0.53213979582135,0.75474627985733,3.6918307045269e-06,-2.0936115035803e-06
1.89725,-0.52602949154375,0.75889099611616,3.6171713593167e-06,-2.0877657957784e-06
1.8975,-0.51988659641029,0.76298424629971,3.5447318757737e-06,-2.0822798489383e-06
1.89775,-0.51371150977674,0.76702581749382,3.4743991314697e-06,-2.0771355285475e-06
1.898,-0.50750463191088,0.77101549862329,3.4060673237216e-06,-2.072316059649e-06
1.89825,-0.50126636400112,0.77495308046471,3.3396373797793e-06,-2.0678059084288e-06
1.8985,-0.49499710816437,0.7788383556593,3.2750164229234e-06,-2.0635906760164e-06
1.89875,-0.48869726745319,0.78267111872565,3.2121172883815e-06,-2.0596570030683e-06
1.899,-0.48236724586275,0.78645116607223,3.1508580837157e-06,-2.055992483892e-06
1.89925,-0.47600744833675,0.79017829600999,3.0911617889804e-06,-2.0525855890245e-06
1.8995,-0.46961828077317,0.79385230876474,3.0329558925096e-06,-2.0494255953223e-06
1.89975,-0.46320015002936,0.7974730064893,2.9761720586758e-06,-2.0465025227365e-06
1.9,-0.45675346392658,0.80104019327575,2.9207458243869e-06,-2.0438070770461e-06
1.90025,-0.45027863125407,0.80455367516725,2.8666163214556e-06,-2.0413305979161e-06
1.9005,-0.44377606177266,0.80801326016996,2.8137260222956e-06,-2.0390650117184e-06
1.90075,-0.43724616621793,0.81141875826455,2.7620205066831e-06,-2.0370027886223e-06
1.901,-0.43068935630264,0.81476998141782,2.711448247566e-06,-2.0351369035195e-06
1.90125,-0.4241060447193,0.81806674359379,2.6619604141255e-06,-2.0334608003957e-06
1.9015,-0.41749664514161,0.82130886076484,2.6135106904779e-06,-2.0319683598085e-06
1.90175,-0.41086157222598,0.82449615092259,2.5660551085818e-06,-2.0306538691677e-06
1.902,-0.40420124161246,0.82762843408853,2.519551894059e-06,-2.0295119955458e-06
1.90225,-0.39751606992516,0.83070553232453,2.4739613237691e-06,-2.0285377607815e-06
1.9025,-0.39080647477271,0.83372726974274,2.4292455941002e-06,-2.0277265186578e-06
1.90275,-0.38407287474768,0.83669347251598,2.3853686990335e-06,-2.0270739339662e-06
1.903,-0.37731568942634,0.83960396888714,2.3422963171408e-06,-2.0265759632826e-06
1.90325,-0.37053533936765,0.84245858917865,2.2999957067467e-06,-2.026228837303e-06
1.9035,-0.36373224611211,0.84525716580178,2.2584356085705e-06,-2.0260290445998e-06
1.90375,-0.35690683218011,0.84799953326548,2.2175861552174e-06,-2.0259733166754e-06
1.904,-0.35005952107028,0.85068552818501,2.1774187869581e-06,-2.026058614202e-06
1.90425,-0.34319073725726,0.85331498929033,2.1379061732789e-06,-2.0262821143454e-06
1.9045,-0.33630090618944,0.85588775743399,2.0990221397377e-06,-2.0266411990846e-06
1.90475,-0.32939045428622,0.85840367559908,2.060741599699e-06,-2.0271334444438e-06
1.905,-0.32245980893526,0.86086258890653,2.0230404905644e-06,-2.0277566105637e-06
1.90525,-0.3155093984893,0.86326434462219,1.9858957141415e-06,-2.0285086325448e-06
1.9055,-0.30853965226301,0.86560879216366,1.9492850808328e-06,-2.0293876120038e-06
1.90575,-0.30155100052924,0.86789578310676,1.9131872573491e-06,-2.0303918092857e-06
1.906,-0.29454387451563,0.87012517119153,1.8775817176765e-06,-2.0315196362848e-06
1.90625,-0.28751870640063,0.87229681232812,1.8424486970537e-06,-2.0327696498277e-06
1.9065,-0.28047592930948,0.87441056460201,1.8077691487301e-06,-2.0341405455782e-06
1.90675,-0.27341597731021,0.87646628827921,1.7735247033001e-06,-2.0356311524269e-06
1.907,-0.26633928540929,0.87846384581081,1.7396976304203e-06,-2.0372404273312e-06
1.90725,-0.25924628954738,0.8804031018373,1.706270802736e-06,-2.0389674505769e-06
1.9075,-0.25213742659489,0.88228392319248,1.6732276618544e-06,-2.0408114214306e-06
1.90775,-0.2450131343474,0.88410617890695,1.6405521862159e-06,-2.0427716541602e-06
1.908,-0.23787385152122,0.88586974021126,1.608228860726e-06,-2.0448475743996e-06
1.90825,-0.23072001774883,0.88757448053858,1.5762426480203e-06,-2.0470387158361e-06
1.9085,-0.22355207357414,0.88922027552702,1.5445789612455e-06,-2.0493447172021e-06
1.90875,-0.21637046044815,0.89080700302152,1.5132236382475e-06,-2.0517653195542e-06
1.909,-0.20917562072405,0.89233454307537,1.4821629170659e-06,-2.0543003638236e-06
1.90925,-0.20196799765305,0.8938027779511,1.4513834126392e-06,-2.0569497886236e-06
1.9095,-0.19474803537957,0.89521159212136,1.4208720946369e-06,-2.0597136283015e-06
1.90975,-0.18751617893708,0.89656087226881,1.3906162663344e-06,-2.0625920112245e-06
1.91,-0.18027287424365,0.89785050728605,1.3606035444563e-06,-2.0655851582868e-06
1.91025,-0.17301856809787,0.89908038827485,1.3308218399175e-06,-2.068693381632e-06
1.9105,-0.16575370817467,0.90025040854497,1.3012593393956e-06,-2.0719170835795e-06
1.91075,-0.15847874302158,0.90136046361256,1.2719044876734e-06,-2.0752567557494e-06
1.911,-0.15119412205483,0.90241045119811,1.242745970692e-06,-2.0787129783795e-06
1.91125,-0.14390029555601,0.90340027122388,1.2137726992621e-06,-2.0822864198274e-06
1.9115,-0.13659771466859,0.90432982581092,1.1849737933798e-06,-2.0859778362552e-06
1.91175,-0.12928683139499,0.90519901927557,1.1563385671006e-06,-2.0897880714906e-06
1.912,-0.12196809859384,0.90600775812548,1.1278565139236e-06,-2.0937180570627e-06
1.91225,-0.11464196997718,0.90675595105526,1.099517292644e-06,-2.097768812409e-06
1.9125,-0.10730890010867,0.90744350894152,1.0713107136316e-06,-2.1019414452522e-06
1.91275,-0.099969344401455,0.90807034483751,1.0432267254963e-06,-2.1062371521448e-06
1.913,-0.092623759116781,0.90863637396712,1.0152554021031e-06,-2.1106572191817e-06
1.91325,-0.085272601362925,0.90914151371875,9.8738692990007e-07,-2.1152030228802e-06
1.9135,-0.077916329094364,0.9095856836382,9.5961159552443e-07,-2.1198760312283e-06
1.91375,-0.070555401111686,0.90996880542152,9.3191977365405e-07,-2.1246778049013e-06
1.914,-0.06319027706184,0.91029080290709,9.0430191507113e-07,-2.1296099986506e-06
1.91425,-0.055821417438549,0.91055160206729,8.767485349069e-07,-2.1346743628645e-06
1.9145,-0.048449283584011,0.91075113099971,8.4925020103646e-07,-2.139872745306e-06
1.91475,-0.041074337690318,0.91088931991781,8.2179752259364e-07,-2.1452070930298e-06
1.915,-0.033697042801989,0.91096610114121,7.9438113857638e-07,-2.1506794544835e-06
1.91525,-0.02631786281897,0.91098140908529,7.6699170651295e-07,-2.1562919817966e-06
1.9155,-0.018937262500211,0.91093518025048,7.3961989116063e-07,-2.1620469332649e-06
1.91575,-0.011555707468019,0.91082735321099,7.1225635320727e-07,-2.1679466760333e-06
1.916,-0.0041736642130816,0.91065786860308,6.8489173794714e-07,-2.1739936889873e-06
1.91625,0.0032083998997699,0.9104266691128,6.5751666390174e-07,-2.1801905658575e-06
1.9165,0.010590016625036,0.91013369946334,6.3012171135664e-07,-2.1865400185474e-06
1.91675,0.017970716829219,0.90977890640187,6.0269741078375e-07,-2.1930448806938e-06
1.917,0.025350030482519,0.90936223868584,5.7523423111976e-07,-2.1997081114677e-06
1.91725,0.032727486649876,0.90888364706898,5.477225678687e-07,-2.2065327996287e-06
1.9175,0.040102613480885,0.90834308428667,5.2015273099746e-07,-2.2135221678435e-06
1.91775,0.047474938198836,0.90774050504103,4.9251493259147e-07,-2.2206795772821e-06
1.918,0.054843987088767,0.90707586598541,4.64799274236e-07,-2.2280085325042e-06
1.91825,0.062209285484437,0.90634912570861,4.3699573408888e-07,-2.2355126866526e-06
1.9185,0.069570357754234,0.90556024471854,4.0909415360706e-07,-2.2431958469682e-06
1.91875,0.076926727285986,0.90470918542559,3.8108422388911e-07,-2.2510619806451e-06
1.919,0.084277916470548,0.90379591212548,3.5295547159385e-07,-2.2591152210447e-06
1.91925,0.091623446684208,0.90282039098187,3.2469724439231e-07,-2.2673598742883e-06
1.9195,0.098962838269866,0.90178259000843,2.9629869590891e-07,-2.2758004262516e-06
1.91975,0.10629561051685,0.90068247905073,2.6774877010521e-07,-2.2844415499835e-06
1.92,0.11362128163942,0.89952002976763,2.3903618505602e-07,-2.2932881135768e-06
1.92025,0.12093936875388,0.89829521561246,2.101494160653e-07,-2.3023451885155e-06
1.9205,0.12824938785412,0.89700801181386,1.8107667806622e-07,-2.3116180585325e-06
1.92075,0.13555085378595,0.89565839535624,1.5180590724481e-07,-2.3211122290062e-06
1.921,0.14284328021944,0.89424634496019,1.2232474182427e-07,-2.3308334369335e-06
1.92125,0.15012617962013,0.89277184106237,9.2620501941169e-08,-2.340787661516e-06
1.9215,0.15739906321816,0.89123486579544,6.2680168540399e-08,-2.3509811354003e-06
1.92175,0.16466144097597,0.88963540296765,3.2490361211418e-08,-2.3614203566154e-06
1.922,0.17191282155412,0.88797343804219,2.0373148800883e-09,-2.3721121012574e-06
1.92225,0.17915271227516,0.88624895811668,-2.869314473296e-08,-2.38306343697e-06
1.9225,0.18638061908578,0.8844619519022,-5.9715626986423e-08,-2.3942817372795e-06
1.92275,0.19359604651698,0.88261240970255,-9.1045203629098e-08,-2.4057746968429e-06
1.923,0.2007984976421,0.88070032339321,-1.2269743766186e-07,-2.4175503476757e-06
1.92325,0.20798747403286,0.87872568640056,-1.5468841387368e-07,-2.4296170764311e-06
1.9235,0.2151624757131,0.87668849368092,-1.8703477118519e-07,-2.4419836428074e-06
1.92375,0.22232300111075,0.87458874169961,-2.1975373694362e-07,-2.4546591991677e-06
1.924,0.22946854700655,0.87242642841057,-2.528631633271e-07,-2.4676533114647e-06
1.92425,0.23659860848176,0.87020155323554,-2.8638156602799e-07,-2.4809759815688e-06
1.9245,0.24371267886216,0.86791411704381,-3.2032816540131e-07,-2.4946376711099e-06
1.92475,0.25081024966021,0.86556412213236,-3.5472293027956e-07,-2.50864932695e-06
1.925,0.2578908105148,0.86315157220582,-3.8958662467568e-07,-2.5230224084168e-06
1.92525,0.26495384912744,0.86067647235725,-4.2494085761337e-07,-2.5377689164397e-06
1.9255,0.27199885119657,0.85813882904953,-4.608081363488e-07,-2.5529014247425e-06
1.92575,0.27902530034935,0.85553865009619,-4.9721192327059e-07,-2.568433113263e-06
1.926,0.28603267806865,0.85287594464444,-5.3417669679472e-07,-2.5843778039833e-06
1.92625,0.29302046361939,0.8501507231574,-5.7172801659838e-07,-2.6007499993765e-06
1.9265,0.29998813397064,0.84736299739769,-6.0989259357437e-07,-2.6175649236918e-06
1.92675,0.3069351637141,0.84451278041191,-6.4869836492222e-07,-2.634838567324e-06
1.927,0.31386102498052,0.84160008651567,-6.8817457483611e-07,-2.6525877345378e-06
1.92725,0.3207651873518,0.83862493127981,-7.283518612966e-07,-2.6708300948455e-06
1.9275,0.32764711776969,0.83558733151783,-7.6926234952446e-07,-2.689584238365e-06
1.92775,0.33450628044204,0.83248730527358,-8.1093975271413e-07,-2.7088697355232e-06
1.928,0.34134213674372,0.82932487181186,-8.5341948073129e-07,-2.7287072015041e-06
1.92825,0.34815414511546,0.82610005160858,-8.9673875753023e-07,-2.749118365887e-06
1.9285,0.35494176095705,0.82281286634395,-9.4093674813154e-07,-2.7701261479679e-06
1.92875,0.36170443651884,0.81946333889603,-9.8605469609352e-07,-2.7917547383081e-06
1.929,0.36844162078707,0.81605149333686,-1.0321360725145e-06,-2.8140296871223e-06
1.92925,0.37515275936619,0.81257735493012,-1.0792267377226e-06,-2.8369780001785e-06
1.9295,0.38183729435694,0.80904095013071,-1.1273751169448e-06,-2.8606282429665e-06
1.92975,0.38849466422897,0.80544230658738,-1.1766323913951e-06,-2.8850106539769e-06
1.93,0.39512430369096,0.80178145314549,-1.2270527063974e-06,-2.9101572680315e-06
1.93025,0.40172564355462,0.79805841985456,-1.2786933983535e-06,-2.9361020507206e-06
1.9305,0.40829811059298,0.79427323797833,-1.3316152425857e-06,-2.9628810451302e-06
1.93075,0.41484112739792,0.79042594000491,-1.3858827243444e-06,-2.9905325321888e-06
1.931,0.42135411222748,0.78651655966375,-1.4415643355522e-06,-3.0190972061295e-06
1.93125,0.42783647885166,0.78254513194345,-1.4987329001983e-06,-3.0486183667562e-06
1.9315,0.43428763639341,0.77851169311276,-1.5574659316696e-06,-3.0791421304197e-06
1.93175,0.44070698916043,0.77441628074752,-1.6178460257478e-06,-3.1107176618603e-06
1.932,0.447093936477,0.7702589337583,-1.6799612935078e-06,-3.1433974293658e-06
1.93225,0.45344787250468,0.76603969242514,-1.7439058389368e-06,-3.1772374860235e-06
1.9325,0.45976818606273,0.76175859843462,-1.8097802867625e-06,-3.2122977802324e-06
1.93275,0.46605426043835,0.75741569492279,-1.877692366777e-06,-3.2486424990883e-06
1.933,0.47230547319376,0.75301102652207,-1.9477575618412e-06,-3.2863404487727e-06
1.93325,0.47852119596649,0.74854463941369,-2.0200998278338e-06,-3.325465476682e-06
1.9335,0.48470079426314,0.74401658138643,-2.0948523950437e-06,-3.3660969407371e-06
1.93375,0.49084362724721,0.73942690190031,-2.1721586619717e-06,-3.4083202321392e-06
1.934,0.49694904752158,0.73477565215575,-2.2521731942322e-06,-3.4522273588117e-06
1.93425,0.50301640090276,0.73006288517189,-2.3350628432616e-06,-3.4979175979032e-06
1.9345,0.50904502618967,0.72528865586856,-2.4210080019585e-06,-3.5454982270795e-06
1.93475,0.51503425492625,0.72045302115833,-2.5102040172208e-06,-3.5950853459297e-06
1.935,0.52098341115642,0.71555604004367,-2.602862782747e-06,-3.6468048007076e-06
1.93525,0.52689181117266,0.71059777372521,-2.6992145395384e-06,-3.7007932278991e-06
1.9355,0.53275876325649,0.70557828571599,-2.7995099164052e-06,-3.75719923481e-06
1.93575,0.53858356741564,0.70049764196496,-2.904022248661e-06,-3.8161847386336e-06
1.936,0.54436551510831,0.69535591099377,-3.0130502202847e-06,-3.8779264893728e-06
1.93625,0.55010388896686,0.69015316403624,-3.1269208834638e-06,-3.9426178067562e-06
1.9365,0.55579796250803,0.68488947519754,-3.2459931199355e-06,-4.0104705670558e-06
1.93675,0.56144699984134,0.67956492161592,-3.3706616214357e-06,-4.0817174827766e-06
1.937,0.5670502553672,0.67417958364177,-3.5013614824122e-06,-4.1566147268391e-06
1.93725,0.57260697346734,0.66873354502788,-3.6385735177788e-06,-4.2354449635388e-06
1.9375,0.57811638819081,0.66322689313045,-3.7828304428322e-06,-4.3185208617779e-06
1.93775,0.58357772292978,0.65765971912698,-3.9347240829673e-06,-4.4061891825058e-06
1.938,0.58899019009007,0.65203211824574,-4.0949138190783e-06,-4.4988355528912e-06
1.93825,0.59435299075282,0.64634419001188,-4.2641365229938e-06,-4.5968900656584e-06
1.9385,0.59966531433118,0.64059603850967,-4.4432182989217e-06,-4.7008338748661e-06
1.93875,0.60492633821814,0.63478777265992,-4.6330884258321e-06,-4.8112070012319e-06
1.939,0.61013522742789,0.62891950651526,-4.8347959975822e-06,-4.9286176138469e-06
1.93925,0.61529113423086,0.62299135957564,-5.0495298900126e-06,-5.0537531245323e-06
1.9395,0.62039319778224,0.61700345711959,-5.2786428576953e-06,-5.1873935215341e-06
1.93975,0.62544054374237,0.6109559305592,-5.5236807922557e-06,-5.3304274879697e-06
1.94,0.63043228389495,0.60484891781302,-5.7864184796859e-06,-5.4838720076419e-06
1.94025,0.63536751575384,0.59868256370356,-6.0689036053357e-06,-5.6488963708958e-06
1.9405,0.6402453221699,0.59245702037585,-6.3735113143214e-06,-5.8268517765656e-06
1.94075,0.64506477092701,0.58617244774428,-6.7030124037061e-06,-6.019308112383e-06
1.941,0.6498249143391,0.5798290139571,-7.0606592917013e-06,-6.2281000286273e-06
1.94125,0.65452478883885,0.57342689589528,-7.450295414888e-06,-6.4553851625003e-06
1.9415,0.65916341456245,0.56696627969576,-7.8764958544608e-06,-6.7037184198713e-06
1.94175,0.66373979493371,0.56044736130269,-8.344750108629e-06,-6.9761477240474e-06
1.942,0.66825291624395,0.55387034705102,-8.8617025177494e-06,-7.2763388265712e-06
1.94225,0.67270174722982,0.54723545428001,-9.4354727285034e-06,-7.6087400050333e-06
1.9425,0.67708523864956,0.54054291198189,-1.0076089097133e-05,-7.9788023320458e-06
1.94275,0.68140232286098,0.5337929614811,-1.0796084344528e-05,-8.3932786534579e-06
1.943,0.68565191339824,0.5269858571537,-1.1611329007867e-05,-8.8606360950578e-06
1.94325,0.68983290455023,0.52012186718042,-1.2542221273084e-05,-9.3916356602989e-06
1.9435,0.69394417094389,0.51320127434171,-1.361542449425e-05,-1.0000163354828e-05
1.94375,0.69798456712802,0.5062243768501,-1.4866470725783e-05,-1.0704449635146e-05
1.944,0.70195292716643,0.49919148922851,-1.6343778990754e-05,-1.1528905743564e-05
1.94425,0.70584806423496,0.49210294322617,-1.8115073461144e-05,-1.2506972366024e-05
1.9445,0.70966877022894,0.48495908878779,-2.0278056310156e-05,-1.3685692490513e-05
1.94475,0.71341381537923,0.47776029506272,-2.2979028690524e-05,-1.5133349684779e-05
1.945,0.71708194788121,0.47050695146541,-2.6447328078909e-05,-1.6952834314222e-05
1.94525,0.72067189353806,0.46319946878928,-3.1063791164062e-05,-1.9306348336403e-05
1.9455,0.72418235542033,0.45583828036784,-3.7510021186794e-05,-2.2464079608869e-05
1.94575,0.72761201354281,0.44842384329289,-4.7136197496688e-05,-2.690715309689e-05
1.946,0.73095952456451,0.44095663968845,-6.3036568108653e-05,-3.3558356889013e-05
1.94625,0.73422352151107,0.4334371780399,-9.412586111374e-05,-4.423563276935e-05
1.9465,0.73740261352496,0.42586599458679,-0.0001793496072765,-5.9274319052713e-05
1.94675,0.74049538564493,0.41824365477126,-0.00058543114818461,0.00030917264993239
1.947,0.74350039861968,0.41057075475415,0.00016141099029047,0.00020508511794554
1.94725,0.74641618875747,0.40284792299221,9.4109569485398e-05,8.1246033449172e-05
1.9475,0.74924126781748,0.39507582188292,6.4689229987209e-05,4.9026614387263e-05
1.94775,0.75197412294543,0.38725514947542,4.9234485165247e-05,3.4738620608891e-05
1.948,0.75461321665948,0.37938664125365,3.9789729453061e-05,2.6744064147803e-05
1.94825,0.75715698688892,0.37147107198472,3.3435532306003e-05,2.1652711687815e-05
1.9485,0.75960384707234,0.36350925764417,2.8872467223277e-05,1.8131773031771e-05
1.94875,0.76195218632096,0.35550205740905,2.543810440032e-05,1.555396437098e-05
1.949,0.76420036965026,0.34745037572841,2.2760187312698e-05,1.3586108522785e-05
1.94925,0.76634673828827,0.33935516446534,2.0613699591554e-05,1.2035135119353e-05
1.9495,0.76838961006592,0.33121742511544,1.885471447575e-05,1.0781547422411e-05
1.94975,0.7703272798956,0.32303821109911,1.7386924966048e-05,9.747470228661e-06
1.95,0.77215802034556,0.31481863012939,1.6143471508282e-05,8.8800011358215e-06
