1.7,0.75246724919335,0.58670351147392,-6.5442528780563e-05,5.6556753489013e-05
1.70025,0.75622212458971,0.58170476137675,-6.5375430713288e-05,5.681117628057e-05
1.7005,0.75994500609431,0.57667903630133,-6.5307417272488e-05,5.7069985557082e-05
1.70075,0.76363568170616,0.57162653407721,-6.5238417119338e-05,5.7333174704401e-05
1.701,0.76729394065206,0.56654745409073,-6.5168359016553e-05,5.7600736180674e-05
1.70125,0.77091957339494,0.56144199727516,-6.5097171839917e-05,5.7872661519657e-05
1.7015,0.77451237164204,0.55631036610099,-6.5024784589724e-05,5.8148941334177e-05
1.70175,0.77807212835292,0.5511527645661,-6.4951126402109e-05,5.8429565319717e-05
1.702,0.78159863774739,0.54596939818596,-6.4876126560295e-05,5.8714522258148e-05
1.70225,0.78509169531327,0.5407604739839,-6.4799714505727e-05,5.9003800021578e-05
1.7025,0.78855109781399,0.5355262004813,-6.4721819849111e-05,5.9297385576335e-05
1.70275,0.79197664329613,0.53026678768781,-6.4642372381349e-05,5.9595264987077e-05
1.703,0.79536813109675,0.52498244709163,-6.4561302084373e-05,5.9897423421024e-05
1.70325,0.79872536185064,0.51967339164972,-6.4478539141874e-05,6.0203845152306e-05
1.7035,0.80204813749735,0.51433983577811,-6.4394013949924e-05,6.0514513566441e-05
1.70375,0.80533626128824,0.50898199534217,-6.4307657127497e-05,6.0829411164915e-05
1.704,0.80858953779324,0.50360008764692,-6.4219399526875e-05,6.1148519569892e-05
1.70425,0.81180777290759,0.49819433142734,-6.4129172243963e-05,6.1471819529023e-05
1.7045,0.81499077385838,0.49276494683876,-6.4036906628476e-05,6.1799290920373e-05
1.70475,0.818138349211,0.4873121554472,-6.3942534294032e-05,6.2130912757452e-05
1.705,0.82125030887548,0.48183618021983,-6.3845987128135e-05,6.2466663194352e-05
1.70525,0.82432646411262,0.47633724551533,-6.3747197302037e-05,6.280651953099e-05
1.7055,0.82736662754011,0.47081557707443,-6.3646097280504e-05,6.315045821845e-05
1.70575,0.83037061313842,0.46527140201041,-6.3542619831463e-05,6.3498454864425e-05
1.706,0.83333823625663,0.4597049487996,-6.343669803554e-05,6.3850484238757e-05
1.70625,0.83626931361815,0.454116447272,-6.3328265295487e-05,6.4206520279067e-05
1.7065,0.8391636633262,0.44850612860188,-6.3217255345494e-05,6.4566536096492e-05
1.70675,0.84202110486938,0.44287422529849,-6.3103602260395e-05,6.4930503981496e-05
1.707,0.84484145912688,0.43722097119673,-6.2987240464751e-05,6.5298395409781e-05
1.70725,0.84762454837378,0.43154660144792,-6.2868104741833e-05,6.5670181048284e-05
1.7075,0.85037019628608,0.42585135251063,-6.2746130242479e-05,6.6045830761257e-05
1.70775,0.85307822794574,0.42013546214154,-6.2621252493845e-05,6.6425313616432e-05
1.708,0.85574846984548,0.41439916938632,-6.2493407408037e-05,6.6808597891266e-05
1.70825,0.85838074989357,0.40864271457065,-6.2362531290637e-05,6.7195651079271e-05
1.7085,0.86097489741845,0.40286633929125,-6.2228560849103e-05,6.7586439896412e-05
1.70875,0.86353074317331,0.39707028640691,-6.2091433201062e-05,6.7980930287596e-05
1.709,0.8660481193404,0.39125480002974,-6.1951085882489e-05,6.8379087433218e-05
1.70925,0.86852685953548,0.38542012551628,-6.1807456855763e-05,6.8780875755794e-05
1.7095,0.87096679881191,0.37956650945886,-6.1660484517616e-05,6.9186258926657e-05
1.70975,0.8733677736648,0.37369419967695,-6.1510107706965e-05,6.9595199872724e-05
1.71,0.87572962203502,0.36780344520849,-6.1356265712622e-05,7.0007660783334e-05
1.71025,0.87805218331307,0.36189449630151,-6.1198898280896e-05,7.0423603117146e-05
1.7105,0.88033529834288,0.3559676044056,-6.1037945623077e-05,7.0842987609103e-05
1.71075,0.88257880942553,0.35002302216357,-6.0873348422802e-05,7.1265774277462e-05
1.711,0.88478256032278,0.3440610034032,-6.0705047843307e-05,7.1691922430882e-05
1.71125,0.88694639626067,0.33808180312899,-6.0532985534563e-05,7.2121390675571e-05
1.7115,0.88907016393284,0.33208567751408,-6.0357103640293e-05,7.2554136922488e-05
1.71175,0.89115371150388,0.32607288389217,-6.0177344804878e-05,7.2990118394609e-05
1.712,0.89319688861257,0.32004368074959,-5.9993652180141e-05,7.3429291634244e-05
1.71225,0.89519954637499,0.31399832771742,-5.9805969432021e-05,7.3871612510401e-05
1.7125,0.89716153738755,0.30793708556371,-5.9614240747123e-05,7.4317036226208e-05
1.71275,0.89908271572999,0.30186021618577,-5.9418410839157e-05,7.4765517326389e-05
1.713,0.90096293696822,0.29576798260263,-5.9218424955262e-05,7.5217009704776e-05
1.71325,0.90280205815711,0.28966064894742,-5.9014228882207e-05,7.5671466611881e-05
1.7135,0.90459993784323,0.28353848046009,-5.8805768952482e-05,7.6128840662504e-05
1.71375,0.90635643606742,0.27740174348,-5.8592992050267e-05,7.6589083843394e-05
1.714,0.90807141436742,0.27125070543872,-5.8375845617289e-05,7.7052147520947e-05
1.71425,0.90974473578025,0.26508563485294,-5.815427765856e-05,7.7517982448942e-05
1.7145,0.9113762648447,0.25890680131743,-5.7928236748002e-05,7.7986538776328e-05
1.71475,0.91296586760357,0.25271447549815,-5.7697672033944e-05,7.8457766055043e-05
1.715,0.914513411606,0.24650892912542,-5.7462533244521e-05,7.8931613247867e-05
1.71525,0.9160187659096,0.2402904349872,-5.7222770692937e-05,7.9408028736316e-05
1.7155,0.91748180108259,0.23405926692257,-5.6978335282626e-05,7.9886960328573e-05
1.71575,0.91890238920584,0.22781569981519,-5.6729178512289e-05,8.0368355267442e-05
1.716,0.92028040387489,0.22156000958693,-5.6475252480811e-05,8.0852160238349e-05
1.71625,0.92161572020181,0.21529247319163,-5.6216509892075e-05,8.1338321377355e-05
1.7165,0.92290821481711,0.20901336860898,-5.5952904059642e-05,8.1826784279217e-05
1.71675,0.92415776587156,0.20272297483844,-5.5684388911324e-05,8.2317494005464e-05
1.717,0.92536425303789,0.19642157189339,-5.5410918993641e-05,8.2810395092503e-05
1.71725,0.92652755751251,0.1901094407953,-5.5132449476154e-05,8.3305431559753e-05
1.7175,0.92764756201715,0.18378686356809,-5.4848936155689e-05,8.3802546917802e-05
1.71775,0.92872415080045,0.17745412323259,-5.4560335460437e-05,8.4301684176583e-05
1.718,0.92975720963948,0.17111150380109,-5.4266604453941e-05,8.4802785853576e-05
1.71825,0.93074662584128,0.16475929027209,-5.3967700838965e-05,8.5305793982028e-05
1.7185,0.93169228824425,0.15839776862512,-5.3663582961248e-05,8.5810650119192e-05
1.71875,0.9325940872196,0.1520272258157,-5.3354209813131e-05,8.6317295354584e-05
1.719,0.93345191467268,0.14564794977045,-5.3039541037083e-05,8.6825670318256e-05
1.71925,0.93426566404432,0.13926022938229,-5.2719536929092e-05,8.7335715189082e-05
1.7195,0.93503523031213,0.13286435450587,-5.2394158441954e-05,8.7847369703063e-05
1.71975,0.93576050999172,0.12646061595302,-5.2063367188434e-05,8.8360573161636e-05
1.72,0.93644140113796,0.12004930548836,-5.172712544431e-05,8.8875264440005e-05
1.72025,0.93707780334609,0.11363071582516,-5.1385396151308e-05,8.9391381995467e-05
1.7205,0.93766961775299,0.10720514062121,-5.1038142919909e-05,8.9908863875764e-05
1.72075,0.93821674703821,0.10077287447487,-5.0685330032041e-05,9.0427647727427e-05
1.721,0.93871909542512,0.094334212921312,-5.0326922443659e-05,9.0947670804133e-05
1.72125,0.93917656868201,0.08788945242884,-4.9962885787196e-05,9.1468869975065e-05
1.7215,0.93958907412309,0.08143889039541,-4.9593186373908e-05,9.1991181733278e-05
1.72175,0.93995652060962,0.074982825145274,-4.921779119609e-05,9.2514542204059e-05
1.722,0.94027881855085,0.068521555925758,-4.8836667929178e-05,9.3038887153295e-05
1.72225,0.94055587990511,0.06205538290425,-4.8449784933735e-05,9.356415199584e-05
1.7225,0.94078761818073,0.055584607165286,-4.8057111257315e-05,9.4090271803869e-05
1.72275,0.94097394843711,0.049109530707799,-4.7658616636207e-05,9.4617181315247e-05
1.723,0.94111478728567,0.042630456442576,-4.7254271497065e-05,9.514481494187e-05
1.72325,0.94121005289081,0.036147688189792,-4.6844046958416e-05,9.5673106778024e-05
1.7235,0.9412596649709,0.029661530676792,-4.6427914832046e-05,9.6201990608713e-05
1.72375,0.94126354479927,0.02317228953598,-4.6005847624273e-05,9.6731399917992e-05
1.724,0.94122161520516,0.016680271302866,-4.5577818537098e-05,9.7261267897288e-05
1.72425,0.94113380057473,0.010185783414338,-4.5143801469233e-05,9.7791527453702e-05
1.7245,0.941000026852,0.0036891342070523,-4.4703771017015e-05,9.83221112183e-05
1.72475,0.9408202215399,-0.0028093670840122,-4.4257702475198e-05,9.8852951554398e-05
1.725,0.94059431370123,-0.0093094103267654,-4.3805571837626e-05,9.9383980565809e-05
1.72525,0.94032223395971,-0.01581068449313,-4.334735579778e-05,9.9915130105097e-05
1.7255,0.940003914501,-0.022312877659902,-4.2883031749218e-05,0.00010044633178179
1.72575,0.93963928907374,-0.028815677009495,-4.2412577785884e-05,0.00010097751697059
1.726,0.93922829299067,-0.035318768830496,-4.1935972702296e-05,0.00010150861681953
1.72625,0.93877086312968,-0.041821838517993,-4.1453195993626e-05,0.00010203956225816
1.7265,0.93826693793495,-0.048324570573773,-4.0964227855644e-05,0.00010257028400565
1.72675,0.93771645741813,-0.054826648606322,-4.0469049184554e-05,0.00010310071257887
1.727,0.93711936315947,-0.061327755330588,-3.9967641576702e-05,0.00010363077830052
1.72725,0.9364755983091,-0.06782757256764,-3.9459987328165e-05,0.0001041604113071
1.7275,0.93578510758823,-0.07432578124404,-3.8946069434224e-05,0.00010468954155696
1.72775,0.93504783729048,-0.080822061391084,-3.8425871588709e-05,0.00010521809883826
1.728,0.93426373528321,-0.087316092143842,-3.7899378183227e-05,0.00010574601277689
1.72825,0.9334327510089,-0.093807551739946,-3.7366574306271e-05,0.00010627321284438
1.7285,0.93255483548657,-0.10029611751823,-3.6827445742206e-05,0.00010679962836575
1.72875,0.93162994131326,-0.10678146591716,-3.6281978970127e-05,0.00010732518852736
1.729,0.93065802266561,-0.113263272473,-3.5730161162614e-05,0.0001078498223846
1.72925,0.92963903530138,-0.11974121181787,-3.5171980184348e-05,0.0001083734588697
1.7295,0.92857293656117,-0.12621495767747,-3.4607424590614e-05,0.00010889602679936
1.72975,0.92745968537007,-0.13268418286868,-3.4036483625684e-05,0.00010941745488241
1.73,0.92629924223951,-0.13914855929694,-3.3459147221076e-05,0.00010993767172735
1.73025,0.92509156926906,-0.14560775795332,-3.2875405993694e-05,0.00011045660584994
1.7305,0.92383663014836,-0.15206144891148,-3.2285251243846e-05,0.00011097418568058
1.73075,0.92253439015914,-0.15850930132431,-3.1688674953143e-05,0.0001114903395718
1.731,0.92118481617731,-0.16495098342043,-3.1085669782274e-05,0.00011200499580561
1.73125,0.91978787667506,-0.17138616250036,-3.0476229068664e-05,0.00011251808260074
1.7315,0.91834354172319,-0.17781450493256,-2.9860346824008e-05,0.00011302952811992
1.73175,0.91685178299338,-0.18423567614909,-2.923801773169e-05,0.00011353926047704
1.732,0.91531257376067,-0.19064934064123,-2.8609237144074e-05,0.00011404720774423
1.73225,0.91372588890596,-0.19705516195463,-2.7974001079681e-05,0.00011455329795889
1.7325,0.91209170491868,-0.20345280268437,-2.7332306220244e-05,0.00011505745913068
1.73275,0.91040999989947,-0.20984192446975,-2.6684149907643e-05,0.00011555961924838
1.733,0.90868075356308,-0.21622218798872,-2.6029530140721e-05,0.00011605970628667
1.73325,0.90690394724131,-0.22259325295218,-2.5368445571976e-05,0.00011655764821293
1.7335,0.90507956388608,-0.22895477809793,-2.4700895504146e-05,0.00011705337299381
1.73375,0.90320758807264,-0.23530642118439,-2.4026879886661e-05,0.00011754680860186
1.734,0.90128800600288,-0.24164783898408,-2.3346399311981e-05,0.00011803788302198
1.73425,0.89932080550884,-0.24797868727674,-2.2659455011825e-05,0.00011852652425781
1.7345,0.89730597605621,-0.25429862084225,-2.1966048853265e-05,0.00011901266033804
1.73475,0.89524350874817,-0.26060729345322,-2.1266183334718e-05,0.00011949621932263
1.735,0.89313339632916,-0.26690435786733,-2.055986158181e-05,0.0001199771293089
1.73525,0.89097563318901,-0.27318946581938,-1.9847087343129e-05,0.00012045531843757
1.7355,0.88877021536705,-0.27946226801297,-1.9127864985859e-05,0.00012093071489868
1.73575,0.88651714055648,-0.28572241411198,-1.84021994913e-05,0.00012140324693737
1.736,0.88421640810886,-0.2919695527317,-1.7670096450268e-05,0.00012187284285964
1.73625,0.88186801903885,-0.29820333142963,-1.6931562058385e-05,0.00012233943103792
1.7365,0.87947197602897,-0.30442339669603,-1.6186603111249e-05,0.00012280293991653
1.73675,0.87702828343472,-0.31062939394403,-1.5435226999499e-05,0.00012326329801715
1.737,0.87453694728978,-0.3168209674996,-1.4677441703753e-05,0.00012372043394398
1.73725,0.87199797531142,-0.322997760591,-1.3913255789444e-05,0.00012417427638893
1.7375,0.86941137690613,-0.32915941533803,-1.3142678401541e-05,0.00012462475413664
1.73775,0.86677716317547,-0.33530557274085,-1.2365719259154e-05,0.00012507179606939
1.738,0.86409534692208,-0.34143587266854,-1.1582388650033e-05,0.00012551533117182
1.73825,0.86136594265598,-0.34754995384723,-1.0792697424955e-05,0.0001259552885356
1.7385,0.85858896660102,-0.35364745384793,-9.9966569920003e-06,0.00012639159736394
1.73875,0.85576443670167,-0.35972800907393,-9.1942793107209e-06,0.00012682418697593
1.739,0.85289237262992,-0.36579125474793,-8.3855768862017e-06,0.00012725298681079
1.73925,0.84997279579257,-0.37183682489869,-7.5705627630102e-06,0.00012767792643196
1.7395,0.84700572933863,-0.37786435234738,-6.7492505190471e-06,0.00012809893553102
1.73975,0.84399119816717,-0.38387346869346,-5.9216542592859e-06,0.00012851594393146
1.74,0.84092922893523,-0.38986380430028,-5.0877886094059e-06,0.00012892888159239
1.74025,0.83781985006621,-0.39583498828011,-4.2476687093312e-06,0.00012933767861193
1.7405,0.83466309175841,-0.40178664847899,-3.4013102066541e-06,0.00012974226523061
1.74075,0.83145898599396,-0.40771841146089,-2.5487292499694e-06,0.00013014257183449
1.741,0.82820756654803,-0.41362990249167,-1.6899424820997e-06,0.00013053852895816
1.74125,0.82490886899833,-0.41952074552256,-8.2496703322155e-07,0.00013093006728757
1.7415,0.82156293073501,-0.42539056317305,4.6179486099473e-08,0.00013131711766267
1.74175,0.81816979097083,-0.43123897671355,9.2347899197809e-07,0.00013169961107991
1.742,0.81472949075174,-0.43706560604747,1.8069129343746e-06,0.00013207747869453
1.74225,0.81124207296779,-0.44287006969285,2.6964623043469e-06,0.00013245065182264
1.7425,0.8077075823644,-0.44865198476354,3.5921076414075e-06,0.00013281906194319
1.74275,0.8041260655541,-0.45441096694986,4.493829040961e-06,0.00013318264069969
1.743,0.80049757102855,-0.46014663049885,5.4016061618396e-06,0.0001335413199017
1.74325,0.79682214917104,-0.46585858819395,6.3154182339285e-06,0.00013389503152627
1.7435,0.79309985226945,-0.47154645133417,7.2352440658714e-06,0.00013424370771896
1.74375,0.78933073452956,-0.47720982971281,8.1610620528692e-06,0.00013458728079485
1.744,0.78551485208887,-0.48284833159561,9.0928501845637e-06,0.00013492568323924
1.74425,0.78165226303088,-0.4884615636983,1.0030586052996e-05,0.00013525884770813
1.7445,0.77774302739983,-0.49404913116379,1.097424686066e-05,0.00013558670702851
1.74475,0.77378720721598,-0.49961063753856,1.1923809428618e-05,0.00013590919419844
1.745,0.76978486649136,-0.5051456847487,1.2879250204711e-05,0.00013622624238684
1.74525,0.76573607124603,-0.51065387307524,1.3840545271836e-05,0.00013653778493312
1.7455,0.76164088952501,-0.51613480112895,1.4807670356296e-05,0.00013684375534651
1.74575,0.75749939141559,-0.5215880658245,1.5780600836229e-05,0.00013714408730521
1.746,0.75331164906538,-0.52701326235408,1.6759311750103e-05,0.00013743871465521
1.74625,0.74907773670088,-0.53240998416032,1.7743777805278e-05,0.00013772757140896
1.7465,0.74479773064669,-0.53777782290862,1.8733973386636e-05,0.00013801059174369
1.74675,0.74047170934538,-0.54311636845883,1.9729872565277e-05,0.00013828770999951
1.747,0.73609975337797,-0.54842520883626,2.0731449107268e-05,0.00013855886067724
1.74725,0.73168194548517,-0.55370393020206,2.1738676482468e-05,0.00013882397843602
1.7475,0.72721837058925,-0.55895211682287,2.2751527873388e-05,0.00013908299809048
1.74775,0.7227091158167,-0.56416935103975,2.3769976184122e-05,0.00013933585460784
1.748,0.71815427052161,-0.56935521323656,2.4793994049328e-05,0.00013958248310457
1.74825,0.71355392630982,-0.57450928180737,2.5823553843246e-05,0.00013982281884279
1.7485,0.70890817706391,-0.5796311331234,2.6858627688782e-05,0.00014005679722641
1.74875,0.704217118969,-0.58472034149897,2.7899187466617e-05,0.00014028435379693
1.749,0.69948085053941,-0.5897764791569,2.8945204824368e-05,0.00014050542422891
1.74925,0.69469947264617,-0.59479911619297,2.9996651185787e-05,0.00014071994432516
1.7495,0.68987308854556,-0.59978782053971,3.1053497759986e-05,0.00014092785001161
1.74975,0.68500180390843,-0.60474215792928,3.2115715550707e-05,0.00014112907733178
1.75,0.68008572685066,-0.60966169185562,3.3183275365609e-05,0.00014132356244098
1.75025,0.67512496796452,-0.61454598353573,3.4256147825584e-05,0.00014151124160017
1.7505,0.67011964035112,-0.61939459187007,3.53343033741e-05,0.00014169205116941
1.75075,0.66506985965397,-0.62420707340218,3.6417712286553e-05,0.00014186592760097
1.751,0.65997574409358,-0.62898298227729,3.7506344679637e-05,0.00014203280743212
1.75125,0.65483741450329,-0.63372187020019,3.8600170520734e-05,0.00014219262727751
1.7515,0.64965499436625,-0.63842328639206,3.9699159637291e-05,0.00014234532382113
1.75175,0.64442860985367,-0.64308677754643,4.0803281726216e-05,0.00014249083380797
1.752,0.63915838986431,-0.6477118877842,4.1912506363271e-05,0.00014262909403518
1.75225,0.63384446606532,-0.65229815860768,4.3026803012446e-05,0.00014276004134293
1.7525,0.62848697293442,-0.65684512885366,4.4146141035341e-05,0.00014288361260477
1.75275,0.62308604780355,-0.66135233464548,4.5270489700516e-05,0.00014299974471761
1.753,0.6176418309039,-0.66581930934411,4.6399818192829e-05,0.00014310837459122
1.75325,0.6121544654125,-0.67024558349819,4.7534095622754e-05,0.00014320943913739
1.7535,0.60662409750041,-0.67463068479304,4.8673291035655e-05,0.00014330287525854
1.75375,0.60105087638244,-0.67897413799857,4.9817373421034e-05,0.00014338861983587
1.754,0.5954349543686,-0.68327546491616,5.0966311721738e-05,0.00014346660971715
1.75425,0.58977648691732,-0.68753418432442,5.2120074843111e-05,0.00014353678170386
1.7545,0.58407563269036,-0.69174981192386,5.3278631662103e-05,0.00014359907253802
1.75475,0.5783325536097,-0.69592186028041,5.444195103631e-05,0.00014365341888837
1.755,0.57254741491622,-0.70004983876776,5.5610001812948e-05,0.00014369975733611
1.75525,0.56672038523049,-0.70413325350869,5.6782752837771e-05,0.0001437380243601
1.7555,0.56085163661554,-0.708171607315,5.796017296388e-05,0.00014376815632155
1.75575,0.5549413446418,-0.7121643996264,5.9142231060468e-05,0.00014379008944808
1.756,0.54898968845418,-0.71611112644819,6.0328896021465e-05,0.00014380375981735
1.75625,0.54299685084156,-0.7200112802876,6.1520136774067e-05,0.00014380910333997
1.7565,0.5369630183085,-0.72386435008902,6.2715922287175e-05,0.00014380605574192
1.75675,0.53088838114949,-0.72766982116788,6.3916221579696e-05,0.00014379455254638
1.757,0.52477313352572,-0.73142717514328,6.512100372872e-05,0.00014377452905484
1.75725,0.51861747354442,-0.73513588986938,6.6330237877568e-05,0.00014374592032771
1.7575,0.51242160334099,-0.73879543936541,6.7543893243677e-05,0.00014370866116419
1.75775,0.50618572916392,-0.74240529374444,6.8761939126332e-05,0.00014366268608154
1.758,0.49991006146256,-0.74596491914075,6.9984344914244e-05,0.00014360792929364
1.75825,0.49359481497803,-0.74947377763594,7.1211080092913e-05,0.00014354432468887
1.7585,0.48724020883712,-0.75293132718361,7.2442114251843e-05,0.0001434718058073
1.75875,0.48084646664956,-0.75633702153274,7.3677417091512e-05,0.00014339030581713
1.759,0.47441381660855,-0.75969031014966,7.4916958430152e-05,0.00014329975749037
1.75925,0.46794249159476,-0.76299063813866,7.6160708210294e-05,0.00014320009317785
1.7595,0.46143272928401,-0.76623744616123,7.7408636505059e-05,0.00014309124478333
1.75975,0.45488477225864,-0.76943017035383,7.8660713524198e-05,0.00014297314373688
1.76,0.44829886812264,-0.77256824224437,7.9916909619867e-05,0.00014284572096747
1.76025,0.44167526962099,-0.77565108866722,8.1177195292091e-05,0.00014270890687461
1.7605,0.43501423476293,-0.77867813167683,8.2441541193946e-05,0.00014256263129927
1.76075,0.4283160269497,-0.78164878845995,8.3709918136397e-05,0.00014240682349379
1.761,0.4215809151066,-0.78456247124646,8.498229709281e-05,0.00014224141209099
1.76125,0.41480917381974,-0.78741858721881,8.6258649203096e-05,0.00014206632507227
1.7615,0.40800108347755,-0.79021653842003,8.7538945777471e-05,0.00014188148973482
1.76175,0.4011569304172,-0.79295572166041,8.8823158299827e-05,0.0001416868326578
1.762,0.39427700707626,-0.79563552842278,9.011125843066e-05,0.00014148227966756
1.76225,0.38736161214952,-0.79825534476646,9.1403218009569e-05,0.00014126775580181
1.7625,0.38041105075149,-0.80081455122984,9.2699009057278e-05,0.00014104318527277
1.76275,0.37342563458444,-0.80331252273171,9.3998603777158e-05,0.00014080849142914
1.763,0.36640568211256,-0.8057486284712,9.5301974556226e-05,0.00014056359671711
1.76325,0.35935151874201,-0.80812223182655,9.6609093965607e-05,0.0001403084226401
1.7635,0.35226347700756,-0.81043269025262,9.7919934760393e-05,0.00014004288971737
1.76375,0.3451418967657,-0.81267935517719,9.9234469878912e-05,0.00013976691744146
1.764,0.33798712539453,-0.81486157189612,0.00010055267244134,0.00013948042423435
1.76425,0.33079951800088,-0.81697867946743,0.00010187451574765,0.00013918332740239
1.7645,0.3235794376346,-0.81903001060429,0.00010319997327482,0.00013887554308986
1.76475,0.31632725551061,-0.82101489156706,0.00010452901867334,0.00013855698623133
1.765,0.30904335123866,-0.82293264205435,0.00010586162576287,0.00013822757050248
1.76525,0.30172811306139,-0.82478257509329,0.00010719776852712,0.00013788720826961
1.7655,0.2943819381008,-0.82656399692895,0.00010853742110782,0.00013753581053771
1.76575,0.28700523261349,-0.82827620691314,0.00010988055779779,0.00013717328689698
1.766,0.27959841225498,-0.82991849739257,0.00011122715303302,0.00013679954546788
1.76625,0.27216190235345,-0.83149015359653,0.00011257718138377,0.00013641449284457
1.7665,0.26469613819328,-0.83299045352416,0.00011393061754456,0.00013601803403675
1.76675,0.25720156530865,-0.83441866783155,0.00011528743632306,0.00013561007240987
1.767,0.24967863978764,-0.83577405971861,0.00011664761262776,0.0001351905096236
1.76725,0.24212782858718,-0.83705588481605,0.00011801112145442,0.00013475924556857
1.7675,0.23454960985931,-0.8382633910725,0.00011937793787124,0.00013431617830133
1.76775,0.226944473289,-0.83939581864196,0.00012074803700253,0.00013386120397744
1.768,0.21931292044409,-0.84045239977189,0.00012212139401109,0.00013339421678267
1.76825,0.21165546513782,-0.84143235869189,0.00012349798407891,0.0001329151088623
1.7685,0.20397263380413,-0.84233491150344,0.00012487778238638,0.00013242377024834
1.76875,0.19626496588664,-0.84315926607083,0.00012626076408971,0.00013192008878481
1.769,0.18853301424127,-0.84390462191344,0.00012764690429664,0.00013140395005081
1.76925,0.18077734555347,-0.84457017009983,0.00012903617804024,0.00013087523728149
1.7695,0.17299854077023,-0.84515509314373,0.00013042856025074,0.00013033383128681
1.76975,0.1651971955476,-0.84565856490247,0.0001318240257253,0.00012977961036795
1.77,0.15737392071414,-0.84607975047789,0.00013322254909557,0.00012921245023154
1.77025,0.14952934275098,-0.84641780612042,0.000134624104793,0.00012863222390128
1.7705,0.14166410428894,-0.84667187913642,0.00013602866701164,0.00012803880162732
1.77075,0.13377886462343,-0.84684110779944,0.00013743620966849,0.00012743205079295
1.771,0.12587430024766,-0.84692462126565,0.00013884670636111,0.00012681183581885
1.77125,0.1179511054048,-0.84692153949403,0.00014026013032246,0.00012617801806457
1.7715,0.11000999265984,-0.8468309731718,0.00014167645437266,0.00012553045572737
1.77175,0.1020516934917,-0.84665202364562,0.00014309565086779,0.00012486900373831
1.772,0.094076958906328,-0.84638378285918,0.00014451769164524,0.00012419351365541
1.77225,0.086086560071514,-0.84602533329774,0.00014594254796569,0.00012350383355398
1.7725,0.078081288974113,-0.84557574794034,0.0001473701904514,0.00012279980791393
1.77275,0.070061959100497,-0.84503409022039,0.00014880058902068,0.00012208127750408
1.773,0.062029406140888,-0.84439941399535,0.00015023371281829,0.00012134807926331
1.77325,0.053984488718431,-0.84367076352636,0.00015166953014161,0.0001206000461786
1.7735,0.04592808914386,-0.84284717346869,0.00015310800836232,0.00011983700715974
1.77375,0.037861114196417,-0.84192766887383,0.00015454911384332,0.00011905878691084
1.774,0.029784495932069,-0.84091126520435,0.00015599281185071,0.00011826520579839
1.77425,0.021699192519711,-0.83979696836249,0.00015743906646053,0.0001174560797159
1.7745,0.01360618910628,-0.83858377473354,0.00015888784045998,0.00011663121994511
1.77475,0.0055064987117538,-0.83727067124535,0.00016033909524285,0.00011579043301358
1.775,-0.0025988368452035,-0.83585663544512,0.00016179279069876,0.00011493352054867
1.77525,-0.010708745989972,-0.83434063559473,0.00016324888509603,0.00011406027912791
1.7755,-0.018822126402076,-0.83272163078632,0.00016470733495776,0.00011317050012564
1.77575,-0.026937843991897,-0.83099857107929,0.00016616809493069,0.0001122639695559
1.776,-0.035054731842854,-0.82917039766061,0.00016763111764662,0.00011134046791146
1.77625,-0.043171589118257,-0.82723604302999,0.00016909635357583,0.00011039976999916
1.7765,-0.05128717993183,-0.82519443121179,0.00017056375087217,0.00010944164477126
1.77675,-0.059400232180867,-0.8230444779956,0.00017203325520938,0.00010846585515299
1.777,-0.067509436341217,-0.82078509120754,0.00017350480960808,0.00010747215786617
1.77725,-0.075613444223074,-0.81841517101441,0.00017497835425304,0.000106460303249
1.7775,-0.083710867686567,-0.81593361026307,0.00017645382630019,0.00010543003507185
1.77775,-0.091800277316424,-0.81333929485741,0.00017793115967274,0.00010438109034936
1.778,-0.099880201054577,-0.81063110417562,0.00017941028484595,0.00010331319914851
1.77825,-0.10794912279002,-0.80780791153029,0.00018089112861985,0.00010222608439308
1.7785,-0.116005480905,-0.80486858467452,0.00018237361387938,0.0001011194616643
1.77875,-0.12404766677671,-0.80181198635686,0.00018385765934112,9.9993038997848e-05
1.779,-0.13207402323375,-0.79863697492847,0.00018534317928609,9.8846516677385e-05
1.77925,-0.14008284296674,-0.79534240500589,0.00018683008327773,9.7679587024627e-05
1.7795,-0.14807236689223,-0.79192712819309,0.00018831827586434,9.6491934186176e-05
1.77975,-0.1560407824696,-0.7883899938665,0.00018980765626524,9.5283233917261e-05
1.78,-0.1639862219702,-0.78472985002729,0.00019129811803958,9.4053153362614e-05
1.78025,-0.17190676069859,-0.78094554422494,0.00019278954873717,9.2801350834699e-05
1.7805,-0.17980041516544,-0.77703592455669,0.00019428182953015,9.1527475589597e-05
1.78075,-0.18766514121192,-0.77299984074775,0.00019577483482462,9.023116760084e-05
1.781,-0.19549883208571,-0.76883614531693,0.00019726843185124,8.8912057331577e-05
1.78125,-0.20329931646866,-0.76454369483332,0.00019876248023355,8.7569765505462e-05
1.7815,-0.21106435645637,-0.76012135126928,0.000200256831533,8.620390287675e-05
1.78175,-0.21879164549036,-0.75556798345565,0.00020175132876946,8.4814070000098e-05
1.782,-0.22647880624337,-0.7508824686453,0.00020324580591596,8.339985700068e-05
1.78225,-0.23412338845892,-0.74606369419133,0.0002047400873663,8.1960843345257e-05
1.7825,-0.24172286674631,-0.7411105593467,0.00020623398737431,8.0496597614927e-05
1.78275,-0.24927463833248,-0.73602197719233,0.0002077273094631,7.9006677280396e-05
1.783,-0.25677602077276,-0.73079687670092,0.00020921984580307,7.7490628480647e-05
1.78325,-0.26422424962269,-0.72543420494424,0.00021071137655696,7.5947985806017e-05
1.7835,-0.27161647607334,-0.71993292945194,0.00021220166919044,7.4378272086815e-05
1.78375,-0.27894976455342,-0.71429204073012,0.00021369047774642,7.2780998188673e-05
1.784,-0.28622109030152,-0.70851055494853,0.00021517754208154,7.1155662816022e-05
1.78425,-0.29342733691252,-0.70258751680529,0.00021666258706291,6.950175232516e-05
1.7845,-0.30056529386288,-0.6965220025786,0.00021814532172326,6.7818740548567e-05
1.78475,-0.30763165401978,-0.69031312337528,0.00021962543837261,6.6106088632285e-05
1.785,-0.3146230111402,-0.68396002858598,0.00022110261166451,6.4363244888326e-05
1.78525,-0.32153585736632,-0.67746190955778,0.00022257649761466,6.2589644664292e-05
1.7855,-0.32836658072479,-0.67081800349466,0.00022404673257007,6.0784710232606e-05
1.78575,-0.33511146263785,-0.66402759759703,0.00022551293212641,5.8947850701926e-05
1.786,-0.34176667545566,-0.65709003345158,0.00022697468999149,5.7078461953629e-05
1.78625,-0.34832828001966,-0.6500047116831,0.00022843157679256,5.5175926606439e-05
1.7865,-0.3547922232684,-0.64277109688001,0.00022988313882533,5.323961401261e-05
1.78675,-0.36115433589789,-0.63538872280571,0.00023132889674233,5.1268880289362e-05
1.787,-0.36741033009007,-0.62785719790786,0.00023276834417835,4.9263068389562e-05
1.78725,-0.37355579732427,-0.62017621113782,0.00023420094631076,4.7221508216043e-05
1.7875,-0.37958620628774,-0.6123455380928,0.00023562613835249,4.5143516784311e-05
1.78775,-0.38549690090299,-0.60436504749264,0.00023704332397538,4.3028398438741e-05
1.788,-0.39128309849125,-0.59623470800381,0.00023845187366181,4.0875445127912e-05
1.78825,-0.39693988809289,-0.58795459542236,0.00023985112298268,3.8683936745045e-05
1.7885,-0.40246222896767,-0.57952490022769,0.00024124037079967,3.6453141540106e-05
1.78875,-0.40784494929921,-0.57094593551838,0.00024261887739002,3.4182316610638e-05
1.789,-0.41308274513048,-0.56221814534091,0.00024398586249237,3.1870708478871e-05
1.78925,-0.41817017955877,-0.55334211342135,0.00024534050327218,2.9517553763363e-05
1.7895,-0.42310168222107,-0.54431857230931,0.00024668193220566,2.7122079953924e-05
1.78975,-0.427871549103,-0.5351484129423,0.00024800923488153,2.4683506299315e-05
1.79,-0.43247394270656,-0.52583269463778,0.00024932144772019,2.2201044817885e-05
1.79025,-0.43690289261484,-0.51637265551818,0.00025061755561028,1.9673901441983e-05
1.7905,-0.44115229649398,-0.50676972337302,0.00025189648946357,1.7101277307796e-05
1.79075,-0.44521592157545,-0.49702552696017,0.000253157123689,1.4482370203015e-05
1.791,-0.44908740666427,-0.48714190774578,0.00025439827358814,1.1816376185548e-05
1.79125,-0.45276026472158,-0.47712093208035,0.00025561869267463,9.1024913873028e-06
1.7915,-0.45622788607258,-0.46696490380516,0.00025681706992133,6.3399140180081e-06
1.79175,-0.45948354229351,-0.45667637728018,0.00025799202693993,3.5278465847606e-06
1.792,-0.46252039083419,-0.4462581708211,0.00025914211509881,6.6549834402427e-07
1.79225,-0.46533148043501,-0.4357133805287,0.00026026581258641,-2.247911996462e-06
1.7925,-0.46790975739992,-0.42504539448964,0.00026136152142899,-5.2131533074703e-06
1.79275,-0.47024807278926,-0.4142579073228,0.00026242756447282,-8.2309787805245e-06
1.793,-0.47233919059853,-0.40335493503945,0.0002634621823434,-1.1302122362656e-05
1.79325,-0.474175796991,-0.39234083018012,0.00026446353039573,-1.4427294862858e-05
1.7935,-0.47575051065385,-0.38122029718411,0.00026542967567247,-1.7607179708894e-05
1.79375,-0.47705589434879,-0.36999840794073,0.00026635859388882,-2.0842428332497e-05
1.794,-0.47808446772889,-0.35868061746386,0.00026724816646619,-2.4133655160522e-05
1.79425,-0.47882872149376,-0.34727277962291,0.00026809617763944,-2.7481432189481e-05
1.7945,-0.47928113295512,-0.33578116285488,0.00026890031166589,-3.0886283120685e-05
1.79475,-0.47943418308351,-0.3242124657728,0.00026965815016774,-3.4348677033432e-05
1.795,-0.47928037510569,-0.31257383257585,0.00027036716964365,-3.7869021574159e-05
1.79525,-0.47881225471919,-0.30087286815644,0.00027102473918904,-4.1447655640221e-05
1.7955,-0.47802243198737,-0.28911765278842,0.00027162811846932,-4.5084841538075e-05
1.79575,-0.47690360497322,-0.27731675626951,0.00027217445599488,-4.8780756597397e-05
1.796,-0.47544858516457,-0.2654792513796,0.00027266078775165,-5.253548422461e-05
1.79625,-0.47365032473599,-0.25361472650446,0.00027308403624622,-5.6349004382174e-05
1.7965,-0.47150194568387,-0.24173329726275,0.00027344101002999,-6.022118348326e-05
1.79675,-0.46899677086111,-0.22984561696213,0.0002737284037722,-6.4151763695565e-05
1.797,-0.4661283569255,-0.21796288569832,0.00027394279895772,-6.8140351653055e-05
1.79725,-0.46289052920265,-0.20609685789988,0.00027408066529086,-7.2186406580149e-05
1.7975,-0.45927741844799,-0.19425984810972,0.00027413836289219,-7.6289227839866e-05
1.79775,-0.4552834994753,-0.18246473478495,0.00027411214538121,-8.0447941925356e-05
1.798,-0.45090363159928,-0.17072496188681,0.00027399816394234,-8.4661488923335e-05
1.79825,-0.44613310081802,-0.15905453802462,0.00027379247247699,-8.8928608488467e-05
1.7985,-0.44096766363741,-0.14746803291118,0.00027349103394837,-9.3247825379347e-05
1.79875,-0.43540359241376,-0.1359805708827,0.00027308972802915,-9.7617434619847e-05
1.799,-0.42943772206313,-0.12460782123372,0.00027258436016424,-0.00010203548636418
1.79925,-0.42306749795611,-0.11336598511794,0.00027197067216215,-0.00010649977055987
1.7995,-0.41629102478562,-0.10227177876926,0.0002712443544277,-0.00011100780152016
1.79975,-0.40910711616235,-0.091342412803416,0.00027040105994623,-0.00011555680253607
1.8,-0.40151534465873,-0.080595567371646,0.00026943642012513,-0.00012014369067818
1.80025,-0.39351609198729,-0.070049362951427,0.00026834606259081,-0.00012476506195912
1.8005,-0.38511059896436,-0.059722326578644,0.00026712563102934,-0.00012941717704951
1.80075,-0.37630101487484,-0.049633353348973,0.00026577080714549,-0.00013409594776251
1.801,-0.36709044581946,-0.03980166304448,0.00026427733479767,-0.00013879692454439
1.80125,-0.35748300159292,-0.03024675177567,0.00026264104634537,-0.00014351528523078
1.8015,-0.34748384061019,-0.020988338567728,0.00026085789122029,-0.0001482458253497
1.80175,-0.33709921236996,-0.012046306864466,0.0002589239667027,-0.00015298295027183
1.802,-0.32633649691989,-0.0034406409731922,0.00025683555085005,-0.00015772066952652
1.80225,-0.31520424076756,0.0048086424716701,0.00025458913748586,-0.00016245259361596
1.8025,-0.30371218866679,0.012681567888363,0.00025218147311296,-0.00016717193367087
1.80275,-0.29187131070003,0.020158278769123,0.00024960959556747,-0.00017187150429613
1.803,-0.27969382407617,0.027219120073436,0.00024687087417724,-0.00017654372995449
1.80325,-0.26719320906948,0.033844724652503,0.00024396305113347,-0.00018118065522898
1.8035,-0.25438421854067,0.040016103291101,0.00024088428372571,-0.00018577395928876
1.80375,-0.2412828805054,0.045714737879101,0.00023763318703099,-0.00019031497485888
1.804,-0.2279064932503,0.050922677150615,0.00023420887658798,-0.00019479471195969
1.80425,-0.21427361254072,0.055622634356502,0.00023061101052842,-0.00019920388663658
1.8045,-0.20040403052018,0.059798086166296,0.00022683983058263,-0.00020353295484463
1.80475,-0.18631874596698,0.063433372030558,0.00022289620132553,-0.00020777215158542
1.805,-0.17203992564883,0.066513793175953,0.00021878164698639,-0.00021191153531481
1.80525,-0.15759085660283,0.06902571035393,0.00021449838511183,-0.00021594103755133
1.8055,-0.1429958892616,0.070956639422401,0.00021004935634965,-0.00021985051751683
1.80575,-0.12828037144936,0.072295343808728,0.00020543824961306,-0.0002236298215339
1.806,-0.11347057338046,0.073031922883871,0.00020066952189308,-0.00022726884679275
1.80625,-0.098593603906252,0.073157895272629,0.00019574841201276,-0.0002307576089836
1.8065,-0.083677318373618,0.072666276134463,0.00019068094766206,-0.00023408631317449
1.80675,-0.068750218576045,0.071551647474493,0.00018547394511793,-0.00023724542720047
1.807,-0.053841345394704,0.069810220585086,0.00018013500113963,-0.00024022575672272
1.80725,-0.038980164840849,0.067439889775283,0.00017467247663547,-0.00024301852101956
1.8075,-0.024196448317518,0.064440276617808,0.00016909547182181,-0.00024561542848844
1.80775,-0.0095201480181517,0.060812764030917,0.00016341379273643,-0.00024800875077394
1.808,0.0050187315317091,0.056560519613983,0.00015763790912401,-0.00025019139439378
1.80825,0.019390264707947,0.051688507769704,0.00015177890387673,-0.00025215696871706
1.8085,0.03356473765334,0.046203490270836,0.00014584841438441,-0.00025389984915808
1.80875,0.047512781586786,0.040114015062986,0.00013985856632127,-0.00025541523448653
1.809,0.061205505341292,0.033430393234749,0.00013382190056423,-0.00025669919722209
1.80925,0.074614625906344,0.026164664230336,0.00012775129409593,-0.00025774872617646
1.8095,0.087712595761435,0.01833054952411,0.00012165987588918,-0.00025856176032878
1.80975,0.10047272581666,0.0099433951192955,0.00011556093889216,-0.00025913721336668
1.81,0.11286930282474,0.0010201033711358,0.00010946784933239,-0.00025947498839241
1.81025,0.12487770019541,-0.0084209452348813,0.00010339395462727,-0.00025957598247645
1.8105,0.13647448122585,-0.018359979598359,9.7352491227954e-05,-0.00025944208093423
1.81075,0.14763749385879,-0.028775933953219,9.1356493729962e-05,-0.00025907614139927
1.811,0.15834595619114,-0.0396465512975,8.5418706556734e-05,-0.00025848196796231
1.81125,0.16858053207717,-0.050948493271977,7.9551499464248e-05,-0.00025766427583451
1.8115,0.17832339630055,-0.062657455395549,7.3766788025602e-05,-0.00025662864716823
1.81175,0.1875582889243,-0.07474828652236,6.8075960139246e-05,-0.00025538147882516
1.812,0.19627055856593,-0.087195111361272,6.2489809466282e-05,-0.00025392992301602
1.81225,0.20444719448324,-0.099971454892686,5.7018476546034e-05,-0.00025228182184332
1.8125,0.21207684749137,-0.11305036752934,5.1671398170602e-05,-0.00025044563685789
1.81275,0.21914983986232,-0.12640454989664,4.6457265423487e-05,-0.00024843037478952
1.813,0.22565816448155,-0.14000647615312,4.1383990610091e-05,-0.00024624551063147
1.81325,0.23159547364954,-0.15382851482994,3.6458683134868e-05,-0.00024390090924992
1.8135,0.23695705801996,-0.16784304624036,3.1687634214957e-05,-0.00024140674665349
1.81375,0.24173981625629,-0.18202257559143,2.7076310168366e-05,-0.00023877343199851
1.814,0.24594221606656,-0.19633984102062,2.2629353879094e-05,-0.00023601153132549
1.81425,0.24956424733947,-0.2107679158767,1.8350593924487e-05,-0.0002331316939256
1.8145,0.25260736815492,-0.22528030466483,1.4243060753827e-05,-0.00023014458212633
1.81475,0.25507444447733,-0.2398510321784,1.030900923203e-05,-0.00022706080516788
1.815,0.25696968436218,-0.25445472544349,6.5499468085308e-06,-0.00022389085771936
1.81525,0.25829856751484,-0.26906668820237,2.9666665387205e-06,-0.0002206450634608
1.8155,0.25906777103725,-0.28366296776118,-4.4071582828141e-07,-0.00021733352403648
1.81575,0.25928509218342,-0.29822041411943,-3.672721477191e-06,-0.00021396607357009
1.816,0.25895936891995,-0.31271673138629,-6.7304656310341e-06,-0.00021055223882492
1.81625,0.25810039905405,-0.32713052156956,-9.6156128606707e-06,-0.00020710120499495
1.8165,0.25671885865079,-0.34144132089522,-1.2330331282962e-05,-0.00020362178702592
1.81675,0.25482622041415,-0.35562962888038,-1.4877246278206e-05,-0.00020012240629093
1.817,0.25243467265459,-0.36967693043887,-1.725939429843e-05,-0.00019661107238209
1.81725,0.24955703941038,-0.38356571134587,-1.9480177274932e-05,-0.00019309536972956
1.8175,0.24620670223276,-0.39727946742765,-2.1543318068635e-05,-0.00018958244871967
1.81775,0.24239752408579,-0.41080270787323,-2.3452817341605e-05,-0.00018607902095644
1.818,0.23814377575348,-0.42412095308793,-2.5212912164312e-05,-0.00018259135829231
1.81825,0.2334600650883,-0.43722072752473,-2.6828036612141e-05,-0.00017912529524512
1.8185,0.22836126937929,-0.45008954793812,-2.8302784546993e-05,-0.00017568623441767
1.81875,0.22286247106365,-0.46271590750784,-2.9641874726564e-05,-0.00017227915454161
1.819,0.21697889695441,-0.47508925627717,-3.0850118335468e-05,-0.00016890862077916
1.81925,0.21072586110905,-0.48719997834248,-3.193238898893e-05,-0.0001655787969323
1.8195,0.20411871141921,-0.49903936621906,-3.2893595221699e-05,-0.00016229345922855
1.81975,0.19717277996121,-0.51059959279229,-3.3738655441791e-05,-0.00015905601137467
1.82,0.18990333711043,-0.5218736812451,-3.4472475300785e-05,-0.00015586950059375
1.82025,0.18232554938958,-0.53285547333163,-3.5099927409211e-05,-0.00015273663438601
1.8205,0.17445444099256,-0.54353959634453,-3.5625833306875e-05,-0.00014965979777889
1.82075,0.16630485890005,-0.55392142909952,-3.6054947583385e-05,-0.00014664107085745
1.821,0.15789144148212,-0.56399706723634,-3.6391944033249e-05,-0.00014368224639024
1.82125,0.1492285904653,-0.57376328810994,-3.664140372232e-05,-0.0001407848473899
1.8215,0.14033044612689,-0.58321751552155,-3.68078048377e-05,-0.00013795014446954
1.82175,0.13121086556812,-0.59235778451393,-3.689551419099e-05,-0.0001351791728775
1.822,0.12188340390909,-0.60118270643155,-3.6908780244731e-05,-0.00013247274911195
1.82225,0.11236129824239,-0.6096914344233,-3.6851727533568e-05,-0.00012983148703504
1.8225,0.10265745417862,-0.617883629543,-3.6728352354831e-05,-0.00012725581342221
1.82275,0.092784434815491,-0.62575942758193,-3.6542519607514e-05,-0.00012474598289687
1.823,0.082754451961911,-0.63331940674815,-3.6297960663843e-05,-0.00012230209221366
1.82325,0.072579359450821,-0.64056455628822,-3.5998272163455e-05,-0.00011992409386491
1.8235,0.062270648376888,-0.64749624613064,-3.564691562654e-05,-0.00011761180899478
1.82375,0.051839444099752,-0.65411619761374,-3.5247217788874e-05,-0.00011536493961446
1.824,0.041296504858559,-0.66042645534674,-3.4802371568408e-05,-0.00011318308011897
1.82425,0.030652221849016,-0.66642936023958,-3.4315437579834e-05,-0.00011106572811242
1.8245,0.019916620621114,-0.67212752372519,-3.3789346120205e-05,-0.00010901229455385
1.82475,0.0090993636619908,-0.67752380318725,-3.3226899555191e-05,-0.00010702211323993
1.825,-0.0017902459641429,-0.6826212785974,-3.2630775041844e-05,-0.00010509444964437
1.82525,-0.012743260039751,-0.68742323035719,-3.2003527529741e-05,-0.00010322850913644
1.8255,-0.023751079795002,-0.6919331183333,-3.1347592988085e-05,-0.00010142344460315
1.82575,-0.034805449792007,-0.69615456206806,-3.0665291811715e-05,-9.9678363501048e-05
1.826,-0.045898451190846,-0.70009132214204,-2.995883236402e-05,-9.7992334364546e-05
1.82625,-0.057022494489059,-0.7037472826611,-2.9230314619418e-05,-9.6364392798388e-05
1.8265,-0.068170311818943,-0.7071264348367,-2.848173387243e-05,-9.4793546981851e-05
1.82675,-0.079334948880267,-0.71023286162493,-2.7714984484356e-05,-9.3278782712388e-05
1.827,-0.090509756579786,-0.71307072338777,-2.6931863642224e-05,-9.1819068015915e-05
1.82725,-0.10168838244216,-0.71564424453792,-2.6134075108074e-05,-9.0413357350507e-05
1.8275,-0.11286476185154,-0.71795770112767,-2.5323232939608e-05,-8.9060595429473e-05
1.82775,-0.124033109177,-0.72001540934094,-2.450086516607e-05,-8.7759720688995e-05
1.828,-0.13518790882987,-0.72182171484761,-2.3668417405656e-05,-8.6509668424569e-05
1.82825,-0.14632390629618,-0.72338098297886,-2.2827256413011e-05,-8.5309373619442e-05
1.8285,-0.15743609918243,-0.72469758968254,-2.197867354734e-05,-8.4157773487262e-05
1.82875,-0.16851972830894,-0.72577591321811,-2.1123888153482e-05,-8.305380974997e-05
1.829,-0.17957026888078,-0.7266203265511,-2.0264050849816e-05,-8.1996430670967e-05
1.82925,-0.19058342176247,-0.72723519040821,-1.940024671834e-05,-8.0984592862422e-05
1.8295,-0.20155510487961,-0.72762484695482,-1.8533498393393e-05,-8.0017262884522e-05
1.82975,-0.21248144476686,-0.72779361405816,-1.7664769046668e-05,-7.9093418653411e-05
1.83,-0.22335876827935,-0.7277457801001,-1.6794965267017e-05,-7.8212050673499e-05
1.83025,-0.23418359448153,-0.72748559930547,-1.5924939834408e-05,-7.7372163108842e-05
1.8305,-0.24495262672538,-0.72701728755239,-1.5055494388072e-05,-7.6572774707289e-05
1.83075,-0.25566274492744,-0.72634501863314,-1.4187381989489e-05,-7.5812919590203e-05
1.831,-0.2663109980525,-0.72547292093508,-1.3321309581343e-05,-7.5091647919633e-05
1.83125,-0.27689459680949,-0.7244050745126,-1.2457940344039e-05,-7.4408026453992e-05
1.8315,-0.28741090656414,-0.72314550852265,-1.1597895951702e-05,-7.3761139002484e-05
1.83175,-0.29785744047114,-0.72169819899755,-1.074175872987e-05,-7.315008678776e-05
1.832,-0.30823185282719,-0.72006706693036,-9.8900737173553e-06,-7.2573988725595e-05
1.83225,-0.3185319326457,-0.7182559766492,-9.0433506348876e-06,-7.203198162964e-05
1.8325,-0.32875559745229,-0.71626873445846,-8.2020657633533e-06,-7.1523220348759e-05
1.83275,-0.33890088729991,-0.7141090875259,-7.3666637344918e-06,-7.104687784379e-05
1.833,-0.34896595900132,-0.71178072299598,-6.5375592370212e-06,-7.0602145210056e-05
1.83325,-0.35894908057594,-0.70928726731095,-5.7151386412054e-06,-7.0188231651441e-05
1.8335,-0.36884862590797,-0.70663228572226,-4.8997615448698e-06,-6.9804364411336e-05
1.83375,-0.37866306961177,-0.70381928197608,-4.0917622438985e-06,-6.9449788665329e-05
1.834,-0.38839098210014,-0.70085169815768,-3.2914511302209e-06,-6.9123767380114e-05
1.83425,-0.39803102485099,-0.69773291468043,-2.4991160202462e-06,-6.8825581142671e-05
1.8345,-0.40758194586762,-0.69446625040609,-1.7150234166747e-06,-6.8554527963447e-05
1.83475,-0.41704257532725,-0.69105496288415,-9.3941970656073e-07,-6.830992305692e-05
1.835,-0.4264118214128,-0.68750224869853,-1.7253229841135e-07,-6.8091098602625e-05
1.83525,-0.4356886663224,-0.683811243911,5.8542929892728e-07,-6.7897403489448e-05
1.8355,-0.44487216245114,-0.67998502459139,1.3342724529613e-06,-6.7728203045725e-05
1.83575,-0.45396142873966,-0.67602660742531,2.0738204372373e-06,-6.7582878757441e-05
1.836,-0.4629556471839,-0.6719389503909,2.8039115115319e-06,-6.7460827976634e-05
1.83625,-0.47185405950064,-0.66772495349665,3.5243980501585e-06,-6.7361463621852e-05
1.8365,-0.48065596394308,-0.66338745957298,4.235145716052e-06,-6.7284213872385e-05
1.83675,-0.48936071226137,-0.65892925511096,4.9360326784213e-06,-6.7228521857784e-05
1.837,-0.49796770680236,-0.6543530711418,5.62694887182e-06,-6.7193845344038e-05
1.83725,-0.50647639774348,-0.64966158415158,6.3077952945737e-06,-6.7179656417639e-05
1.8375,-0.51488628045554,-0.64485741702578,6.9784833446059e-06,-6.7185441168626e-05
1.83775,-0.52319689298925,-0.63994314001903,7.6389341907677e-06,-6.7210699373587e-05
1.838,-0.53140781368059,-0.63492127174553,8.2890781778637e-06,-6.7254944179492e-05
1.83825,-0.53951865887013,-0.62979428018612,8.9288542636585e-06,-6.7317701789114e-05
1.8385,-0.54752908073163,-0.62456458370845,9.5582094862114e-06,-6.7398511148733e-05
1.83875,-0.55543876520515,-0.61923455209676,1.0177098459963e-05,-6.7496923638705e-05
1.839,-0.56324743003051,-0.61380650758836,1.0785482899088e-05,-6.7612502767419e-05
1.83925,-0.5709548228765,-0.60828272591399,1.1383331166672e-05,-6.7744823869109e-05
1.8395,-0.57856071956176,-0.60266543733966,1.1970617848364e-05,-6.7893473805897e-05
1.83975,-0.58606492236342,-0.5969568277075,1.2547323349207e-05,-6.8058050674408e-05
1.84,-0.59346725840935,-0.59115903947403,1.3113433512409e-05,-6.8238163517252e-05
1.84025,-0.60076757815042,-0.58527417274352,1.3668939258902e-05,-6.8433432039594e-05
1.8405,-0.60796575390911,-0.57930428629529,1.4213836246547e-05,-6.8643486331036e-05
1.84075,-0.61506167850095,-0.57325139860323,1.4748124547963e-05,-6.8867966592946e-05
1.841,-0.62205526392553,-0.56711748884639,1.5271808345948e-05,-6.9106522871387e-05
1.84125,-0.62894644012356,-0.5609044979095,1.5784895645554e-05,-6.9358814795723e-05
1.8415,-0.63573515379732,-0.55461432937251,1.6287398001905e-05,-6.9624511322995e-05
1.84175,-0.64242136729113,-0.54824885048814,1.6779330262902e-05,-6.9903290488096e-05
1.842,-0.64900505752915,-0.54180989314694,1.7260710325998e-05,-7.0194839159786e-05
1.84225,-0.6554862150078,-0.53529925482908,1.7731558908274e-05,-7.0498852802542e-05
1.8425,-0.66186484284008,-0.52871869954241,1.8191899329079e-05,-7.0815035244245e-05
1.84275,-0.66814095584936,-0.52206995874645,1.8641757304541e-05,-7.1143098449675e-05
1.843,-0.67431457971012,-0.51535473226179,1.9081160753291e-05,-7.1482762299776e-05
1.84325,-0.68038575013351,-0.50857468916484,1.9510139612767e-05,-7.183375437664e-05
1.8435,-0.68635451209536,-0.5017314686677,1.9928725665525e-05,-7.2195809754159e-05
1.84375,-0.6922209191046,-0.49482668098286,2.033695237497e-05,-7.2568670794269e-05
1.844,-0.69798503251017,-0.48786190817295,2.0734854729989e-05,-7.2952086948721e-05
1.84425,-0.70364692084428,-0.48083870498533,2.1122469097986e-05,-7.3345814566285e-05
1.8445,-0.70920665920044,-0.47375859967166,2.1499833085824e-05,-7.3749616705311e-05
1.84475,-0.71466432864434,-0.46662309479249,2.1866985408232e-05,-7.4163262951548e-05
1.845,-0.72002001565598,-0.459433668007,2.2223965763251e-05,-7.4586529241141e-05
1.84525,-0.7252738116014,-0.45219177284824,2.2570814714285e-05,-7.5019197688682e-05
1.8455,-0.73042581223263,-0.44489883948376,2.2907573578408e-05,-7.5461056420242e-05
1.84575,-0.73547611721425,-0.43755627546207,2.3234284320524e-05,-7.5911899411266e-05
1.846,-0.74042482967528,-0.43016546644533,2.3550989453053e-05,-7.637152632923e-05
1.84625,-0.74527205578511,-0.42272777692814,2.3857731940802e-05,-7.6839742380968e-05
1.8465,-0.75001790435213,-0.41524455094328,2.4154555110712e-05,-7.7316358164537e-05
1.84675,-0.75466248644398,-0.40771711275426,2.4441502566171e-05,-7.7801189525555e-05
1.847,-0.75920591502828,-0.40014676753538,2.471861810563e-05,-7.8294057417874e-05
1.84725,-0.76364830463261,-0.39253480203953,2.4985945645224e-05,-7.8794787768501e-05
1.8475,-0.76798977102308,-0.38488248525412,2.5243529145167e-05,-7.9303211346666e-05
1.84775,-0.77223043090009,-0.37719106904565,2.5491412539655e-05,-7.9819163636925e-05
1.848,-0.77637040161074,-0.36946178879321,2.5729639670059e-05,-8.0342484716213e-05
1.84825,-0.78040980087679,-0.36169586401154,2.5958254221179e-05,-8.087301913474e-05
1.8485,-0.78434874653753,-0.35389449896386,2.6177299660341e-05,-8.141061580063e-05
1.84875,-0.78818735630658,-0.34605888326524,2.638681917915e-05,-8.195512786822e-05
1.849,-0.79192574754215,-0.33819019247665,2.6586855637683e-05,-8.2506412629917e-05
1.84925,-0.79556403702984,-0.33028958869053,2.6777451510957e-05,-8.3064331411529e-05
1.8495,-0.79910234077747,-0.32235822110814,2.695864883748e-05,-8.3628749470972e-05
1.84975,-0.80254077382133,-0.31439722660923,2.7130489169723e-05,-8.4199535900286e-05
1.85,-0.80587945004324,-0.30640773031473,2.7293013526336e-05,-8.4776563530848e-05
1.85025,-0.80911848199789,-0.29839084614275,2.7446262345967e-05,-8.5359708841733e-05
1.8505,-0.81225798075003,-0.29034767735869,2.7590275442516e-05,-8.5948851871111e-05
1.85075,-0.81529805572101,-0.28227931711982,2.7725091961681e-05,-8.6543876130638e-05
1.851,-0.81823881454425,-0.27418684901495,2.785075033866e-05,-8.7144668522733e-05
1.85125,-0.82108036292929,-0.2660713475999,2.7967288256854e-05,-8.7751119260699e-05
1.8515,-0.82382280453404,-0.25793387892915,2.8074742607455e-05,-8.8363121791597e-05
1.85175,-0.82646624084492,-0.24977550108453,2.8173149449773e-05,-8.8980572721818e-05
1.852,-0.82901077106468,-0.24159726470132,2.8262543972174e-05,-8.960337174529e-05
1.85225,-0.83145649200756,-0.23340021349255,2.834296045351e-05,-9.0231421574255e-05
1.8525,-0.83380349800161,-0.22518538477218,2.841443222491e-05,-9.0864627872554e-05
1.85275,-0.83605188079805,-0.21695380997766,2.8476991631811e-05,-9.1502899191372e-05
1.853,-0.83820172948754,-0.20870651519271,2.8530669996106e-05,-9.2146146907391e-05
1.85325,-0.84025313042315,-0.20044452167103,2.8575497578286e-05,-9.2794285163286e-05
1.8535,-0.84220616715009,-0.19216884636144,2.8611503539465e-05,-9.3447230810534e-05
1.85375,-0.84406092034219,-0.18388050243548,2.8638715903152e-05,-9.4104903354484e-05
1.854,-0.84581746774499,-0.17558049981803,2.865716151666e-05,-9.4767224901639e-05
1.85425,-0.84747588412575,-0.16726984572179,2.8666866012031e-05,-9.543412010913e-05
1.8545,-0.84903624123031,-0.15894954518646,2.866785376634e-05,-9.6105516136314e-05
1.85475,-0.85049860774696,-0.15062060162336,2.8660147861267e-05,-9.6781342598501e-05
1.855,-0.8518630492777,-0.14228401736635,2.8643770041809e-05,-9.7461531522751e-05
1.85525,-0.8531296283169,-0.1339407942301,2.8618740673987e-05,-9.814601730572e-05
1.8555,-0.85429840423793,-0.12559193407629,2.8585078701433e-05,-9.8834736673543e-05
1.85575,-0.85536943328788,-0.11723843938898,2.8542801600709e-05,-9.9527628643716e-05
1.856,-0.85634276859103,-0.10888131385995,2.8491925335212e-05,-0.00010022463448897
1.85625,-0.85721846016148,-0.10052156298493,2.8432464307538e-05,-0.00010092569770313
1.8565,-0.85799655492541,-0.092160194672025,2.8364431310132e-05,-0.00010163076396892
1.85675,-0.85867709675387,-0.083798219863009,2.828783747407e-05,-0.00010233978112773
1.857,-0.85926012650656,-0.075436653168861,2.8202692215822e-05,-0.00010305269915137
1.85725,-0.85974568208764,-0.067076513520575,2.8109003181807e-05,-0.00010376947011572
1.8575,-0.86013379851438,-0.058718824836331,2.8006776190564e-05,-0.0001044900481764
1.85775,-0.86042450799963,-0.050364616706272,2.7896015172354e-05,-0.0001052143895464
1.858,-0.86061784004942,-0.042014925096179,2.7776722105985e-05,-0.00010594245247563
1.85825,-0.86071382157667,-0.03367079307111,2.7648896952652e-05,-0.00010667419723261
1.8585,-0.86071247703274,-0.025333271540528,2.751253758657e-05,-0.00010740958608804
1.85875,-0.86061382855794,-0.01700342002605,2.736763972216e-05,-0.00010814858330053
1.859,-0.86041789615303,-0.0086823074532411,2.7214196837537e-05,-0.00010889115510442
1.85925,-0.86012469787333,-0.00037101296893311,2.7052200094033e-05,-0.00010963726969969
1.8595,-0.85973425004753,0.0079293732147304,2.6881638251476e-05,-0.00011038689724413
1.85975,-0.85924656752338,0.016217748947841,2.6702497578906e-05,-0.00011114000984769
1.86,-0.85866166394272,0.024492999240603,2.651476176043e-05,-0.0001118965815692
1.86025,-0.8579795520484,0.032753995329995,2.6318411795838e-05,-0.00011265658841546
1.8605,-0.85720024402607,0.040999593713668,2.6113425895642e-05,-0.0001134200083428
1.86075,-0.8563237518839,0.049228635149724,2.5899779370113e-05,-0.00011418682126121
1.861,-0.85535008787371,0.057439943620851,2.5677444511911e-05,-0.00011495700904116
1.86125,-0.85427926495721,0.065632325261288,2.5446390471838e-05,-0.00011573055552318
1.8615,-0.85311129732148,0.073804567245325,2.5206583127228e-05,-0.00011650744653038
1.86175,-0.85184620094795,0.081955436635916,2.495798494244e-05,-0.00011728766988406
1.862,-0.85048399423997,0.09008367919201,2.4700554820893e-05,-0.00011807121542251
1.86225,-0.84902469871387,0.098188018133579,2.4434247948014e-05,-0.00011885807502323
1.8625,-0.84746833975951,0.106267152863,2.4159015624445e-05,-0.00011964824262879
1.86275,-0.84581494747616,0.11431975764204,2.3874805088792e-05,-0.00012044171427647
1.863,-0.84406455759069,0.12234448022352,2.3581559329125e-05,-0.000121238488132
1.86325,-0.8422172124651,0.13033994043707,2.3279216882411e-05,-0.00012203856452762
1.8635,-0.84027296220129,0.13830472872877,2.2967711620947e-05,-0.0001228419460048
1.86375,-0.83823186585157,0.14623740465448,2.2646972524814e-05,-0.00012364863736191
1.864,-0.83609399274401,0.1541364953274,2.2316923439282e-05,-0.00012445864570722
1.86425,-0.8338594239326,0.16200049382038,2.1977482815987e-05,-0.00012527198051764
1.8645,-0.83152825378269,0.16982785752449,2.1628563436619e-05,-0.00012608865370364
1.86475,-0.82910059170347,0.17761700646553,2.1270072117736e-05,-0.00012690867968086
1.865,-0.82657656403947,0.18536632158111,2.0901909395189e-05,-0.00012773207544892
1.86525,-0.82395631613467,0.19307414296154,2.0523969186526e-05,-0.00012855886067811
1.8655,-0.82124001458319,0.20073876805883,2.0136138429555e-05,-0.00012938905780456
1.86575,-0.81842784968179,0.20835844986914,1.9738296695124e-05,-0.00013022269213473
1.866,-0.8155200381005,0.21593139509493,1.9330315771949e-05,-0.00013105979195994
1.86625,-0.81251682578854,0.22345576229501,1.8912059221133e-05,-0.00013190038868204
1.8665,-0.80941849113401,0.23092966003167,1.84833818978e-05,-0.00013274451695112
1.86675,-0.80622534839671,0.23835114502629,1.8044129436986e-05,-0.00013359221481649
1.867,-0.80293775143476,0.24571822033661,1.7594137700674e-05,-0.00013444352389226
1.86725,-0.79955609774655,0.25302883357126,1.7133232182534e-05,-0.00013529848953886
1.8675,-0.79608083285087,0.26028087515978,1.6661227366574e-05,-0.00013615716106238
1.86775,-0.79251245502868,0.26747217669917,1.6177926035531e-05,-0.00013701959193323
1.868,-0.78885152045124,0.27460050940139,1.5683118524377e-05,-0.00013788584002651
1.86825,-0.78509864871985,0.28166358266994,1.5176581913838e-05,-0.00013875596788619
1.8685,-0.78125452884301,0.28865904283764,1.4658079158284e-05,-0.00013963004301585
1.86875,-0.77731992567738,0.2955844721024,1.412735814171e-05,-0.00014050813819884
1.869,-0.77329568685856,0.30243738770297,1.3584150654854e-05,-0.00014139033185127
1.86925,-0.76918275024792,0.3092152413818,1.3028171285739e-05,-0.00014227670841164
1.8695,-0.76498215192042,0.31591541918903,1.2459116215008e-05,-0.0001431673587713
1.86975,-0.76069503471732,0.32253524168768,1.187666190648e-05,-0.00014406238075069
1.87,-0.75632265738561,0.32907196462791,1.1280463682218e-05,-0.00014496187962695
1.87025,-0.75186640432304,0.33552278016615,1.0670154170128e-05,-0.00014586596871916
1.8705,-0.74732779594398,0.3418848187132,1.0045341610727e-05,-0.00014677477003848
1.87075,-0.7427084996763,0.34815515150515,9.4056080080209e-06,-0.00014768841501147
1.871,-0.73801034159314,0.35433079400017,8.7505071076586e-06,-0.0001486070452861
1.87125,-0.73323531867587,0.3604087102148,8.079562183386e-06,-0.00014953081363136
1.8715,-0.72838561169435,0.36638581812399,7.3922636104258e-06,-0.000150459884943
1.87175,-0.72346359867976,0.37225899625996,6.688066201689e-06,-0.00015139443737002
1.872,-0.71847186895036,0.37802509165595,5.9663862795516e-06,-0.00015233466357855
1.87225,-0.71341323763467,0.38368092929197,5.2265984523442e-06,-0.00015328077217271
1.8725,-0.70829076061656,0.3892233232094,4.4680320605582e-06,-0.0001542329892949
1.87275,-0.70310774980429,0.39464908947151,3.6899672529789e-06,-0.00015519156043204
1.873,-0.69786778859892,0.39995506115438,2.8916306474639e-06,-0.00015615675245831
1.87325,-0.69257474740803,0.40513810555905,2.0721905247108e-06,-0.00015712885595062
1.8735,-0.68723279901608,0.41019514383919,1.2307514959576e-06,-0.00015810818781874
1.87375,-0.681846433585,0.41512317323855,3.6634857699791e-07,-0.00015909509430024
1.874,-0.67642047301612,0.41991929212751,-5.2205940907892e-07,-0.00016008995437855
1.87425,-0.6709600843581,0.42458072801856,-1.4355971896814e-06,-0.00016109318369399
1.8745,-0.66547079189516,0.42910486872302,-2.3754812638562e-06,-0.00016210523903006
1.87475,-0.65995848749646,0.43348929678662,-3.3430291055574e-06,-0.00016312662347356
1.875,-0.65442943875094,0.43773182730651,-4.3396694864979e-06,-0.0001641578923659
1.87525,-0.64889029435452,0.44183054918656,-5.3669540780205e-06,-0.00016519966018668
1.8755,-0.64334808615852,0.44578386982899,-6.4265705173807e-06,-0.00016625260853911
1.87575,-0.63781022723258,0.4495905631876,-7.5203571544077e-06,-0.00016731749544219
1.876,-0.632284505244,0.45324982101907,-8.6503197308064e-06,-0.00016839516617805
1.87625,-0.62677907041159,0.45676130706399,-9.8186502873341e-06,-0.00016948656599682
1.8765,-0.62130241725938,0.46012521376621,-1.1027748645179e-05,-0.00017059275504854
1.87675,-0.61586335937802,0.46334232099917,-1.2280246868729e-05,-0.00017171492599562
1.877,-0.61047099640445,0.4664140561112,-1.3579037189414e-05,-0.00017285442486496
1.87725,-0.60513467245795,0.46934255442907,-1.4927303956889e-05,-0.00017401277583201
1.8775,-0.59986392532924,0.47213071917569,-1.6328560287302e-05,-0.00017519171079837
1.87775,-0.59466842581383,0.47478227956487,-1.7786690201945e-05,-0.00017639320484028
1.878,-0.58955790671653,0.47730184564286,-1.9305997197391e-05,-0.00017761951888227
1.87825,-0.58454208123582,0.4796949582577,-2.0891260364356e-05,-0.00017887325130754
1.8785,-0.5796305506679,0.48196813236528,-2.2547799382264e-05,-0.00018015740068064
1.87875,-0.57483270165152,0.48412889173475,-2.428154996489e-05,-0.00018147544236354
1.879,-0.57015759350702,0.48618579300982,-2.609915162443e-05,-0.00018283142260265
1.87925,-0.5656138366003,0.48814843702973,-2.8008049960877e-05,-0.00018423007471825
1.8795,-0.56120946307995,0.49002746532798,-3.0016616070963e-05,-0.00018567696343167
1.87975,-0.55695179177975,0.49183453982393,-3.213428610053e-05,-0.00018717866525018
1.88,-0.55284728953524,0.49358230391194,-3.437172441725e-05,-0.00018874299537751
1.88025,-0.54890143161124,0.49528432344628,-3.6741014315017e-05,-0.00019037929508852
1.8805,-0.54511856435395,0.49695500652215,-3.9255880492373e-05,-0.00019209879827187
1.88075,-0.54150177353954,0.49860950146271,-4.1931947614186e-05,-0.00019391510243868
1.881,-0.53805276216252,0.50026357303375,-4.4787038771557e-05,-0.00019584477869144
1.88125,-0.53477174156441,0.50193345760477,-4.7841516062283e-05,-0.00019790816807443
1.8815,-0.53165733981878,0.50363569873667,-5.1118661856031e-05,-0.00020013043003231
1.88175,-0.52870653114334,0.50538696547035,-5.4645091848956e-05,-0.00020254293480254
1.882,-0.52591458978801,0.50720385638004,-5.8451176632168e-05,-0.00020518512898764
1.88225,-0.52327507134579,0.50910269319797,-6.2571421562719e-05,-0.00020810705740362
1.8825,-0.52077982375792,0.51109930846764,-6.704470499805e-05,-0.00021137280182046
1.88275,-0.51841902945379,0.51320883219793,-7.1914183703171e-05,-0.00021506520820906
1.883,-0.51618127911203,0.51544548282877,-7.722650694775e-05,-0.00021929243060107
1.88325,-0.51405367649234,0.517822367951,-8.302967354295e-05,-0.00022419703268862
1.8835,-0.51202197272019,0.52035130012558,-8.9368300242786e-05,-0.00022996865633503
1.88375,-0.51007072736333,0.5230426328156,-9.627402715266e-05,-0.00023686154050175
1.884,-0.50818349267819,0.5259051208857,-0.00010374687322957,-0.00024521826294261
1.88425,-0.50634301657905,0.5289458093611,-0.00011171990738425,-0.00025550039406485
1.8845,-0.50453145924098,0.53216995321084,-0.00011999365627056,-0.00026832368988995
1.88475,-0.50273061782268,0.53558096987418,-0.00012811749100697,-0.00028448594169454
1.885,-0.50092215360983,0.53918042514337,-0.00013518511859937,-0.00030495038212632
1.88525,-0.4990878159381,0.542968051908,-0.00013951584990505,-0.00033068966756641
1.8855,-0.49720965754701,0.54694180021481,-0.00013826896664901,-0.00036219178091147
1.88575,-0.49527023651756,0.55109791615408,-0.00012731784363949,-0.00039835042254802
1.886,-0.49325280061987,0.55543104629141,-0.00010227891447161,-0.00043479262774299
1.88625,-0.49114145069887,0.55993436375377,-6.1721528772491e-05,-0.00046313314088205
1.8865,-0.48892128060526,0.56459971166708,-1.1080081512126e-05,-0.0004741831606263
1.88675,-0.48657849208678,0.56941775943383,3.825610217353e-05,-0.00046469944665411
1.887,-0.48410048394406,0.57437816732468,7.6233337732689e-05,-0.00044009181407814
1.88725,-0.48147591558534,0.5794697550178,9.9622710747541e-05,-0.00040942674696269
1.8875,-0.47869474585226,0.58468067002826,0.00011070987115801,-0.00037962114588339
1.88775,-0.47574824861236,0.58999855239337,0.00011347737436388,-0.00035391703040594
1.888,-0.47262900710792,0.59541069248654,0.00011134002480006,-0.00033303856524308
1.88825,-0.46933088941161,0.60090417938593,0.00010660762833076,-0.00031656265638366
1.8885,-0.46584900756984,0.60646603779574,0.00010067363635943,-0.00030372587627231
1.88875,-0.46217966312401,0.61208335207888,9.4325034339604e-05,-0.00029377282696671
1.889,-0.45832028170309,0.61774337648881,8.7984241080447e-05,-0.00028606816447648
1.88925,-0.45426933929376,0.62343363116791,8.1864630217019e-05,-0.00028011120183607
1.8895,-0.45002628263704,0.62914198390002,7.6062944989383e-05,-0.00027551805566598
1.88975,-0.44559144598974,0.63485671795742,7.0612311391706e-05,-0.00027199726229691
1.89,-0.44096596624383,0.64056658666818,6.5512150246359e-05,-0.00026932768991481
1.89025,-0.436151698132,0.64626085554737,6.0744896890611e-05,-0.00026734088595626
1.8905,-0.43115113097712,0.65192933299204,5.6285261598362e-05,-0.00026590768373956
1.89075,-0.42596730817734,0.65756239063911,5.2105284252611e-05,-0.00026492826756019
1.891,-0.42060375036675,0.66315097453612,4.8177019503883e-05,-0.00026432486472367
1.89125,-0.41506438295817,0.66868660828491,4.4473889742347e-05,-0.0002640363744615
1.8915,-0.40935346856604,0.67416138929456,4.0971293893493e-05,-0.00026401440713487
1.89175,-0.40347554462328,0.67956797923086,3.7646806488448e-05,-0.00026422034665667
1.892,-0.39743536634886,0.68489958968225,3.4480157537895e-05,-0.00026462315638656
1.89225,-0.39123785509151,0.69014996398073,3.1453101529255e-05,-0.00026519772759115
1.8925,-0.38488805196769,0.69531335602852,2.8549236647655e-05,-0.00026592362623937
1.89275,-0.37839107662769,0.70038450688912,2.5753808099836e-05,-0.00026678413427611
1.893,-0.37175209091946,0.70535861980994,2.3053513715545e-05,-0.0002677655102072
1.89325,-0.36497626717314,0.71023133425436,2.0436320972465e-05,-0.00026885641424809
1.8935,-0.35806876079817,0.71499869943659,1.7891299450919e-05,-0.00027004745787884
1.89375,-0.35103468686647,0.71965714777391,1.5408469855682e-05,-0.00027133084812955
1.894,-0.34387910034707,0.72420346859897,1.2978669197779e-05,-0.00027270010449641
1.89425,-0.33660697965849,0.72863478240974,1.0593430953504e-05,-0.00027414983190147
1.8945,-0.32922321321226,0.73294851587701,8.2448786828277e-06,-0.00027567553714735
1.89475,-0.32173258863305,0.73714237777883,5.9256315013079e-06,-0.00027727347929652
1.895,-0.31413978435717,0.74121433598707,3.6287198450111e-06,-0.0002789405466151
1.89525,-0.30644936332899,0.74516259559416,1.3475100797688e-06,-0.00028067415437192
1.8955,-0.2986657685352,0.7489855782357,-9.2436335324748e-07,-0.00028247215902292
1.89575,-0.29079332013717,0.75268190263866,-3.1930594158122e-06,-0.00028433278524562
1.896,-0.28283621398228,0.75625036640274,-5.4645865910785e-06,-0.00028625456299635
1.89625,-0.27479852129587,0.75968992900503,-7.7448545236188e-06,-0.00028823627229905
1.8965,-0.26668418937478,0.7629996960038,-1.0039721938708e-05,-0.00029027689388178
1.89675,-0.25849704312246,0.76617890440668,-1.2355041485378e-05,-0.0002923755640845
1.897,-0.25024078728315,0.76922690916005,-1.4696702043823e-05,-0.00029453153269247
1.89725,-0.24191900924918,0.77214317071054,-1.7070668940959e-05,-0.0002967441225209
1.8975,-0.23353518233041,0.7749272435856,-1.9483022425908e-05,-0.00029901268969954
1.89775,-0.22509266938908,0.77757876593742,-2.1939994666843e-05,-0.00030133658369275
1.898,-0.21659472675553,0.78009744999353,-2.4448005439421e-05,-0.00030371510614595
1.89825,-0.2080445083519,0.7824830733569,-2.7013696581338e-05,-0.00030614746768158
1.8985,-0.19944506996132,0.78473547109941,-2.9643965184277e-05,-0.0003086327417802
1.89875,-0.19079937358878,0.78685452859352,-3.2345995379812e-05,-0.00031116981488016
1.899,-0.18211029186861,0.78884017502896,-3.5127288445613e-05,-0.00031375733181649
1.89925,-0.17338061248016,0.79069237756324,-3.7995690808425e-05,-0.00031639363570058
1.8995,-0.16461304253988,0.79241113605731,-4.0959419345813e-05,-0.00031907670132171
1.89975,-0.1558102129438,0.79399647835012,-4.4027083184677e-05,-0.00032180406113531
1.9,-0.14697468263854,0.79544845602864,-4.7207700955982e-05,-0.00032457272289866
1.90025,-0.13810894280406,0.79676714065228,-5.0510712186478e-05,-0.00032737907803087
1.9005,-0.12921542093448,0.79795262039368,-5.3945981184874e-05,-0.0003302187998221
1.90075,-0.12029648480644,0.79900499706017,-5.7523791407845e-05,-0.00033308673071192
1.901,-0.11135444632753,0.79992438346282,-6.1254827867864e-05,-0.00033597675801539
1.90125,-0.10239156525923,0.80071090110266,-6.5150144670664e-05,-0.00033888167772057
1.9015,-0.093410052810968,0.80136467814546,-6.9221114249648e-05,-0.00034179304633888
1.90175,-0.084412075103524,0.80188584765948,-7.3479354308016e-05,-0.00034470102129175
1.902,-0.075399756501219,0.80227454609184,-7.7936627906837e-05,-0.0003475941909987
1.90225,-0.066375182813702,0.80253091196185,-8.2604711579183e-05,-0.00035045939673388
1.9025,-0.057340404368985,0.80265508475111,-8.7495225854174e-05,-0.00035328154948092
1.90275,-0.048297438959969,0.80264720397198,-9.2619422206983e-05,-0.00035604344648074
1.903,-0.039248274667688,0.80250740839777,-9.7987920302089e-05,-0.00035872559396531
1.90325,-0.030194872564557,0.8022358354393,-0.00010361038958713,-0.00036130604472101
1.9035,-0.021139169301546,0.80183262065415,-0.00010949516997225,-0.00036376026161768
1.90375,-0.012083079583499,0.80129789737576,-0.00011564882767498,-0.00036606102102276
1.904,-0.0030284985367412,0.80063179645133,-0.00012207564452555,-0.00036817837298087
1.90425,0.006022696026494,0.79983444607791,-0.0001287770423266,-0.00037007967798256
1.9045,0.015068641442244,0.79890597172759,-0.00013575094844039,-0.00037172974277243
1.90475,0.024107488123224,0.79784649615343,-0.00014299111478283,-0.00037309107953338
1.905,0.033137397576867,0.79665613946842,-0.00015048640987045,-0.00037412431338026
1.90525,0.042156540508478,0.79533501929101,-0.0001582201123522,-0.00037478876173396
1.9055,0.051163095005302,0.79388325095091,-0.00016616924416342,-0.00037504320508768
1.90575,0.060155244796992,0.79230094774999,-0.00017430399132832,-0.00037484686119516
1.906,0.069131177588518,0.79058822127341,-0.00018258726938955,-0.00037416056323671
1.90625,0.07808908346138,0.78874518174669,-0.00019097449694579,-0.00037294812681908
1.9065,0.087027153339155,0.78677193843521,-0.00019941364301589,-0.00037117787106736
1.90675,0.095943577513816,0.78466860008252,-0.00020784560999978,-0.00036882423666455
1.907,0.10483654422898,0.782435275385,-0.00021620500217899,-0.00036586942049762
1.90725,0.1137042383168,0.78007207350008,-0.00022442130896745,-0.00036230492549393
1.9075,0.12254483988521,0.7775791045861,-0.00023242050261163,-0.00035813290888579
1.90775,0.13135652305214,0.77495648037196,-0.00024012701343581,-0.00035336720632265
1.908,0.14013745472404,0.77220431475502,-0.00024746600546779,-0.00034803391622933
1.90825,0.1488857934157,0.76932272442612,-0.00025436583635067,-0.00034217145045828
1.9085,0.15759968810852,0.76631182952072,-0.00026076055375973,-0.00033582999331343
1.90875,0.16627727714515,0.76317175429541,-0.00026659226187851,-0.00032907035852469
1.909,0.17491668715756,0.75990262782923,-0.00027181319024574,-0.00032196228732078
1.90925,0.18351603202668,0.75650458474966,-0.00027638731533262,-0.00031458228323091
1.9095,0.1920734118714,0.7529777659829,-0.00028029142120397,-0.00030701112305171
1.90975,0.20058691206484,0.74932231952866,-0.00028351553503065,-0.00029933121205593
1.91,0.20905460227627,0.74553840125963,-0.00028606272915733,-0.00029162396097832
1.91025,0.21747453553678,0.74162617574596,-0.00028794833600291,-0.00028396735186852
1.9105,0.22584474732727,0.7375858171052,-0.0002891986680089,-0.00027643383213445
1.91075,0.23416325468731,0.73341750987845,-0.00028984936684934,-0.00026908863618834
1.911,0.24242805534347,0.72912144993344,-0.00028994352164439,-0.00026198858856398
1.91125,0.25063712685603,0.7246978453953,-0.00028952969531656,-0.000255181397683
1.9115,0.25878842578304,0.72014691760628,-0.00028865998417427,-0.0002487054109118
1.91175,0.26687988686072,0.71546890211524,-0.00028738821242365,-0.000242589772589
1.912,0.27490942219938,0.71066404969839,-0.00028576833515934,-0.00023685490868733
1.91225,0.28287492049442,0.70573262741241,-0.00028385309462962,-0.00023151325428016
1.9125,0.29077424625149,0.70067491968152,-0.00028169294842229,-0.00022657014132195
1.91275,0.29860523902576,0.6954912294199,-0.00027933526671325,-0.00022202477206646
1.913,0.30636571267477,0.69018187919127,-0.00027682377976456,-0.00021787121525353
1.91325,0.31405345462482,0.68474721240709,-0.00027419824645014,-0.00021409937576482
1.9135,0.3216662251509,0.67918759456544,-0.00027149430909641,-0.00021069590203284
1.91375,0.32920175667023,0.67350341453234,-0.0002687434983919,-0.00020764500787938
1.914,0.3366577530497,0.6676950858675,-0.00026597335347913,-0.00020492919596646
1.91425,0.3440318889277,0.66176304819669,-0.00026320762559256,-0.00020252987838831
1.9145,0.35132180905079,0.65570776863281,-0.00026046653789935,-0.00020042789613826
1.91475,0.35852512762618,0.64952974324787,-0.00025776707888071,-0.00019860394346379
1.915,0.36563942769061,0.64322949859835,-0.00025512331119656,-0.00019703890578467
1.91525,0.37266226049705,0.63680759330626,-0.0002525466822095,-0.00019571412123273
1.9155,0.37959114492024,0.6302646196984,-0.00025004632604419,-0.00019461157630243
1.91575,0.38642356688275,0.6236012055065,-0.00024762935016184,-0.00019371404586326
1.916,0.39315697880297,0.61681801563073,-0.00024530110194209,-0.0001930051871132
1.91625,0.39978879906728,0.60991575396943,-0.00024306541273013,-0.00019246959612884
1.9165,0.40631641152811,0.60289516531786,-0.00024092481829468,-0.00019209283462893
1.91675,0.41273716503058,0.59575703733873,-0.00023888075572708,-0.0001918614335077
1.917,0.41904837297011,0.58850220260753,-0.00023693373756746,-0.00019176287867633
1.91725,0.42524731288393,0.58113154073562,-0.00023508350444139,-0.0001917855838124
1.9175,0.43133122607976,0.57364598057399,-0.00023332915778678,-0.0001919188537789
1.91775,0.43729731730484,0.566046502501,-0.00023166927439895,-0.00019215284174222
1.918,0.44314275445933,0.55833414079692,-0.0002301020045613,-0.00019247850239293
1.91825,0.44886466835805,0.5505099861086,-0.00022862515549246,-0.00019288754314593
1.9185,0.45446015254493,0.54257518800737,-0.00022723626175419,-0.00019337237475958
1.91875,0.45992626316515,0.53453095764312,-0.0002259326441454,-0.0001939260624558
1.919,0.46526001889997,0.52637857049804,-0.00022471145847108,-0.00019454227833324
1.91925,0.47045840097,0.51811936924277,-0.00022356973543042,-0.00019521525563503
1.9195,0.47551835321286,0.50975476669815,-0.00022250441272235,-0.00019593974524924
1.91975,0.4804367822417,0.50128624890564,-0.00022151236032367,-0.00019671097467822
1.92,0.48521055769163,0.4927153783091,-0.00022059039975767,-0.00019752460960328
1.92025,0.48983651256141,0.48404379705085,-0.00021973531803939,-0.0001983767180877
1.9205,0.49431144365848,0.47527323038465,-0.0002189438768594,-0.00019926373739957
1.92075,0.49863211215579,0.46640549020786,-0.00021821281744806,-0.00020018244339025
1.921,0.5027952442696,0.45744247871534,-0.00021753886144687,-0.00020112992233208
1.92125,0.50679753206788,0.44838619217682,-0.00021691870799918,-0.00020210354509632
1.9215,0.51063563441984,0.43923872483958,-0.00021634902715684,-0.00020310094353639
1.92175,0.51430617809721,0.43000227295784,-0.00021582644957842,-0.00020411998893117
1.922,0.51780575903941,0.42067913894974,-0.00021534755236365,-0.00020515877233444
1.92225,0.52113094379455,0.41127173568267,-0.0002149088407215,-0.00020621558666911
1.9225,0.52427827114957,0.40178259088675,-0.0002145067249985,-0.00020728891039555
1.92275,0.52724425396333,0.39221435169615,-0.00021413749238886,-0.00020837739257008
1.923,0.53002538121716,0.38256978931709,-0.00021379727239509,-0.00020947983908863
1.92325,0.53261812029831,0.37285180382053,-0.00021348199478897,-0.00021059519987825
1.9235,0.53501891953246,0.36306342905702,-0.0002131873384121,-0.00021172255674877
1.92375,0.53722421098218,0.35320783769009,-0.00021290866861787,-0.00021286111153908
1.924,0.53923041352926,0.34328834634375,-0.0002126409604425,-0.00021401017407433
1.92425,0.54103393625937,0.33330842085824,-0.00021237870363026,-0.00021516914926967
1.9245,0.54263118216852,0.3232716816475,-0.00021211578432442,-0.00021633752244058
1.92475,0.54401855221146,0.31318190914991,-0.00021184533641854,-0.000217514841457
1.925,0.54519244971314,0.3030430493629,-0.00021155955301735,-0.00021870069372415
1.92525,0.5461492851647,0.29285921945002,-0.00021124944484156,-0.00021989467494978
1.9255,0.54688548142668,0.28263471340756,-0.00021090452720383,-0.00022109634503752
1.92575,0.54739747936243,0.27237400777605,-0.00021051240956887,-0.00022230516384151
1.926,0.54768174392539,0.26208176737933,-0.00021005825039498,-0.00022352039525945
1.92625,0.54773477072462,0.25176285107241,-0.00020952402284557,-0.00022474096104532
1.9265,0.54755309309305,0.24142231747629,-0.00020888751060463,-0.00022596521364192
1.92675,0.54713328968367,0.23106543067569,-0.00020812091160965,-0.00022719057626657
1.927,0.54647199261863,0.22069766585269,-0.00020718886099398,-0.00022841296074875
1.92725,0.54556589621678,0.21032471482634,-0.00020604557518587,-0.00022962580396453
1.9275,0.54441176632445,0.19995249146497,-0.00020463063488199,-0.00023081843070787
1.92775,0.54300645027467,0.18958713693481,-0.00020286260609959,-0.00023197318694598
1.928,0.54134688749884,0.17923502474461,-0.00020062913338017,-0.00023306024052986
1.92825,0.5394301208145,0.16890276554204,-0.00019777111259456,-0.00023402775541365
1.9285,0.53725330841169,0.15859721161432,-0.00019405665717153,-0.00023478239980512
1.92875,0.5348137365589,0.14832546103998,-0.00018913711241032,-0.00023514839334123
1.929,0.53210883304811,0.13809486143571,-0.00018247161453447,-0.0002347754024325
1.92925,0.52913618139618,0.12791301323618,-0.0001732013115773,-0.00023291418116986
1.9295,0.52589353581747,0.11778777244092,-0.00015998193419423,-0.00022781919974392
1.92975,0.52237883697961,0.1077272527568,-0.00014110049793002,-0.00021502858114135
1.93,0.51859022855093,0.097739827059577,-0.00011767863291865,-0.000182633751294
1.93025,0.51452607454426,0.087834128092802,-0.00011591223125271,-0.00010919134037093
1.9305,0.5101849774574,0.078019048316876,-0.00020612518576976,-4.4597511996041e-05
1.93075,0.50556579720551,0.068303738815595,-0.00029479417475923,-9.0388985395843e-05
1.931,0.50066767083535,0.058697607162189,-0.00031223319988547,-0.00014728931658181
1.93125,0.4954900330052,0.049210314141074,-0.00030760952748399,-0.00018043059298563
1.9315,0.49003263720773,0.039851769216373,-0.00030028210222197,-0.00019937790453026
1.93175,0.48429557770601,0.030632124632895,-0.00029397395084051,-0.00021115650026148
1.932,0.47827931214542,0.021561768029887,-0.00028906725403168,-0.00021912888279555
1.93225,0.47198468479637,0.012651313443102,-0.00028534765879529,-0.00022492509838835
1.9325,0.46541295037455,0.0039115905660994,-0.00028255220110443,-0.00022939074485532
1.93275,0.45856579837751,-0.0046463678630023,-0.00028046671372253,-0.00023299580677719
1.933,0.45144537786828,-0.013011340686569,-0.00027893064031505,-0.00023601780189983
1.93325,0.44405432262958,-0.021171935105361,-0.00027782561637862,-0.0002386292391521
1.9335,0.43639577660547,-0.02911660575301,-0.00027706403010311,-0.00024094211093763
1.93375,0.42847341954285,-0.036833676212801,-0.00027658029083075,-0.00024303185270005
1.934,0.42029149274227,-0.044311363123987,-0.00027632461266805,-0.00024495090432748
1.93425,0.41185482482866,-0.051537803024486,-0.00027625866639618,-0.00024673672615156
1.9345,0.4031688574574,-0.058501082075761,-0.00027635253485689,-0.00024841671961955
1.93475,0.39423967088323,-0.06518926881188,-0.00027658256229591,-0.00025001134953221
1.935,0.38507400933903,-0.071590450048328,-0.00027692981698077,-0.00025153618374726
1.93525,0.37567930620215,-0.0776927700755,-0.00027737897782099,-0.00025300326053566
1.9355,0.36606370897206,-0.083484473244758,-0.00027791751739139,-0.0002544220265447
1.93575,0.35623610414695,-0.08895395002786,-0.00027853509473545,-0.00025579999360346
1.936,0.34620614217573,-0.094089786589703,-0.0002792230985361,-0.00025714320725733
1.93625,0.33598426278196,-0.098880817850093,-0.00027997429942348,-0.00025845658665173
1.9365,0.32558172111442,-0.10331618391211,-0.00028078258245656,-0.00025974417487549
1.93675,0.31501061538568,-0.10738538958345,-0.00028164273918371,-0.00026100932593273
1.937,0.30428391692073,-0.11107836648648,-0.00028255030446372,-0.00026225484617291
1.93725,0.29341550386072,-0.1143855368993,-0.00028350142726254,-0.00026348310252953
1.9375,0.28242020014773,-0.1172978779362,-0.00028449276749148,-0.00026469610625417
1.93775,0.27131382183489,-0.11980698387044,-0.00028552141298845,-0.00026589557834182
1.938,0.26011323317051,-0.12190512320505,-0.00028658481221481,-0.00026708300112512
1.93825,0.24883641517081,-0.12358528533991,-0.00028768071931329,-0.00026825965931197
1.9385,0.237502549292,-0.12484120915913,-0.00028880714896302,-0.00026942667288879
1.93875,0.226132117901,-0.12566738235208,-0.00028996233905578,-0.00027058502369958
1.939,0.21474702077865,-0.12605899561335,-0.00029114471965867,-0.00027173557706716
1.93925,0.20337070165404,-0.12601183014538,-0.00029235288706233,-0.00027287909949709
1.9395,0.19202826895374,-0.12552205084217,-0.0002935855819682,-0.00027401627326389
1.93975,0.18074657817894,-0.12458587329767,-0.00029484167106421,-0.00027514770849852
1.94,0.16955421728283,-0.12319907500749,-0.00029612013138938,-0.00027627395326043
1.94025,0.15848130063659,-0.12135633842012,-0.00029742003700613,-0.00027739550197371
1.9405,0.14755893720303,-0.11905045898053,-0.00029874054759142,-0.00027851280252802
1.94075,0.13681821286016,-0.11627153984584,-0.00030008089863094,-0.00027962626228337
1.941,0.12628855431944,-0.11300643174586,-0.00030144039295866,-0.00028073625317063
1.94125,0.11599548043721,-0.10923883290224,-0.00030281839343018,-0.00028184311604215
1.9415,0.10595804229795,-0.10495054698527,-0.00030421431655565,-0.00028294716439773
1.94175,0.096186667280843,-0.10012424763667,-0.00030562762694788,-0.00028404868758785
1.942,0.086682444455931,-0.094747580680606,-0.00030705783246565,-0.0002851479535776
1.94225,0.077438764244528,-0.088817635762905,-0.00030850447995202,-0.00028624521133997
1.9425,0.068445423283251,-0.082344188473095,-0.00030996715148355,-0.00028734069293511
1.94275,0.05969410013136,-0.075350253357989,-0.00031144546105989,-0.00028843461532275
1.943,0.051183287059329,-0.067869563410126,-0.00031293905167387,-0.00028952718194671
1.94325,0.042920992971589,-0.059941980113825,-0.00031444759271157,-0.00029061858412454
1.9435,0.034924666883624,-0.051608597975366,-0.00031597077763941,-0.00029170900226955
1.94375,0.027218998814425,-0.042908042632086,-0.00031750832194131,-0.00029279860696863
1.944,0.019832820467114,-0.033874578997574,-0.00031905996127486,-0.00029388755993525
1.94425,0.012796174077238,-0.024537822737027,-0.00032062544981912,-0.00029497601485445
1.9445,0.0061381196909013,-0.014923454578808,-0.00032220455879127,-0.00029606411813381
1.94475,-0.00011460967750775,-0.0050543391179118,-0.00032379707511162,-0.0002971520095726
1.945,-0.0059382561628973,0.0050483595568795,-0.00032540280020007,-0.00029823982295933
1.94525,-0.011312217213634,0.015364266863095,-0.0003270215488886,-0.00029932768660673
1.9455,-0.01621896134519,0.025873147441527,-0.00032865314843691,-0.00030041572383163
1.94575,-0.020643823351969,0.036554494479444,-0.00033029743763969,-0.00030150405338648
1.946,-0.024574765651044,0.047387308549149,-0.00033195426601561,-0.0003025927898482
1.94625,-0.028002150482708,0.058350013166327,-0.00033362349306915,-0.00030368204396917
1.9465,-0.030918541357889,0.069420462563516,-0.00033530498761773,-0.00030477192299492
1.94675,-0.033318537563921,0.080576008101874,-0.00033699862717727,-0.00030586253095211
1.947,-0.035198638517383,0.091793599622001,-0.00033870429740022,-0.00030695396891003
1.94725,-0.036557132099206,0.10304990573804,-0.00034042189156091,-0.00030804633521875
1.9475,-0.037394000720711,0.11432144260276,-0.00034215131008334,-0.00030913972572614
1.94775,-0.037710839522146,0.12558470444577,-0.0003438924601075,-0.00031023423397619
1.948,-0.037510782118551,0.13681629166842,-0.00034564525509031,-0.00031132995139052
1.94825,-0.036798430372742,0.14799303387182,-0.00034740961443813,-0.00031242696743478
1.9485,-0.035579785616894,0.15909210620175,-0.00034918546316771,-0.0003135253697715
1.94875,-0.033862179543362,0.17009113802089,-0.0003509727315931,-0.00031462524440075
1.949,-0.031654203617957,0.18096831330974,-0.00035277135503618,-0.00031572667578976
1.94925,-0.028965636367745,0.19170246244672,-0.00035458127355859,-0.00031682974699263
1.9495,-0.025807368272559,0.20227314517966,-0.00035640243171331,-0.00031793453976109
1.94975,-0.022191324272549,0.21266072471305,-0.00035823477831419,-0.00031904113464704
1.95,-0.018130384111353,0.22284643292107,-0.00036007826622178,-0.00032014961109776
