1.7,0.49891658613067,0.84743562464851,-9.9740924842439e-07,7.3488811253907e-07
1.70025,0.50396284015577,0.8444238359097,-9.9268372863714e-07,7.3860450628742e-07
1.7005,0.50899187292354,0.84138163301461,-9.879018359468e-07,7.4236787480553e-07
1.70075,0.5140034916589,0.83830910947497,-9.8306180113642e-07,7.4617942158099e-07
1.701,0.51899750413371,0.83520636008866,-9.7816177219668e-07,7.5004039209018e-07
1.70125,0.52397371867564,0.83207348093554,-9.7319980944301e-07,7.5395207550704e-07
1.7015,0.52893194417694,0.82891056937342,-9.6817388028912e-07,7.5791580648213e-07
1.70175,0.53387199010314,0.82571772403381,-9.6308185364895e-07,7.6193296699406e-07
1.702,0.53879366650183,0.82249504481769,-9.5792149393639e-07,7.6600498827478e-07
1.70225,0.5436967840112,0.81924263289121,-9.5269045462946e-07,7.7013335281035e-07
1.7025,0.54858115386873,0.8159605906813,-9.4738627136218e-07,7.7431959641807e-07
1.70275,0.55344658791971,0.81264902187129,-9.4200635450419e-07,7.7856531040097e-07
1.703,0.5582928986258,0.80930803139638,-9.36547981184e-07,7.8287214377966e-07
1.70325,0.56311989907344,0.80593772543911,-9.3100828670783e-07,7.8724180560128e-07
1.7035,0.56792740298231,0.80253821142477,-9.2538425532099e-07,7.9167606732449e-07
1.70375,0.57271522471373,0.79910959801678,-9.1967271025353e-07,7.9617676527836e-07
1.704,0.57748317927897,0.79565199511188,-9.1387030298639e-07,8.0074580319219e-07
1.70425,0.58223108234754,0.79216551383549,-9.0797350166717e-07,8.0538515479171e-07
1.7045,0.58695875025541,0.78865026653681,-9.0197857859814e-07,8.1009686645567e-07
1.70475,0.59166600001329,0.78510636678395,-8.958815967107e-07,8.1488305992497e-07
1.705,0.59635264931465,0.78153392935906,-8.8967839493129e-07,8.1974593505384e-07
1.70525,0.60101851654394,0.77793307025326,-8.8336457233468e-07,8.2468777259033e-07
1.7055,0.60566342078456,0.77430390666172,-8.7693547096836e-07,8.2971093696955e-07
1.70575,0.61028718182688,0.77064655697847,-8.7038615721999e-07,8.348178790997e-07
1.706,0.61488962017625,0.76696114079132,-8.6371140158591e-07,8.4001113911565e-07
1.70625,0.61947055706081,0.7632477788767,-8.5690565668256e-07,8.4529334906976e-07
1.7065,0.62402981443944,0.75950659319435,-8.4996303332602e-07,8.5066723552266e-07
1.70675,0.6285672150095,0.7557377068821,-8.4287727448453e-07,8.5613562198877e-07
1.707,0.63308258221462,0.75194124425052,-8.3564172688712e-07,8.6170143118208e-07
1.70725,0.63757574025242,0.74811733077751,-8.2824931004701e-07,8.6736768699604e-07
1.7075,0.64204651408211,0.74426609310292,-8.206924824297e-07,8.7313751613827e-07
1.70775,0.64649472943217,0.74038765902305,-8.129632044657e-07,8.7901414932464e-07
1.708,0.65092021280786,0.73648215748511,-8.050528980707e-07,8.8500092191795e-07
1.70825,0.65532279149875,0.73254971858168,-7.9695240229816e-07,8.9110127387357e-07
1.7085,0.65970229358615,0.72859047354508,-7.8865192470241e-07,8.9731874882732e-07
1.70875,0.66405854795053,0.72460455474173,-7.8014098794089e-07,9.0365699212761e-07
1.709,0.66839138427888,0.72059209566642,-7.7140837108597e-07,9.101197475747e-07
1.70925,0.67270063307201,0.71655323093658,-7.6244204505277e-07,9.1671085258376e-07
1.7095,0.67698612565178,0.71248809628651,-7.5322910147453e-07,9.2343423143034e-07
1.70975,0.68124769416831,0.70839682856152,-7.4375567427611e-07,9.3029388617071e-07
1.71,0.68548517160711,0.70427956571206,-7.3400685310024e-07,9.3729388474665e-07
1.71025,0.68969839179624,0.70013644678781,-7.2396658763713e-07,9.4443834568699e-07
1.7105,0.69388718941324,0.69596761193175,-7.1361758178593e-07,9.5173141869837e-07
1.71075,0.69805139999222,0.69177320237411,-7.0294117644279e-07,9.5917726029597e-07
1.711,0.70219085993074,0.68755336042639,-6.9191721955653e-07,9.6678000344948e-07
1.71125,0.70630540649671,0.68330822947526,-6.8052392192103e-07,9.745437200118e-07
1.7115,0.7103948778352,0.67903795397644,-6.6873769697929e-07,9.8247237443982e-07
1.71175,0.71445911297526,0.67474267944857,-6.5653298269912e-07,9.9056976700946e-07
1.712,0.71849795183661,0.67042255246702,-6.4388204333607e-07,9.9883946434628e-07
1.71225,0.72251123523633,0.66607772065764,-6.3075474863216e-07,1.0072847146327e-06
1.7125,0.72649880489545,0.66170833269054,-6.1711832770315e-07,1.0159083442902e-06
1.71275,0.73046050344555,0.65731453827375,-6.0293709454196e-07,1.0247126322417e-06
1.713,0.73439617443524,0.65289648814693,-5.8817214171875e-07,1.0336991570143e-06
1.71325,0.73830566233666,0.64845433407497,-5.7278099848815e-07,1.0428686109027e-06
1.7135,0.74218881255181,0.64398822884162,-5.5671724913199e-07,1.0522205741311e-06
1.71375,0.74604547141899,0.63949832624304,-5.3993010698638e-07,1.0617532403766e-06
1.714,0.74987548621903,0.63498478108131,-5.2236393924898e-07,1.0714630830686e-06
1.71425,0.75367870518156,0.63044774915798,-5.0395773736859e-07,1.0813444494764e-06
1.7145,0.7574549774912,0.62588738726752,-4.8464452764151e-07,1.091389066622e-06
1.71475,0.76120415329367,0.62130385319073,-4.643507166573e-07,1.1015854393785e-06
1.715,0.76492608370192,0.61669730568819,-4.4299536656614e-07,1.1119181165631e-06
1.71525,0.76862062080211,0.61206790449361,-4.2048939595132e-07,1.1223667952018e-06
1.7155,0.7722876176596,0.60741581030718,-3.9673470363283e-07,1.1329052261847e-06
1.71575,0.77592692832489,0.6027411847889,-3.7162321534627e-07,1.1434998759486e-06
1.716,0.77953840783945,0.59804419055185,-3.4503585744893e-07,1.1541082882675e-06
1.71625,0.78312191224153,0.59332499115548,-3.1684146830358e-07,1.1646770773121e-06
1.7165,0.78667729857199,0.58858375109879,-2.8689566780501e-07,1.1751394674384e-06
1.71675,0.79020442487991,0.58382063581361,-2.5503972005789e-07,1.185412276262e-06
1.717,0.79370315022828,0.5790358116577,-2.2109944548733e-07,1.1953922151568e-06
1.71725,0.79717333469962,0.57422944590798,-1.8488426943846e-07,1.2049513552798e-06
1.7175,0.80061483940146,0.56940170675359,-1.4618653841887e-07,1.2139315779647e-06
1.71775,0.8040275264719,0.56455276328904,-1.047812977556e-07,1.2221377971257e-06
1.718,0.80741125908501,0.55968278550726,-6.0426812542739e-08,1.2293297111167e-06
1.71825,0.81076590145617,0.55479194429264,-1.2866236404288e-08,1.235211817938e-06
1.7185,0.81409131884748,0.54988041141412,3.816899881277e-08,1.2394214210745e-06
1.71875,0.81738737757297,0.54494835951813,9.2953271336058e-08,1.2415143811621e-06
1.719,0.82065394500385,0.53999596212161,1.517572332161e-07,1.2409484601565e-06
1.71925,0.82389088957364,0.53502339360494,2.1483316076281e-07,1.2370643058885e-06
1.7195,0.82709808078333,0.53003082920493,2.8239323123224e-07,1.2290645064247e-06
1.71975,0.83027538920641,0.52501844500768,3.545782330996e-07,1.2159918083525e-06
1.72,0.83342268649387,0.51998641794151,4.3141370180616e-07,1.196708681187e-06
1.72025,0.83653984537917,0.51493492576983,5.1275014808211e-07,1.1698820930731e-06
1.7205,0.83962673968313,0.50986414708401,5.9818424729375e-07,1.1339798099758e-06
1.72075,0.84268324431877,0.50477426129616,6.8695916269254e-07,1.0872878166317e-06
1.721,0.84570923529611,0.49966544863203,7.7784546390619e-07,1.0279623701476e-06
1.72125,0.8487045897269,0.49453789012375,8.6901051622642e-07,9.5413389677915e-07
1.7215,0.85166918582932,0.48939176760262,9.5789483129042e-07,8.6408148737684e-07
1.72175,0.85460290293259,0.4842272636919,1.0411288173915e-06,7.5649266789829e-07
1.722,0.85750562148159,0.4790445617995,1.1145402057995e-06,6.3080859779396e-07
1.72225,0.86037722304133,0.47384384611078,1.1733140707351e-06,4.8762550006059e-07
1.7225,0.86321759030147,0.46862530158121,1.2123611529114e-06,3.2907942894551e-07
1.72275,0.86602660708075,0.46338911392906,1.2269114004317e-06,1.5909518181022e-07
1.723,0.86880415833131,0.45813546962814,1.2132723273909e-06,-1.6642082488706e-08
1.72325,0.87155013014305,0.45286455590038,1.1695943816481e-06,-1.9109862974486e-07
1.7235,0.87426440974789,0.44757656070855,1.0964170132625e-06,-3.5668500638215e-07
1.72375,0.87694688552396,0.44227167274887,9.9678772200091e-07,-5.0627702100581e-07
1.724,0.8795974469998,0.43695008144361,8.7587231810544e-07,-6.3419659131259e-07
1.72425,0.88221598485843,0.43161197693373,7.4015674146258e-07,-7.3688031295008e-07
1.7245,0.88480239094143,0.42625755007145,5.9648087462904e-07,-8.1308259031314e-07
1.72475,0.88735655825296,0.42088699241286,4.5116996411597e-07,-8.6363375000859e-07
1.725,0.88987838096369,0.41550049621044,3.0944402161143e-07,-8.9090721120217e-07
1.72525,0.8923677544147,0.41009825440567,1.7515594288685e-07,-8.9819125039367e-07
1.7255,0.89482457512138,0.40468046062154,5.0804698849644e-08,-8.8912171340262e-07
1.72575,0.89724874077715,0.39924730915508,-6.2277555446339e-08,-8.6725840414211e-07
1.726,0.89964015025732,0.39379899496992,-1.6366350567007e-07,-8.3582145611296e-07
1.72625,0.90199870362268,0.38833571368874,-2.5356524911763e-07,-7.9756358951173e-07
1.7265,0.90432430212323,0.38285766158584,-3.3260494382485e-07,-7.5473914912765e-07
1.72675,0.90661684820174,0.37736503557957,-4.0163617706574e-07,-7.0913214805837e-07
1.727,0.90887624549732,0.37185803322485,-4.6161549275721e-07,-6.6211404865202e-07
1.72725,0.9111023988489,0.36633685270561,-5.1351631429242e-07,-6.1471170966536e-07
1.7275,0.91329521429869,0.3608016928273,-5.5827543457573e-07,-5.6767401285967e-07
1.72775,0.91545459909558,0.3552527530093,-5.9676286568842e-07,-5.2153140645098e-07
1.728,0.91758046169849,0.34969023327736,-6.2976752722933e-07,-4.7664620696998e-07
1.72825,0.91967271177967,0.34411433425608,-6.5799311586126e-07,-4.3325353636206e-07
1.7285,0.92173126022795,0.33852525716131,-6.8206013843418e-07,-3.9149377546792e-07
1.72875,0.92375601915194,0.33292320379259,-7.0251138223906e-07,-3.5143780204731e-07
1.729,0.92574690188319,0.32730837652553,-7.1981904581422e-07,-3.131063314704e-07
1.72925,0.92770382297929,0.32168097830426,-7.3439242022093e-07,-2.7648456494031e-07
1.7295,0.9296266982269,0.31604121263382,-7.4658546151629e-07,-2.4153317368459e-07
1.72975,0.93151544464483,0.31038928357254,-7.5670389055001e-07,-2.0819646106346e-07
1.73,0.93336998048691,0.30472539572443,-7.6501164382365e-07,-1.7640837326489e-07
1.73025,0.93519022524497,0.2990497542316,-7.7173661420111e-07,-1.4609688290055e-07
1.7305,0.93697609965164,0.29336256476659,-7.770756876607e-07,-1.1718714999634e-07
1.73075,0.93872752568322,0.2876640335248,-7.8119911914276e-07,-8.9603769477792e-08
1.731,0.94044442656244,0.28195436721681,-7.8425430832684e-07,-6.3272339690728e-08
1.73125,0.94212672676114,0.27623377306074,-7.8636904240364e-07,-3.812052898359e-08
1.7315,0.94377435200296,0.27050245877468,-7.8765427243267e-07,-1.4078773411955e-08
1.73175,0.94538722926601,0.26476063256898,-7.8820648577152e-07,8.9192947632272e-09
1.732,0.94696528678538,0.2590085031386,-7.8810973121966e-07,3.0936613351258e-08
1.73225,0.9485084540557,0.25324627965552,-7.8743734707325e-07,5.2032595857594e-08
1.7325,0.95001666183364,0.24747417176106,-7.862534358992e-07,7.2263135328041e-08
1.73275,0.95148984214033,0.24169238955816,-7.8461412385246e-07,9.1680675985019e-08
1.733,0.95292792826376,0.23590114360384,-7.8256863694667e-07,1.1033433025908e-07
1.73325,0.9543308547611,0.23010064490143,-7.8016022190581e-07,1.2827002480938e-07
1.7335,0.95569855746106,0.22429110489297,-7.7742693506413e-07,1.4553066360805e-07
1.73375,0.95703097346606,0.21847273545155,-7.7440231918883e-07,1.6215629949688e-07
1.734,0.95832804115452,0.21264574887358,-7.7111598504974e-07,1.7818430810662e-07
1.73425,0.95958970018297,0.20681035787119,-7.6759411194932e-07,1.9364955986745e-07
1.7345,0.96081589148818,0.20096677556453,-7.6385987922964e-07,2.0858458720028e-07
1.73475,0.96200655728925,0.19511521547409,-7.5993383891328e-07,2.2301974497598e-07
1.735,0.96316164108962,0.18925589151308,-7.5583423806751e-07,2.3698336306239e-07
1.73525,0.96428108767905,0.18338901797968,-7.5157729816367e-07,2.5050189030829e-07
1.7355,0.96536484313558,0.17751480954944,-7.4717745759282e-07,2.636000296923e-07
1.73575,0.9664128548274,0.17163348126755,-7.4264758256359e-07,2.7630086463558e-07
1.736,0.96742507141471,0.16574524854123,-7.3799915082308e-07,2.8862597666017e-07
1.73625,0.96840144285152,0.15985032713201,-7.3324241197601e-07,3.0059555470239e-07
1.7365,0.96934192038743,0.15394893314805,-7.2838652762085e-07,3.1222849646672e-07
1.73675,0.97024645656933,0.14804128303654,-7.2343969404794e-07,3.2354250225641e-07
1.737,0.97111500524308,0.14212759357597,-7.1840924984467e-07,3.3455416173668e-07
1.73725,0.97194752155514,0.13620808186845,-7.1330177041783e-07,3.4527903409498e-07
1.7375,0.97274396195415,0.1302829653321,-7.0812315115369e-07,3.5573172205654e-07
1.73775,0.9735042841925,0.12435246169337,-7.0287868069516e-07,3.6592594019855e-07
1.738,0.9742284473278,0.11841678897931,-6.9757310560865e-07,3.7587457799002e-07
1.73825,0.97491641172438,0.11247616551001,-6.9221068753653e-07,3.8558975795911e-07
1.7385,0.97556813905465,0.10653080989085,-6.8679525378113e-07,3.9508288936827e-07
1.73875,0.97618359230052,0.10058094100492,-6.8133024213921e-07,4.043647177511e-07
1.739,0.97676273575473,0.094626778005308,-6.7581874069432e-07,4.1344537064156e-07
1.73925,0.97730553502211,0.088668540307465,-6.70263523182e-07,4.2233439980061e-07
1.7395,0.97781195702085,0.082706447581569,-6.6466708046185e-07,4.3104082022351e-07
1.73975,0.97828196998371,0.076740719744859,-6.5903164855953e-07,4.3957314618847e-07
1.74,0.97871554345916,0.070771576954002,-6.5335923368517e-07,4.4793942458628e-07
1.74025,0.97911264831256,0.064799239597438,-6.4765163457991e-07,4.5614726575149e-07
1.7405,0.97947325672715,0.058823928287768,-6.4191046249991e-07,4.6420387199746e-07
1.74075,0.97979734220519,0.052845863854094,-6.3613715910827e-07,4.7211606404154e-07
1.741,0.98008487956887,0.046865267334416,-6.3033301251054e-07,4.7989030548889e-07
1.74125,0.98033584496135,0.040882359967968,-6.2449917164378e-07,4.8753272553289e-07
1.7415,0.98055021584761,0.034897363187633,-6.1863665919978e-07,4.9504914001341e-07
1.74175,0.98072797101538,0.028910498612313,-6.1274638324466e-07,5.0244507096379e-07
1.742,0.98086909057596,0.022921988039291,-6.0682914767645e-07,5.0972576476705e-07
1.74225,0.98097355596498,0.016932053436668,-6.0088566164566e-07,5.1689620902992e-07
1.7425,0.98104134994322,0.010940916935699,-5.9491654804927e-07,5.2396114827577e-07
1.74275,0.98107245659729,0.0049488008232587,-5.8892235119684e-07,5.3092509854799e-07
1.743,0.9810668613403,-0.0010440724658012,-5.8290354373411e-07,5.3779236100817e-07
1.74325,0.98102455091253,-0.0070374803562384,-5.7686053290258e-07,5.445670346065e-07
1.7435,0.98094551338199,-0.013031200139985,-5.7079366620212e-07,5.512530278947e-07
1.74375,0.98082973814503,-0.019025008983736,-5.6470323651798e-07,5.5785407004708e-07
1.744,0.98067721592679,-0.025018683936545,-5.5858948676653e-07,5.643737211486e-07
1.74425,0.98048793878174,-0.031012001937352,-5.524526141067e-07,5.7081538180497e-07
1.7445,0.98026190009408,-0.037004739822592,-5.4629277376176e-07,5.7718230212562e-07
1.74475,0.97999909457819,-0.042996674333721,-5.4011008248863e-07,5.8347759012445e-07
1.745,0.97969951827892,-0.04898758212478,-5.3390462172952e-07,5.8970421958179e-07
1.74525,0.97936316857201,-0.054977239769952,-5.2767644047634e-07,5.9586503740651e-07
1.7455,0.97899004416429,-0.060965423771075,-5.2142555787595e-07,6.0196277053386e-07
1.74575,0.97858014509396,-0.066951910565198,-5.1515196560011e-07,6.0800003239241e-07
1.746,0.97813347273082,-0.07293647653212,-5.088556300031e-07,6.1397932897073e-07
1.74625,0.97765002977643,-0.078918898001869,-5.0253649408621e-07,6.1990306451142e-07
1.7465,0.9771298202642,-0.084898951262259,-4.9619447928759e-07,6.2577354685914e-07
1.74675,0.97657284955956,-0.090876412566374,-4.8982948711303e-07,6.3159299248611e-07
1.747,0.97597912435997,-0.096851058140071,-4.8344140062245e-07,6.373635312171e-07
1.74725,0.97534865269494,-0.1028226641895,-4.7703008578535e-07,6.4308721067512e-07
1.7475,0.97468144392603,-0.10879100690855,-4.705953927166e-07,6.4876600046568e-07
1.74775,0.97397750874678,-0.11475586248635,-4.6413715680356e-07,6.5440179611783e-07
1.748,0.97323685918264,-0.12071700711476,-4.5765519973391e-07,6.5999642279811e-07
1.74825,0.9724595085908,-0.12667421699581,-4.5114933043329e-07,6.6555163881195e-07
1.7485,0.97164547166007,-0.13262726834916,-4.4461934592011e-07,6.7106913890699e-07
1.74875,0.97079476441065,-0.13857593741955,-4.3806503208517e-07,6.7655055739088e-07
1.749,0.96990740419389,-0.14452000048428,-4.3148616440214e-07,6.8199747107551e-07
1.74925,0.968983409692,-0.15045923386058,-4.2488250857517e-07,6.8741140205906e-07
1.7495,0.96802280091777,-0.15639341391309,-4.1825382112872e-07,6.9279382035593e-07
1.74975,0.96702559921419,-0.16232231706126,-4.1159984994436e-07,6.9814614638396e-07
1.75,0.96599182725407,-0.16824571978676,-4.0492033474937e-07,7.0346975331856e-07
1.75025,0.96492150903963,-0.17416339864087,-3.982150075606e-07,7.0876596932115e-07
1.7505,0.96381466990199,-0.18007513025191,-3.9148359308764e-07,7.1403607965049e-07
1.75075,0.96267133650076,-0.1859806913326,-3.8472580909848e-07,7.1928132866322e-07
1.751,0.96149153682339,-0.19187985868742,-3.7794136675065e-07,7.2450292171118e-07
1.75125,0.96027530018473,-0.19777240922002,-3.7112997089053e-07,7.2970202694122e-07
1.7515,0.95902265722632,-0.20365811994057,-3.6429132032366e-07,7.3487977700343e-07
1.75175,0.95773363991579,-0.20953676797307,-3.5742510805798e-07,7.4003727067332e-07
1.752,0.95640828154619,-0.21540813056274,-3.505310215222e-07,7.4517557439311e-07
1.75225,0.95504661673527,-0.22127198508332,-3.4360874276135e-07,7.5029572373655e-07
1.7525,0.9536486814247,-0.22712810904445,-3.3665794861116e-07,7.5539872480232e-07
1.75275,0.95221451287934,-0.2329762800989,-3.2967831085271e-07,7.6048555553934e-07
1.753,0.95074414968638,-0.23881627604991,-3.2266949634914e-07,7.6555716700872e-07
1.75325,0.9492376317545,-0.24464787485855,-3.156311671655e-07,7.7061448458545e-07
1.7535,0.94769500031298,-0.25047085465089,-3.0856298067298e-07,7.7565840910336e-07
1.75375,0.94611629791073,-0.25628499372535,-3.0146458963882e-07,7.8068981794678e-07
1.754,0.94450156841541,-0.26209007055997,-2.9433564230263e-07,7.8570956609153e-07
1.75425,0.94285085701235,-0.26788586381961,-2.8717578244037e-07,7.9071848709837e-07
1.7545,0.94116421020359,-0.27367215236327,-2.7998464941664e-07,7.957173940614e-07
1.75475,0.93944167580673,-0.27944871525125,-2.72761878226e-07,8.0070708051395e-07
1.755,0.93768330295391,-0.28521533175243,-2.6550709952439e-07,8.0568832129416e-07
1.75525,0.93588914209061,-0.29097178135147,-2.5821993965083e-07,8.1066187337278e-07
1.7555,0.93405924497452,-0.296717843756,-2.5090002064038e-07,8.1562847664482e-07
1.75575,0.93219366467429,-0.30245329890381,-2.4354696022875e-07,8.2058885468724e-07
1.756,0.93029245556831,-0.30817792697008,-2.3616037184901e-07,8.2554371548462e-07
1.75625,0.92835567334346,-0.31389150837447,-2.2873986462098e-07,8.3049375212415e-07
1.7565,0.92638337499373,-0.31959382378837,-2.2128504333368e-07,8.3543964346204e-07
1.75675,0.92437561881894,-0.32528465414198,-2.1379550842113e-07,8.4038205476241e-07
1.757,0.9223324644233,-0.33096378063147,-2.0627085593202e-07,8.4532163831049e-07
1.75725,0.92025397271404,-0.33663098472612,-1.9871067749338e-07,8.502590340013e-07
1.7575,0.91814020589993,-0.34228604817543,-1.9111456026864e-07,8.5519486990505e-07
1.75775,0.91599122748983,-0.34792875301618,-1.8348208691043e-07,8.6012976281068e-07
1.758,0.9138071022911,-0.3535588815796,-1.7581283550805e-07,8.6506431874846e-07
1.75825,0.91158789640812,-0.35917621649838,-1.6810637953029e-07,8.6999913349292e-07
1.7585,0.90933367724066,-0.36478054071378,-1.6036228776325e-07,8.7493479304705e-07
1.75875,0.90704451348226,-0.37037163748263,-1.5258012424385e-07,8.7987187410867e-07
1.759,0.90472047511858,-0.37594929038444,-1.4475944818879e-07,8.8481094452011e-07
1.75925,0.90236163342571,-0.3815132833284,-1.3689981391929e-07,8.8975256370184e-07
1.7595,0.89996806096843,-0.38706340056037,-1.2900077078179e-07,8.9469728307107e-07
1.75975,0.89753983159847,-0.39259942666991,-1.2106186306445e-07,8.9964564644589e-07
1.76,0.89507702045268,-0.39812114659728,-1.1308262990987e-07,9.04598190436e-07
1.76025,0.89257970395124,-0.40362834564041,-1.0506260522387e-07,9.0955544482038e-07
1.7605,0.89004795979578,-0.40912080946183,-9.7001317580504e-08,9.1451793291293e-07
1.76075,0.88748186696748,-0.41459832409567,-8.8898290123345e-08,9.194861719164e-07
1.761,0.88488150572513,-0.42006067595458,-8.0753040463104e-08,9.2446067326546e-07
1.76125,0.88224695760319,-0.42550765183663,-7.2565080571549e-08,9.2944194295941e-07
1.7615,0.87957830540976,-0.43093903893223,-6.4333916671866e-08,9.3443048188502e-07
1.76175,0.87687563322459,-0.43635462483108,-5.6059049125345e-08,9.394267861301e-07
1.762,0.87413902639696,-0.44175419752895,-4.7739972314541e-08,9.4443134728832e-07
1.76225,0.87136857154361,-0.44713754543462,-3.9376174522784e-08,9.494446527557e-07
1.7625,0.86856435654661,-0.4525044573767,-3.0967137810075e-08,9.5446718601926e-07
1.76275,0.86572647055116,-0.45785472261048,-2.2512337885429e-08,9.5949942693828e-07
1.763,0.86285500396344,-0.46318813082476,-1.4011243975509e-08,9.6454185201855e-07
1.76325,0.85995004844831,-0.46850447214862,-5.4633186895794e-09,9.6959493468012e-07
1.7635,0.85701169692709,-0.47380353715824,3.1319821191751e-09,9.7465914551878e-07
1.76375,0.85404004357523,-0.47908511688366,1.1775209496157e-08,9.7973495256171e-07
1.764,0.85103518381999,-0.48434900281558,2.0466921531666e-08,9.848228215178e-07
1.76425,0.84799721433806,-0.48959498691203,2.9207683511001e-08,9.8992321602268e-07
1.7645,0.84492623305315,-0.49482286160515,3.799806806859e-08,9.9503659787911e-07
1.76475,0.84182233913356,-0.5000324198079,4.6838655345983e-08,1.0001634272928e-06
1.765,0.8386856329897,-0.50522345492072,5.5730033154022e-08,1.0053041631041e-06
1.76525,0.8355162162716,-0.51039576083824,6.467279713912e-08,1.0104592630158e-06
1.7655,0.83231419186637,-0.51554913195593,7.3667550953719e-08,1.0156291838175e-06
1.76575,0.8290796638956,-0.52068336317673,8.2714906431172e-08,1.0208143816064e-06
1.766,0.82581273771279,-0.52579824991771,9.1815483764947e-08,1.0260153120055e-06
1.76625,0.8225135199007,-0.53089358811661,1.0096991169241e-07,1.0312324303784e-06
1.7665,0.81918211826868,-0.53596917423852,1.1017882768327e-07,1.0364661920421e-06
1.76675,0.81581864184993,-0.54102480528238,1.1944287813268e-07,1.0417170524775e-06
1.767,0.81242320089884,-0.54606027878755,1.2876271855934e-07,1.0469854675374e-06
1.76725,0.80899590688812,-0.55107539284039,1.381390138085e-07,1.0522718936536e-06
1.7675,0.80553687250609,-0.55606994608069,1.4757243826012e-07,1.0575767880414e-06
1.76775,0.80204621165377,-0.56104373770824,1.5706367604234e-07,1.0629006089034e-06
1.768,0.79852403944204,-0.5659965674893,1.6661342125039e-07,1.0682438156322e-06
1.76825,0.79497047218876,-0.57092823576299,1.7622237817101e-07,1.0736068690121e-06
1.7685,0.79138562741577,-0.57583854344783,1.8589126151263e-07,1.0789902314196e-06
1.76875,0.78776962384598,-0.58072729204806,1.9562079664154e-07,1.0843943670246e-06
1.769,0.78412258140035,-0.58559428366012,2.0541171982401e-07,1.0898197419903e-06
1.76925,0.78044462119482,-0.59043932097897,2.152647784748e-07,1.0952668246732e-06
1.7695,0.7767358655373,-0.59526220730445,2.2518073141202e-07,1.100736085824e-06
1.76975,0.77299643792453,-0.60006274654767,2.3516034911876e-07,1.1062279987878e-06
1.77,0.76922646303895,-0.60484074323723,2.4520441401142e-07,1.1117430397055e-06
1.77025,0.76542606674556,-0.60959600252561,2.5531372071528e-07,1.1172816877163e-06
1.7705,0.76159537608867,-0.61432833019536,2.6548907634728e-07,1.1228444251599e-06
1.77075,0.75773451928872,-0.61903753266539,2.7573130080632e-07,1.1284317377813e-06
1.771,0.75384362573902,-0.62372341699719,2.8604122707132e-07,1.1340441149361e-06
1.77125,0.74992282600238,-0.62838579090101,2.9641970150743e-07,1.1396820497975e-06
1.7715,0.74597225180786,-0.63302446274206,3.0686758418034e-07,1.1453460395654e-06
1.77175,0.7419920360474,-0.63763924154666,3.1738574917919e-07,1.151036585677e-06
1.772,0.73798231277237,-0.64222993700835,3.2797508494847e-07,1.15675419402e-06
1.77225,0.73394321719021,-0.64679635949403,3.3863649462882e-07,1.1624993751479e-06
1.7725,0.72987488566094,-0.65133832005004,3.493708964074e-07,1.1682726444982e-06
1.77275,0.72577745569367,-0.65585563040815,3.6017922387798e-07,1.1740745226131e-06
1.773,0.72165106594312,-0.66034810299169,3.7106242641111e-07,1.1799055353633e-06
1.77325,0.717495856206,-0.6648155509215,3.8202146953468e-07,1.1857662141756e-06
1.7735,0.71331196741748,-0.6692577880219,3.9305733532534e-07,1.1916570962629e-06
1.77375,0.70909954164754,-0.67367462882668,4.0417102281093e-07,1.1975787248589e-06
1.774,0.70485872209736,-0.678065888585,4.1536354838459e-07,1.2035316494564e-06
1.77425,0.70058965309562,-0.68243138326732,4.2663594623073e-07,1.2095164260499e-06
1.7745,0.69629248009478,-0.68677092957123,4.3798926876341e-07,1.2155336173821e-06
1.77475,0.69196734966734,-0.69108434492734,4.4942458707733e-07,1.2215837931958e-06
1.775,0.68761440950211,-0.69537144750505,4.6094299141234e-07,1.2276675304905e-06
1.77525,0.68323380840034,-0.69963205621839,4.7254559163151e-07,1.2337854137841e-06
1.7755,0.67882569627196,-0.70386599073176,4.8423351771329e-07,1.23993803538e-06
1.77575,0.67439022413163,-0.70807307146562,4.9600792025866e-07,1.2461259956403e-06
1.776,0.66992754409493,-0.71225311960226,5.0786997101326e-07,1.2523499032649e-06
1.77625,0.66543780937439,-0.71640595709142,5.1982086340546e-07,1.2586103755765e-06
1.7765,0.66092117427553,-0.72053140665596,5.3186181310082e-07,1.2649080388133e-06
1.77675,0.65637779419288,-0.72462929179745,5.4399405857344e-07,1.2712435284276e-06
1.777,0.65180782560599,-0.72869943680175,5.5621886169491e-07,1.2776174893922e-06
1.77725,0.64721142607534,-0.73274166674458,5.6853750834174e-07,1.2840305765147e-06
1.7775,0.64258875423831,-0.73675580749699,5.8095130902139e-07,1.2904834547591e-06
1.77775,0.63793996980502,-0.7407416857309,5.9346159951824e-07,1.2969767995763e-06
1.778,0.63326523355425,-0.74469912892451,6.060697415598e-07,1.3035112972433e-06
1.77825,0.62856470732925,-0.74862796536768,6.1877712350408e-07,1.3100876452116e-06
1.7785,0.62383855403354,-0.75252802416742,6.3158516104916e-07,1.3167065524643e-06
1.77875,0.61908693762669,-0.75639913525312,6.4449529796524e-07,1.3233687398846e-06
1.779,0.61431002312011,-0.76024112938193,6.5750900685069e-07,1.3300749406336e-06
1.77925,0.60950797657269,-0.76405383814402,6.7062778991257e-07,1.3368259005391e-06
1.7795,0.60468096508658,-0.76783709396782,6.8385317977276e-07,1.3436223784965e-06
1.77975,0.59982915680278,-0.77159073012522,6.9718674030074e-07,1.3504651468804e-06
1.78,0.59495272089683,-0.77531458073673,7.1063006747397e-07,1.3573549919695e-06
1.78025,0.59005182757438,-0.77900848077663,7.2418479026695e-07,1.3642927143837e-06
1.7805,0.58512664806681,-0.78267226607807,7.3785257157032e-07,1.3712791295356e-06
1.78075,0.58017735462674,-0.78630577333807,7.5163510914088e-07,1.3783150680946e-06
1.781,0.57520412052359,-0.78990884012258,7.6553413658419e-07,1.385401376467e-06
1.78125,0.57020712003905,-0.79348130487148,7.7955142437046e-07,1.3925389172907e-06
1.7815,0.56518652846261,-0.79702300690343,7.9368878088591e-07,1.3997285699461e-06
1.78175,0.56014252208691,-0.80053378642086,8.0794805352032e-07,1.4069712310834e-06
1.782,0.55507527820327,-0.80401348451472,8.2233112979271e-07,1.4142678151676e-06
1.78225,0.54998497509701,-0.80746194316942,8.368399385165e-07,1.4216192550415e-06
1.7825,0.54487179204283,-0.81087900526749,8.5147645100602e-07,1.4290265025077e-06
1.78275,0.53973590930019,-0.81426451459433,8.662426823259e-07,1.4364905289302e-06
1.783,0.53457750810859,-0.81761831584295,8.811406925852e-07,1.4440123258568e-06
1.78325,0.52939677068288,-0.82094025461854,8.9617258827864e-07,1.4515929056635e-06
1.7835,0.52419388020854,-0.82423017744309,9.1134052367587e-07,1.4592333022205e-06
1.78375,0.51896902083691,-0.82748793175995,9.2664670226224e-07,1.4669345715826e-06
1.784,0.51372237768041,-0.83071336593833,9.4209337823212e-07,1.4746977927037e-06
1.78425,0.50845413680777,-0.83390632927773,9.5768285803787e-07,1.4825240681774e-06
1.7845,0.50316448523916,-0.83706667201239,9.734175019965e-07,1.4904145250046e-06
1.78475,0.49785361094138,-0.84019424531561,9.8929972595658e-07,1.4983703153883e-06
1.785,0.49252170282299,-0.8432889013041,1.0053320030285e-06,1.5063926175585e-06
1.78525,0.48716895072937,-0.84635049304221,1.0215168653801e-06,1.5144826366286e-06
1.7855,0.48179554543788,-0.84937887454619,1.037856906102e-06,1.5226416054824e-06
1.78575,0.47640167865289,-0.85237390078829,1.054354781144e-06,1.5308707856955e-06
1.786,0.47098754300081,-0.85533542770093,1.0710132113272e-06,1.5391714684926e-06
1.78625,0.46555333202515,-0.85826331218072,1.0878349844352e-06,1.5475449757406e-06
1.7865,0.46009924018151,-0.86115741209249,1.1048229573872e-06,1.5559926609811e-06
1.78675,0.45462546283254,-0.86401758627325,1.1219800584976e-06,1.5645159105028e-06
1.787,0.44913219624298,-0.86684369453604,1.1393092898262e-06,1.5731161444571e-06
1.78725,0.44361963757453,-0.86963559767386,1.1568137296226e-06,1.5817948180176e-06
1.7875,0.43808798488081,-0.87239315746337,1.1744965348697e-06,1.590553422586e-06
1.78775,0.43253743710228,-0.8751162366687,1.1923609439322e-06,1.5993934870477e-06
1.788,0.42696819406115,-0.87780469904504,1.2104102793124e-06,1.6083165790778e-06
1.78825,0.42138045645623,-0.88045840934236,1.2286479505213e-06,1.6173243065019e-06
1.7885,0.41577442585779,-0.88307723330888,1.2470774570696e-06,1.6264183187122e-06
1.78875,0.41015030470246,-0.88566103769461,1.2657023915842e-06,1.6356003081439e-06
1.789,0.40450829628799,-0.88820969025479,1.2845264430566e-06,1.6448720118134e-06
1.78925,0.39884860476813,-0.89072305975325,1.3035534002306e-06,1.6542352129222e-06
1.7895,0.3931714351474,-0.89320101596574,1.3227871551349e-06,1.6636917425296e-06
1.78975,0.38747699327589,-0.89564342968317,1.3422317067698e-06,1.6732434812973e-06
1.79,0.38176548584405,-0.8980501727148,1.3618911649539e-06,1.6828923613107e-06
1.79025,0.37603712037745,-0.90042111789137,1.3817697543409e-06,1.6926403679801e-06
1.7905,0.37029210523153,-0.90275613906815,1.4018718186141e-06,1.7024895420255e-06
1.79075,0.36453064958636,-0.90505511112794,1.4222018248684e-06,1.7124419815511e-06
1.791,0.35875296344137,-0.90731790998397,1.4427643681899e-06,1.7224998442126e-06
1.79125,0.35295925761004,-0.90954441258277,1.4635641764433e-06,1.7326653494831e-06
1.7915,0.34714974371471,-0.91173449690696,1.4846061152782e-06,1.7429407810231e-06
1.79175,0.34132463418117,-0.91388804197797,1.5058951933667e-06,1.7533284891589e-06
1.792,0.33548414223348,-0.91600492785864,1.5274365678842e-06,1.7638308934777e-06
1.79225,0.32962848188859,-0.91808503565581,1.5492355502474e-06,1.7744504855443e-06
1.7925,0.32375786795103,-0.92012824752288,1.5712976121232e-06,1.7851898317455e-06
1.79275,0.31787251600767,-0.9221344466621,1.5936283917241e-06,1.7960515762711e-06
1.793,0.31197264242231,-0.92410351732705,1.6162337004061e-06,1.8070384442391e-06
1.79325,0.30605846433043,-0.92603534482481,1.6391195295863e-06,1.8181532449711e-06
1.7935,0.30013019963383,-0.9279298155182,1.6622920579981e-06,1.8293988754294e-06
1.79375,0.29418806699533,-0.92978681682787,1.685757659304e-06,1.8407783238241e-06
1.794,0.28823228583343,-0.93160623723437,1.7095229100872e-06,1.8522946733989e-06
1.79425,0.282263076317,-0.93338796628002,1.7335945982429e-06,1.8639511064082e-06
1.7945,0.27628065935994,-0.93513189457088,1.7579797317946e-06,1.8757509082961e-06
1.79475,0.27028525661588,-0.93683791377842,1.7826855481595e-06,1.8876974720883e-06
1.795,0.26427709047287,-0.93850591664132,1.8077195238903e-06,1.8997943030124e-06
1.79525,0.25825638404806,-0.94013579696702,1.8330893849237e-06,1.9120450233567e-06
1.7955,0.25222336118238,-0.94172744963328,1.8588031173649e-06,1.9244533775875e-06
1.79575,0.24617824643526,-0.94328077058957,1.8848689788418e-06,1.9370232377352e-06
1.796,0.24012126507937,-0.94479565685846,1.9112955104649e-06,1.9497586090704e-06
1.79625,0.23405264309529,-0.94627200653685,1.9380915494315e-06,1.9626636360862e-06
1.7965,0.22797260716626,-0.94770971879713,1.9652662423134e-06,1.9757426088077e-06
1.79675,0.22188138467293,-0.94910869388828,1.9928290590741e-06,1.9889999694479e-06
1.797,0.2157792036881,-0.95046883313678,2.0207898078611e-06,2.0024403194345e-06
1.79725,0.20966629297151,-0.95179003894753,2.0491586506247e-06,2.0160684268311e-06
1.7975,0.20354288196461,-0.95307221480462,2.0779461196184e-06,2.0298892341783e-06
1.79775,0.19740920078537,-0.95431526527198,2.1071631348382e-06,2.0439078667849e-06
1.798,0.19126548022309,-0.95551909599398,2.136821022466e-06,2.058129641497e-06
1.79825,0.18511195173324,-0.95668361369591,2.1669315343825e-06,2.0725600759801e-06
1.7985,0.17894884743233,-0.95780872618427,2.197506868827e-06,2.0872048985472e-06
1.79875,0.17277640009278,-0.95889434234716,2.2285596922786e-06,2.1020700585738e-06
1.799,0.16659484313786,-0.9599403721543,2.2601031626496e-06,2.1171617375383e-06
1.79925,0.16040441063657,-0.96094672665715,2.2921509538798e-06,2.1324863607338e-06
1.7995,0.15420533729865,-0.96191331798881,2.3247172820331e-06,2.1480506096995e-06
1.79975,0.14799785846954,-0.96284005936387,2.3578169330066e-06,2.1638614354238e-06
1.8,0.14178221012539,-0.96372686507805,2.3914652919663e-06,2.1799260723747e-06
1.80025,0.13555862886817,-0.96457365050786,2.4256783746407e-06,2.196252053421e-06
1.8005,0.12932735192068,-0.96538033211002,2.4604728606069e-06,2.2128472257082e-06
1.80075,0.12308861712174,-0.96614682742082,2.4958661287228e-06,2.2297197675645e-06
1.801,0.1168426629213,-0.96687305505533,2.5318762948657e-06,2.246878206513e-06
1.80125,0.11058972837567,-0.96755893470654,2.5685222521572e-06,2.2643314384777e-06
1.8015,0.10433005314275,-0.96820438714431,2.6058237138668e-06,2.2820887482757e-06
1.80175,0.098063877477322,-0.96880933421419,2.643801259205e-06,2.3001598314978e-06
1.802,0.09179144222639,-0.96937369883618,2.6824763822372e-06,2.318554817888e-06
1.80225,0.08551298882455,-0.96989740500331,2.7218715441674e-06,2.3372842963459e-06
1.8025,0.079228759289414,-0.97038037778005,2.7620102292699e-06,2.3563593416804e-06
1.80275,0.07293899621711,-0.97082254330067,2.8029170047654e-06,2.3757915432645e-06
1.803,0.066643942777826,-0.97122382876738,2.8446175849743e-06,2.3955930357484e-06
1.80325,0.060343842711374,-0.97158416244838,2.8871389001072e-06,2.4157765320062e-06
1.8035,0.054038940322897,-0.97190347367573,2.9305091700877e-06,2.4363553585077e-06
1.80375,0.047729480478536,-0.97218169284311,2.974757983845e-06,2.4573434933285e-06
1.804,0.041415708601251,-0.97241875140344,3.0199163845547e-06,2.478755607028e-06
1.80425,0.035097870666672,-0.97261458186623,3.0660169613553e-06,2.5006071066542e-06
1.8045,0.028776213198985,-0.972769117795,3.1130939481238e-06,2.5229141831562e-06
1.80475,0.022450983266991,-0.97288229380429,3.161183329952e-06,2.5456938625178e-06
1.805,0.016122428480112,-0.97295404555671,3.2103229580335e-06,2.5689640609573e-06
1.80525,0.0097907969845959,-0.97298430975973,3.2605526737509e-06,2.5927436445757e-06
1.8055,0.0034563374597303,-0.97297302416233,3.3119144428308e-06,2.6170524938787e-06
1.80575,-0.0028807008858509,-0.97292012755148,3.3644525005375e-06,2.6419115736431e-06
1.806,-0.009220068317724,-0.97282555974844,3.4182135089786e-06,2.6673430086518e-06
1.80625,-0.015561514579195,-0.97268926160492,3.4732467277198e-06,2.6933701658812e-06
1.8065,-0.02190478889471,-0.97251117499902,3.5296041990431e-06,2.7200177437919e-06
1.80675,-0.028249639973123,-0.97229124283103,3.5873409493358e-06,2.7473118694505e-06
1.807,-0.034595816010944,-0.972029409019,3.6465152082762e-06,2.7752802042951e-06
1.80725,-0.040943064695385,-0.9717256184942,3.7071886476782e-06,2.8039520594567e-06
1.8075,-0.047291133207361,-0.97137981719628,3.7694266420853e-06,2.8333585216602e-06
1.80775,-0.053639768224372,-0.97099195206838,3.8332985534618e-06,2.8635325908542e-06
1.808,-0.059988715923219,-0.97056197105188,3.8988780426232e-06,2.8945093308661e-06
1.80825,-0.066337721982649,-0.97008982308111,3.9662434103848e-06,2.9263260345441e-06
1.8085,-0.072686531585859,-0.96957545807772,4.0354779717909e-06,2.9590224050388e-06
1.80875,-0.079034889422828,-0.96901882694495,4.1066704672317e-06,2.9926407550945e-06
1.809,-0.085382539692589,-0.96841988156162,4.1799155147648e-06,3.0272262264759e-06
1.80925,-0.091729226105277,-0.96777857477593,4.2553141085387e-06,3.0628270319422e-06
1.8095,-0.098074691884081,-0.96709486039905,4.3329741689024e-06,3.0994947225223e-06
1.80975,-0.10441867976705,-0.96636869319845,4.413011150566e-06,3.1372844832314e-06
1.81,-0.1107609320087,-0.96560002889105,4.4955487160861e-06,3.1762554608253e-06
1.81025,-0.11710119038149,-0.96478882413612,4.5807194830206e-06,3.2164711277164e-06
1.8105,-0.12343919617713,-0.96393503652791,4.6686658543279e-06,3.2579996867964e-06
1.81075,-0.12977469020768,-0.96303862458809,4.7595409430406e-06,3.3009145226312e-06
1.811,-0.13610741280657,-0.9620995477579,4.8535096039455e-06,3.3452947053487e-06
1.81125,-0.14243710382925,-0.96111776639012,4.9507495870043e-06,3.3912255545415e-06
1.8115,-0.14876350265387,-0.96009324174067,5.0514528296158e-06,3.4387992716952e-06
1.81175,-0.15508634818159,-0.95902593596006,5.1558269076228e-06,3.4881156510569e-06
1.812,-0.16140537883673,-0.95791581208451,5.2640966682932e-06,3.5392828805383e-06
1.81225,-0.16772033256678,-0.95676283402681,5.3765060724749e-06,3.5924184462423e-06
1.8125,-0.17403094684209,-0.95556696656693,5.4933202778741e-06,3.6476501566021e-06
1.81275,-0.18033695865541,-0.95432817534233,5.614828001101e-06,3.7051173050032e-06
1.813,-0.18663810452112,-0.95304642683793,5.7413442030055e-06,3.7649719932378e-06
1.81325,-0.19293412047429,-0.95172168837591,5.8732131501362e-06,3.8273806423634e-06
1.8135,-0.19922474206944,-0.95035392810507,6.0108119152609e-06,3.8925257226719e-06
1.81375,-0.2055097043791,-0.94894311498998,6.1545543922203e-06,3.9606077407618e-06
1.814,-0.21178874199201,-0.94748921879978,6.3048959155001e-06,4.03184752942e-06
1.81425,-0.21806158901111,-0.94599221009667,6.4623385935313e-06,4.1064888955523e-06
1.8145,-0.22432797905125,-0.94445206022404,6.6274374877779e-06,4.1848016932221e-06
1.81475,-0.23058764523656,-0.94286874129434,6.8008077983531e-06,4.2670854036025e-06
1.815,-0.23684032019755,-0.94124222617654,6.9831332527932e-06,4.3536733221498e-06
1.81525,-0.24308573606787,-0.93957248848326,7.1751759397782e-06,4.4449374766402e-06
1.8155,-0.24932362448075,-0.93785950255756,7.3777878867559e-06,4.5412944293484e-06
1.81575,-0.25555371656515,-0.93610324345937,7.5919247532746e-06,4.6432121545106e-06
1.816,-0.26177574294143,-0.93430368695153,7.818662105254e-06,4.751218230939e-06
1.81625,-0.26798943371684,-0.93246080948544,8.0592148561434e-06,4.8659096528109e-06
1.8165,-0.27419451848047,-0.93057458818637,8.3149606180209e-06,4.9879646441475e-06
1.81675,-0.28039072629793,-0.92864500083832,8.5874679118466e-06,5.1181569711415e-06
1.817,-0.28657778570558,-0.92667202586853,8.8785304588953e-06,5.2573733908366e-06
1.81725,-0.29275542470432,-0.9246556423315,9.1902091396766e-06,5.4066350682112e-06
1.8175,-0.29892337075305,-0.92259582989269,9.5248836978555e-06,5.5671240558746e-06
1.81775,-0.30508135076158,-0.92049256881164,9.8853169358502e-06,5.7402162894354e-06
1.818,-0.31122909108313,-0.91834583992486,1.0274735070593e-05,5.9275230484726e-06
1.81825,-0.31736631750639,-0.91615562462801,1.0696929203007e-05,6.130943529542e-06
1.8185,-0.32349275524704,-0.91392190485783,1.1156384669377e-05,6.35273216701e-06
1.81875,-0.32960812893879,-0.91164466307352,1.1658447641038e-05,6.595585763218e-06
1.819,-0.33571216262391,-0.90932388223756,1.2209542115684e-05,6.8627575763276e-06
1.81925,-0.34180457974316,-0.90695954579615,1.2817456024433e-05,7.1582086211342e-06
1.8195,-0.34788510312525,-0.90455163765909,1.3491723574657e-05,7.486811150851e-06
1.81975,-0.35395345497567,-0.90210014217913,1.4244143830431e-05,7.8546265840959e-06
1.82,-0.36000935686491,-0.89960504413079,1.5089495731184e-05,8.2692916959338e-06
1.82025,-0.36605252971611,-0.89706632868867,1.6046542192482e-05,8.7405656560068e-06
1.8205,-0.37208269379198,-0.89448398140513,1.7139469461773e-05,9.281121837319e-06
1.82075,-0.37809956868119,-0.89185798818748,1.839999892367e-05,9.9077223473516e-06
1.821,-0.38410287328396,-0.88918833527452,1.9870568694051e-05,1.0643009775115e-05
1.82125,-0.39009232579698,-0.88647500921251,2.1609275284563e-05,1.1518330391423e-05
1.8215,-0.39606764369758,-0.88371799683052,2.3697826065076e-05,1.2578353982053e-05
1.82175,-0.40202854372721,-0.88091728521514,2.6254883075078e-05,1.3888979944099e-05
1.822,-0.40797474187398,-0.87807286168454,2.9459601853529e-05,1.5551617220122e-05
1.82225,-0.41390595335454,-0.87518471376192,3.3595767920275e-05,1.7730745095224e-05
1.8225,-0.41982189259506,-0.87225282914818,3.9141113210025e-05,2.0711748525833e-05
1.82275,-0.42572227321126,-0.869277195694,4.6966724453846e-05,2.5036288517277e-05
1.823,-0.43160680798763,-0.86625780137116,5.8845067218806e-05,3.1870222099725e-05
1.82325,-0.43747520885569,-0.86319463424307,7.9012229471576e-05,4.4248957865273e-05
1.8235,-0.4433271868712,-0.86008768243471,0.00012061233678477,7.3141537733568e-05
1.82375,-0.44916245219048,-0.85693693410159,0.00024985057065745,0.00020227340688884
1.824,-0.45498071404555,-0.85374237739813,-0.0007431724277262,0.00013680874693244
1.82425,-0.46078168071831,-0.85050400044508,-0.00018089883240592,-5.2403799582784e-05
1.8245,-0.46656505951351,-0.84722179129617,-9.8837769810671e-05,-3.5141736893764e-05
1.82475,-0.47233055673055,-0.84389573790393,-6.7507973723451e-05,-2.558526303281e-05
1.825,-0.47807787763413,-0.84052582808457,-5.1034642439458e-05,-1.9864756280748e-05
1.82525,-0.4838067264236,-0.83711204948205,-4.0881842880412e-05,-1.60927913578e-05
1.8255,-0.48951680620099,-0.83365438953116,-3.3996689509562e-05,-1.3425866987813e-05
1.82575,-0.49520781893772,-0.8301528354197,-2.9018511353445e-05,-1.1442051865142e-05
1.826,-0.50087946543993,-0.82660737404968,-2.5249606469752e-05,-9.9088674934282e-06
1.82625,-0.50653144531226,-0.8230179919975,-2.2295460244947e-05,-8.6881888866907e-06
1.8265,-0.51216345692022,-0.81938467547315,-1.9916247254107e-05,-7.6929452346009e-06
1.82675,-0.51777519735091,-0.81570741027839,-1.7957802480371e-05,-6.8655855437142e-06
1.827,-0.5233663623722,-0.81198618176374,-1.6316519609445e-05,-6.1665703131937e-06
1.82725,-0.5289366463901,-0.8082209747845,-1.4920199090269e-05,-5.5678476521109e-06
1.8275,-0.53448574240445,-0.80441177365558,-1.3716987390187e-05,-5.0489691831086e-06
1.82775,-0.5400133419628,-0.80055856210513,-1.2668682344098e-05,-4.5946800663213e-06
1.828,-0.54551913511231,-0.79666132322708,-1.1746518279592e-05,-4.193370033812e-06
1.82825,-0.55100281034975,-0.79272003943233,-1.0928421729855e-05,-3.8360470816055e-06
1.8285,-0.55646405456941,-0.78873469239879,-1.0197172085381e-05,-3.5156392015157e-06
1.82875,-0.56190255300888,-0.78470526302008,-9.5391372134248e-06,-3.2265081044629e-06
1.829,-0.56731798919264,-0.78063173135288,-8.9433847606647e-06,-2.9641035145968e-06
1.82925,-0.57271004487333,-0.77651407656295,-8.401045063568e-06,-2.7247128327054e-06
1.8295,-0.57807839997058,-0.77235227686979,-7.9048463093761e-06,-2.5052768397701e-06
1.82975,-0.58342273250746,-0.76814630948976,-7.448769960183e-06,-2.3032519807192e-06
1.83,-0.58874271854415,-0.76389615057782,-7.0277916422499e-06,-2.1165060541406e-06
1.83025,-0.5940380321091,-0.75960177516772,-6.6376837522786e-06,-1.9432382249425e-06
1.8305,-0.59930834512729,-0.75526315711059,-6.2748632856494e-06,-1.7819169928169e-06
1.83075,-0.60455332734552,-0.75088026901202,-5.9362732444368e-06,-1.6312315849093e-06
1.831,-0.60977264625473,-0.74645308216744,-5.6192892867091e-06,-1.4900535022312e-06
1.83125,-0.61496596700911,-0.7419815664958,-5.3216455638338e-06,-1.3574058290531e-06
1.8315,-0.62013295234191,-0.73746569047156,-5.0413752965022e-06,-1.2324385367301e-06
1.83175,-0.6252732624778,-0.73290542105486,-4.7767627813955e-06,-1.1144084592445e-06
1.832,-0.63038655504163,-0.72830072361993,-4.5263043425496e-06,-1.0026629410366e-06
1.83225,-0.63547248496347,-0.72365156188153,-4.2886763406838e-06,-8.9662639473606e-07
1.8325,-0.64053070437974,-0.71895789781954,-4.062708795245e-06,-7.9578918204397e-07
1.83275,-0.64556086253026,-0.71421969160152,-3.8473635024766e-06,-6.9969836240575e-07
1.833,-0.65056260565107,-0.70943690150329,-3.6417157796846e-06,-6.0794995331763e-07
1.83325,-0.65553557686284,-0.70460948382737,-3.4449391529874e-06,-5.2018242164588e-07
1.8335,-0.66047941605459,-0.69973739281932,-3.2562924488465e-06,-4.3607118331659e-07
1.83375,-0.66539375976271,-0.69482058058185,-3.0751088598511e-06,-3.5532393358089e-07
1.834,-0.67027824104484,-0.68985899698671,-2.9007866407304e-06,-2.7767666499367e-07
1.83425,-0.67513248934856,-0.68485258958423,-2.7327811573725e-06,-2.0289025763923e-07
1.8345,-0.67995613037458,-0.67980130351052,-2.5705980641988e-06,-1.3074754776405e-07
1.83475,-0.68474878593418,-0.6747050813922,-2.4137874268464e-06,-6.1050798149924e-08
1.835,-0.68951007380073,-0.66956386324862,-2.2619386402384e-06,6.3804927255225e-09
1.83525,-0.69423960755486,-0.66437758639159,-2.1146760186608e-06,7.171149467469e-08
1.8355,-0.69893699642317,-0.65914618532244,-1.9716549558184e-06,1.3509370597643e-07
1.83575,-0.70360184511013,-0.6538695916263,-1.8325585701324e-06,1.9666640556964e-07
1.836,-0.70823375362271,-0.64854773386379,-1.6970947645983e-06,2.5655792720904e-07
1.83625,-0.71283231708767,-0.64318053745974,-1.564993642002e-06,3.1488678071298e-07
1.8365,-0.71739712556098,-0.63776792458911,-1.4360052257203e-06,3.7176264146881e-07
1.83675,-0.72192776382904,-0.63230981405987,-1.3098974440925e-06,4.2728722609229e-07
1.837,-0.72642381120139,-0.62680612119287,-1.1864543427749e-06,4.8155506942303e-07
1.83725,-0.7308848412944,-0.62125675769867,-1.0654744948292e-06,5.3465421577988e-07
1.8375,-0.73531042180561,-0.6156616315511,-9.4676958273838e-07,5.8666683551562e-07
1.83775,-0.73970011427823,-0.61002064685762,-8.3016313026931e-07,6.3766977632768e-07
1.838,-0.74405347385536,-0.6043337037264,-7.1548936522356e-07,6.8773505745193e-07
1.83825,-0.74837004902339,-0.59860069812997,-6.0259219674606e-07,7.369303137459e-07
1.8385,-0.75264938134409,-0.59282152176543,-4.9132429308429e-07,7.853191957168e-07
1.83875,-0.75689100517487,-0.58699606191119,-3.8154624757285e-07,8.3296173074371e-07
1.839,-0.76109444737656,-0.58112420128004,-2.7312582221172e-07,8.7991465005869e-07
1.83925,-0.7652592270082,-0.57520581786867,-1.6593725957263e-07,9.2623168546387e-07
1.8395,-0.76938485500808,-0.56924078480343,-5.9860654922732e-08,9.7196383926248e-07
1.83975,-0.77347083386047,-0.56322897018232,4.5218618549315e-08,1.017159630451e-06
1.84,-0.7775166572472,-0.55717023691321,1.4941043767016e-07,1.0618653198504e-06
1.84025,-0.78152180968352,-0.5510644425481,2.5282041592067e-07,1.1061251165368e-06
1.8405,-0.78548576613719,-0.54491143911358,3.555503536853e-07,1.1499813676568e-06
1.84075,-0.78940799163018,-0.5387110729372,4.5769865648729e-07,1.1934747334758e-06
1.841,-0.79328794082204,-0.53246318446997,5.5936072511919e-07,1.2366443493016e-06
1.84125,-0.79712505757384,-0.52616760810475,6.6062932118181e-07,1.2795279757484e-06
1.8415,-0.80091877449194,-0.51982417199066,7.6159491120558e-07,1.3221621386497e-06
1.84175,-0.8046685124504,-0.51343269784334,8.6234599223498e-07,1.3645822597983e-06
1.842,-0.80837368009082,-0.50699300075134,9.6296940150788e-07,1.4068227795687e-06
1.84225,-0.81203367329873,-0.50050488897827,1.0635506126534e-06,1.4489172723837e-06
1.8425,-0.81564787465495,-0.49396816376107,1.164174020653e-06,1.4908985558915e-06
1.84275,-0.81921565286086,-0.48738261910431,1.2649232176617e-06,1.5327987946495e-06
1.843,-0.82273636213605,-0.48074804157052,1.3658812616716e-06,1.5746495990402e-06
1.84325,-0.82620934158691,-0.47406421006672,1.4671309398985e-06,1.6164821200929e-06
1.8435,-0.82963391454465,-0.46733089562731,1.568755028708e-06,1.6583271408297e-06
1.84375,-0.83300938787099,-0.46054786119318,1.6708365518422e-06,1.7002151647208e-06
1.844,-0.83633505122987,-0.45371486138761,1.773459038682e-06,1.7421765017902e-06
1.84425,-0.83961017632322,-0.44683164228873,1.8767067842719e-06,1.7842413528919e-06
1.8445,-0.84283401608896,-0.43989794119902,1.9806651128412e-06,1.826439892647e-06
1.84475,-0.84600580385892,-0.4329134864121,2.0854206465919e-06,1.8688023515154e-06
1.845,-0.84912475247477,-0.42587799697691,2.1910615815703e-06,1.9113590974618e-06
1.84525,-0.85219005335918,-0.41879118245992,2.2976779725131e-06,1.954140717663e-06
1.8455,-0.8552008755402,-0.41165274270557,2.4053620286558e-06,1.9971781007005e-06
1.84575,-0.8581563646258,-0.4044623675954,2.5142084226063e-06,2.0405025196751e-06
1.846,-0.86105564172593,-0.39721973680664,2.6243146145327e-06,2.084145716686e-06
1.84625,-0.86389780231913,-0.38992451957052,2.7357811940883e-06,2.1281399891163e-06
1.8465,-0.86668191506037,-0.38257637443128,2.8487122426998e-06,2.1725182781781e-06
1.84675,-0.86940702052688,-0.37517494900656,2.963215719084e-06,2.2173142601771e-06
1.847,-0.87207212989828,-0.36771987974992,3.0794038711402e-06,2.2625624409743e-06
1.84725,-0.8746762235672,-0.36021079171679,3.1973936776836e-06,2.308298254135e-06
1.8475,-0.87721824967633,-0.35264729833463,3.3173073238688e-06,2.3545581632765e-06
1.84775,-0.87969712257756,-0.3450290011789,3.439272714576e-06,2.4013797691472e-06
1.848,-0.88211172120857,-0.33735548975592,3.5634240305415e-06,2.4488019219948e-06
1.84825,-0.88446088738205,-0.32962634129449,3.6899023325872e-06,2.4968648398052e-06
1.8485,-0.88674342398218,-0.32184112054794,3.8188562199735e-06,2.5456102330244e-06
1.84875,-0.88895809306294,-0.31399937960855,3.9504425496735e-06,2.5950814364018e-06
1.849,-0.89110361384227,-0.30610065773669,4.0848272242599e-06,2.6453235486254e-06
1.84925,-0.89317866058572,-0.29814448120711,4.2221860571331e-06,2.6963835804424e-06
1.8495,-0.89518186037294,-0.29013036317516,4.3627057250255e-06,2.7483106119913e-06
1.84975,-0.89711179073979,-0.28205780356601,4.5065848191184e-06,2.8011559600861e-06
1.85,-0.89896697718845,-0.27392628899058,4.6540350077405e-06,2.8549733562093e-06
1.85025,-0.9007458905574,-0.26573529269158,4.8052823255353e-06,2.9098191359752e-06
1.8505,-0.90244694424254,-0.25748427452453,4.9605686062151e-06,2.9657524408071e-06
1.85075,-0.90406849126025,-0.24917268097811,5.1201530786563e-06,3.0228354325412e-06
1.851,-0.90560882114249,-0.24079994523941,5.2843141491873e-06,3.081133521597e-06
1.85125,-0.90706615665349,-0.23236548731009,5.4533513965743e-06,3.1407156092498e-06
1.8515,-0.90843865031672,-0.22386871417984,5.6275878105537e-06,3.2016543443674e-06
1.85175,-0.90972438074024,-0.2153090200649,5.8073723098996e-06,3.2640263947273e-06
1.852,-0.91092134872775,-0.20668578671947,5.9930825821614e-06,3.3279127326787e-06
1.85225,-0.91202747316163,-0.19799838382952,6.1851282945455e-06,3.3933989344118e-06
1.8525,-0.91304058664367,-0.18924616949896,6.3839547342253e-06,3.4605754914141e-06
1.85275,-0.91395843087793,-0.18042849083964,6.5900469469826e-06,3.5295381317444e-06
1.853,-0.91477865177939,-0.17154468467783,6.8039344559135e-06,3.6003881474691e-06
1.85325,-0.91549879429091,-0.16259407839117,7.0261966575103e-06,3.6732327228492e-06
1.8535,-0.91611629688985,-0.15357599089182,7.2574690114208e-06,3.7481852555008e-06
1.85375,-0.91662848576468,-0.14448973377326,7.4984501634258e-06,3.825365659532e-06
1.854,-0.91703256864032,-0.13533461264018,7.7499101697496e-06,3.9049006353239e-06
1.85425,-0.91732562823012,-0.12610992864297,8.0127000261195e-06,3.9869238847359e-06
1.8545,-0.91750461529056,-0.11681498024116,8.2877627487936e-06,4.0715762425457e-06
1.85475,-0.91756634125348,-0.10744906522243,8.5761463094388e-06,4.1590056840981e-06
1.855,-0.9175074704094,-0.098011483007163,8.8790187942772e-06,4.2493671543643e-06
1.85525,-0.91732451161333,-0.088501537272074,9.1976862443542e-06,4.3428221434049e-06
1.8555,-0.91701380948362,-0.078918538929776,9.5336137434233e-06,4.4395379054708e-06
1.85575,-0.916571535062,-0.069261809506006,9.8884504598248e-06,4.5396861806335e-06
1.856,-0.91599367590202,-0.059530684960525,1.0264059528402e-05,4.6434412246302e-06
1.85625,-0.91527602555076,-0.049724520003281,1.0662553890725e-05,4.7509768782678e-06
1.8565,-0.91441417238744,-0.039842692963414,1.108633951418e-05,4.8624623032075e-06
1.85675,-0.9134034877808,-0.029884611275072,1.1538167806903e-05,4.9780558628802e-06
1.857,-0.9122391135255,-0.019849717651679,1.2021199569199e-05,5.097896415825e-06
1.85725,-0.91091594851628,-0.0097374970285939,1.2539083519602e-05,5.2220909841163e-06
1.8575,-0.90942863461755,0.00045251563683853,1.309605337045e-05,5.3506973165168e-06
1.85775,-0.90777154168477,0.01072072660827,1.3697048696726e-05,5.4836992149869e-06
1.858,-0.90593875169323,0.021067473545157,1.4347866576615e-05,5.6209715258564e-06
1.85825,-0.90392404192957,0.031493014485579,1.5055353375797e-05,5.7622302421442e-06
1.8585,-0.90172086720147,0.041997515498282,1.582764938235e-05,5.9069609466892e-06
1.85875,-0.89932234102155,0.05258103684953,1.6674503691323e-05,6.0543153996258e-06
1.859,-0.89672121572336,0.063243517511977,1.7607683404961e-05,6.2029606966514e-06
1.85925,-0.89390986146991,0.073984757822712,1.8641510778456e-05,6.3508568438882e-06
1.8595,-0.89088024411881,0.084804400075496,1.9793575782057e-05,6.4949246528998e-06
1.85975,-0.88762390191402,0.095701906806768,2.1085691727242e-05,6.6305427574415e-06
1.86,-0.88413192098121,0.10667653650771,2.2545191144999e-05,6.7507734530051e-06
1.86025,-0.88039490961375,0.1177273164635,2.4206702296296e-05,6.8451493443717e-06
1.8605,-0.87640297134882,0.12885301238648,2.6114609074465e-05,6.8977325730905e-06
1.86075,-0.87214567684945,0.14005209447257,2.8326483990289e-05,6.8839392536058e-06
1.861,-0.86761203462841,0.15132269946754,3.0917894171977e-05,6.7652109185304e-06
1.86125,-0.86279046067566,0.16266258828393,3.3989082995293e-05,6.4798221190538e-06
1.8615,-0.85766874708232,0.1740690986583,3.7673987641457e-05,5.9265407502236e-06
1.86175,-0.85223402979348,0.1855390922828,4.2151368165329e-05,4.9346646373965e-06
1.862,-0.8464727556697,0.19706889578355,4.7654799216175e-05,3.2074139082215e-06
1.86225,-0.84037064909551,0.20865423485299,5.4467205277097e-05,2.1263758137755e-07
1.8625,-0.83391267844435,0.2202901607708,6.2847564967836e-05,-5.0272867570737e-06
1.86275,-0.82708302279502,0.23197096847224,7.2713557644473e-05,-1.4305377018489e-05
1.863,-0.8198650393986,0.24369010524058,8.2561976102166e-05,-3.0635584047392e-05
1.86325,-0.81224123251945,0.25544006901519,8.6727269797906e-05,-5.7306149680388e-05
1.8635,-0.80419322442297,0.26721229521832,7.331361741811e-05,-9.0883685302108e-05
1.86375,-0.79570172946168,0.27899703091345,3.7496777091347e-05,-0.00011181645582711
1.864,-0.78674653242311,0.29078319502008,-2.2804820583524e-07,-0.00010608546610729
1.86425,-0.77730647255509,0.30255822322522,-2.2202607953299e-05,-8.6652780902374e-05
1.8645,-0.76735943498208,0.31430789615682,-3.0759287080455e-05,-6.7639382843834e-05
1.86475,-0.75688235157642,0.32601614932519,-3.2572356667844e-05,-5.3015753264973e-05
1.865,-0.74585121375962,0.3376648633014,-3.1610598935424e-05,-4.2390967054514e-05
1.86525,-0.73424110018853,0.34923363260001,-2.9661732019609e-05,-3.4664784967484e-05
1.8655,-0.72202622283737,0.36069951177862,-2.7467285078179e-05,-2.8938152385418e-05
1.86575,-0.70917999562842,0.37203673737734,-2.532104800798e-05,-2.4592420414604e-05
1.866,-0.69567513049893,0.38321642451907,-2.3329416112042e-05,-2.121722351357e-05
1.86625,-0.68148376662469,0.39420623730406,-2.1520818394365e-05,-1.8539496296443e-05
1.8665,-0.66657763945765,0.40497003259286,-1.9892019656431e-05,-1.6374460375941e-05
1.86675,-0.65092829727257,0.41546747742345,-1.8427953322411e-05,-1.4594414380784e-05
1.867,-0.63450737405037,0.42565364119926,-1.7110226785832e-05,-1.3109165555214e-05
1.86725,-0.61728692873753,0.43547856497531,-1.5920676800128e-05,-1.1853670341074e-05
1.8675,-0.59923986217904,0.44488681172911,-1.4842733873793e-05,-1.0780101677993e-05
1.86775,-0.58034042428293,0.45381700350822,-1.386181940346e-05,-9.8526587697788e-06
1.868,-0.56056482516124,0.46220135388676,-1.2965328482607e-05,-9.0441030002074e-06
1.86825,-0.53989196500445,0.46996520732772,-1.2142450295065e-05,-8.3334005405436e-06
1.8685,-0.51830429813873,0.47702660093197,-1.1383939998296e-05,-7.7040881424397e-06
1.86875,-0.49578884689411,0.48329586873813,-1.0681891853544e-05,-7.1431204316595e-06
1.869,-0.47233838032567,0.48867531428388,-1.0029533437381e-05,-6.6400435825135e-06
1.86925,-0.44795277115714,0.49305898356526,-9.4210469752119e-06,-6.1863940036256e-06
1.8695,-0.42264054116207,0.49633257779052,-8.8514177159706e-06,-5.7752546335056e-06
1.86975,-0.39642060009535,0.49837355326467,-8.3163067941098e-06,-5.4009232860968e-06
1.87,-0.36932417570269,0.49905146406361,-7.8119452602633e-06,-5.0586617680883e-06
1.87025,-0.34139692169673,0.4982286113649,-7.335045965029e-06,-4.7445039786524e-06
1.8705,-0.31270117633739,0.49576107064273,-6.8827302971103e-06,-4.4551076031111e-06
1.87075,-0.2833183259133,0.49150017334364,-6.4524671919467e-06,-4.1876383920426e-06
1.871,-0.25335120472694,0.4852945217183,-6.0420222422043e-06,-3.9396790553001e-06
1.87125,-0.22292643623248,0.47699261240912,-5.6494151166755e-06,-3.7091569344559e-06
1.8715,-0.19219658942148,0.46644613407367,-5.2728838165155e-06,-3.4942861343235e-06
1.87175,-0.16134199185813,0.45351398445503,-4.9108545672492e-06,-3.2935208850222e-06
1.872,-0.13057200841221,0.43806702063276,-4.561916366687e-06,-3.1055176986808e-06
1.87225,-0.10012556642545,0.41999351088147,-4.2247993896724e-06,-2.9291044666752e-06
1.8725,-0.070270688740922,0.3992051967899,-3.8983565972379e-06,-2.763255074376e-06
1.87275,-0.041302791804034,0.37564380086725,-3.5815480164428e-06,-2.6070684326681e-06
1.873,-0.013541523611996,0.34928773098912,-3.2734272532029e-06,-2.4597510685139e-06
1.87325,0.012674037925188,0.32015864492144,-2.9731298781659e-06,-2.3206026015255e-06
1.8735,0.03699192680853,0.28832745533895,-2.6798633887018e-06,-2.1890035749733e-06
1.87375,0.059055558067879,0.25391929080878,-2.3928985012975e-06,-2.0644052187931e-06
1.874,0.078513566531235,0.21711689566476,-2.1115615703465e-06,-1.9463208069364e-06
1.87425,0.095030891297755,0.17816196596764,-1.8352279633785e-06,-1.8343183377057e-06
1.8745,0.10830061060214,0.1373539912108,-1.5633162506831e-06,-1.728014317904e-06
1.87475,0.11805587763316,0.095046307080311,-1.2952830901909e-06,-1.627068472943e-06
1.875,0.12408119633572,0.051639259026522,-1.0306187073698e-06,-1.5311792379793e-06
1.87525,0.12622223135262,0.0075706141749966,-7.6884288551242e-07,-1.4400799115231e-06
1.8755,0.12439338556673,-0.036696385827079,-5.0950139473281e-07,-1.3535353742237e-06
1.87575,0.11858250823519,-0.080686699427179,-2.5216279878065e-07,-1.271339292773e-06
1.876,0.10885230792309,-0.12392806778151,3.5844122350933e-09,-1.1933117429187e-06
1.87625,0.095338314107082,-0.16596557903683,2.5813440757706e-07,-1.1192971971079e-06
1.8765,0.078243524885874,-0.20637528025938,5.118663580945e-07,-1.049162831802e-06
1.87675,0.057830156152461,-0.24477599674105,7.6514656761296e-07,-9.8279711741062e-07
1.877,0.034409132975706,-0.28083869928967,1.0183304216546e-06,-9.2010866042407e-07
1.87725,0.0083281096490831,-0.31429300032029,1.2717641777901e-06,-8.6102527291501e-07
1.8775,-0.020041141951158,-0.34493062381332,1.5257866186331e-06,-8.0549324935163e-07
1.87775,-0.050315172798818,-0.37260594685152,1.7807305856331e-06,-7.5347683477526e-07
1.878,-0.082110433960381,-0.39723392196917,2.0369244093705e-06,-7.049578719781e-07
1.87825,-0.11505345952207,-0.41878584079324,2.2946932498861e-06,-6.5993561848889e-07
1.8785,-0.1487893077442,-0.43728348313109,2.5543603586583e-06,-6.184267270229e-07
1.87875,-0.18298809449174,-0.45279221517044,2.8162482721208e-06,-5.8046538565481e-07
1.879,-0.21734961301977,-0.46541356701337,3.08067994501e-06,-5.4610361640154e-07
1.87925,-0.25160616072245,-0.47527774877337,3.3479798303569e-06,-5.1541173320357e-07
1.8795,-0.28552378163022,-0.4825364721261,3.6184749114883e-06,-4.8847896252929e-07
1.87975,-0.31890218430662,-0.4873563449758,3.89249568998e-06,-4.6541423203397e-07
1.88,-0.35157361341633,-0.48991301199128,4.1703771320559e-06,-4.4634713492908e-07
1.88025,-0.38340094678619,-0.49038613063672,4.4524595743886e-06,-4.3142907999623e-07
1.8805,-0.41427526596035,-0.48895520491609,4.7390895886017e-06,-4.20834639549e-07
1.88075,-0.44411311415269,-0.48579624845798,5.0306208019481e-06,-4.1476311013953e-07
1.881,-0.47285361696789,-0.48107921386369,5.3274146695568e-06,-4.1344030346041e-07
1.88125,-0.50045560266306,-0.47496610428604,5.6298411912505e-06,-4.1712058773542e-07
1.8815,-0.5268948229732,-0.46760967330656,5.9382795631655e-06,-4.2608920295799e-07
1.88175,-0.55216134430923,-0.45915261757642,6.2531187511071e-06,-4.4066487664992e-07
1.882,-0.57625715318654,-0.44972717085607,6.5747579686975e-06,-4.612027704014e-07
1.88225,-0.59919399909762,-0.43945501590608,6.9036070387133e-06,-4.880977913344e-07
1.8825,-0.62099148232264,-0.42844744047028,7.2400866104394e-06,-5.2178830681717e-07
1.88275,-0.6416753827535,-0.41680567411059,7.584628199175e-06,-5.6276030524653e-07
1.883,-0.66127621797132,-0.40462135304291,7.9376740059462e-06,-6.1155205048902e-07
1.88325,-0.67982801385275,-0.39197706983054,8.299676465764e-06,-6.6875928258808e-07
1.8835,-0.6973672682245,-0.37894697350827,8.6710974610189e-06,-7.3504102252447e-07
1.88375,-0.7139320869712,-0.36559739329414,9.0524071224327e-06,-8.1112604403206e-07
1.884,-0.72956147205478,-0.35198746547854,9.4440821229055e-06,-8.9782008052949e-07
1.88425,-0.74429474174467,-0.33816974841716,9.8466033489776e-06,-9.96013839837e-07
1.8845,-0.75817106469648,-0.32419081489535,1.0260452809806e-05,-1.1066919030953e-06
1.88475,-0.77122909113191,-0.31009181459591,1.0686109613729e-05,-1.23094258661e-06
1.885,-0.78350666610675,-0.29590900211814,1.1124044806667e-05,-1.3699688453891e-06
1.88525,-0.79504061159516,-0.2816742280832,1.1574714823796e-05,-1.5251002938129e-06
1.8855,-0.80586656579537,-0.2674153924316,1.2038553254835e-05,-1.6978064106631e-06
1.88575,-0.81601886962685,-0.25315686017219,1.251596056269e-05,-1.8897109805676e-06
1.886,-0.82553049181833,-0.23891984066274,1.3007291323672e-05,-2.1026077990917e-06
1.88625,-0.83443298526856,-0.224722732062,1.3512838473712e-05,-2.3384776305434e-06
1.8865,-0.84275646849589,-0.21058143295216,1.403281394781e-05,-2.5995063513215e-06
1.88675,-0.85052962698609,-0.19650962333543,1.4567324988561e-05,-2.888104131064e-06
1.887,-0.8577797301073,-0.18251901730051,1.5116345274053e-05,-3.2069253909223e-06
1.88725,-0.86453266000077,-0.16861958966184,1.5679679877162e-05,-3.558889122756e-06
1.8875,-0.87081294948685,-0.15481977882395,1.6256922920762e-05,-3.9471989420492e-06
1.88775,-0.87664382656099,-0.14112666803125,1.6847406643673e-05,-4.375361965049e-06
1.888,-0.88204726350589,-0.12754614704573,1.7450140452352e-05,-4.8472052280049e-06
1.88825,-0.88704402902492,-0.11408305616179,1.8063738422823e-05,-5.3668878813111e-06
1.8885,-0.89165374211818,-0.10074131432704,1.8686333666321e-05,-5.9389067694362e-06
1.88875,-0.89589492668578,-0.087524032995079,1.9315478025107e-05,-6.5680922239841e-06
1.889,-0.89978506606051,-0.074433617196963,1.9948025786144e-05,-7.2595899305099e-06
1.88925,-0.90334065685148,-0.061471855183168,2.0580000578812e-05,-8.0188235681911e-06
1.8895,-0.90657726162748,-0.048639997860315,2.1206445478442e-05,-8.851431573984e-06
1.88975,-0.90950956008868,-0.035938829127975,2.1821257724111e-05,-9.763169895184e-06
1.89,-0.91215139847306,-0.023368728109726,2.2417011564902e-05,-1.0759771073003e-05
1.89025,-0.91451583702231,-0.010929724171227,2.2984775785611e-05,-1.1846748644357e-05
1.8905,-0.91661519539518,0.001378454474922,2.3513936640627e-05,-1.3029134992422e-05
1.89075,-0.91846109596636,0.013556337862775,2.3992042398192e-05,-1.4311140928282e-05
1.891,-0.92006450498862,0.025604676426319,2.4404692475611e-05,-1.5695727168202e-05
1.89125,-0.92143577162663,0.037524407643392,2.4735501952687e-05,-1.7184082423271e-05
1.8915,-0.9225846648947,0.049316626662984,2.4966180333688e-05,-1.8775011134832e-05
1.89175,-0.92352040854856,0.060982560464475,2.5076770340762e-05,-2.046424703685e-05
1.892,-0.92425171399437,0.072523545147611,2.5046095933252e-05,-2.2243727382628e-05
1.89225,-0.92478681128782,0.083941005996376,2.4852465408147e-05,-2.4100886548117e-05
1.8925,-0.92513347830208,0.095236439999767,2.4474661480269e-05,-2.6018054800219e-05
1.89275,-0.92529906814776,0.10641140054829,2.3893222041323e-05,-2.7972073787205e-05
1.893,-0.92529053492963,0.11746748405633,2.3091971021381e-05,-2.9934257392599e-05
1.89325,-0.92511445792544,0.12840631828864,2.2059700494203e-05,-3.1870825342316e-05
1.8935,-0.92477706427175,0.13922955219467,2.0791840894685e-05,-3.374390759557e-05
1.89375,-0.92428425023955,0.14993884707596,1.9291900691774e-05,-3.5513154067158e-05
1.894,-0.92364160118085,0.16053586893222,1.7572429597311e-05,-3.7137889142535e-05
1.89425,-0.92285441022411,0.17102228184885,1.5655279155833e-05,-3.857963840803e-05
1.8945,-0.92192769579389,0.1813997423042,1.35710111718e-05,-3.9804752388447e-05
1.89475,-0.92086621802615,0.19166989428894,1.1357431146131e-05,-4.0786790547134e-05
1.895,-0.91967449414795,0.20183436514175,9.0573749799114e-06,-4.1508333932169e-05
1.89525,-0.91835681288628,0.21189476201676,6.7160139407592e-06,-4.1961974234947e-05
1.8955,-0.91691724796744,0.22185266890753,4.3780269833737e-06,-4.2150364374012e-05
1.89575,-0.91535967076519,0.23170964416086,2.0849980527208e-06,-4.2085375196345e-05
1.896,-0.91368776215226,0.24146721842172,-1.266697117566e-07,-4.1786542406866e-05
1.89625,-0.91190502360667,0.25112689295671,-2.2271471494586e-06,-4.1279074719044e-05
1.8965,-0.91001478762121,0.26069013830969,-4.1938352997459e-06,-4.059171556823e-05
1.89675,-0.90802022746156,0.27015839324877,-6.0113539231891e-06,-3.9754714360686e-05
1.897,-0.9059243663153,0.27953306396794,-7.6710066969275e-06,-3.8798090571207e-05
1.89725,-0.90373008587188,0.28881552351127,-9.1698988255451e-06,-3.7750289916331e-05
1.8975,-0.90144013437049,0.29800711139114,-1.050987731467e-05,-3.6637256360294e-05
1.89775,-0.89905713415092,0.30710913337515,-1.1696434830079e-05,-3.5481888205969e-05
1.898,-0.89658358873964,0.31612286141928,-1.2737678412836e-05,-3.4303813898565e-05
1.89825,-0.89402188950168,0.32504953372777,-1.3643424796751e-05,-3.3119410522455e-05
1.8985,-0.89137432188648,0.33389035492176,-1.4424450916918e-05,-3.1941989677504e-05
1.89875,-0.88864307129433,0.3426464963017,-1.5091903880675e-05,-3.0782085557496e-05
1.899,-0.8858302285879,0.35131909618947,-1.5656859074088e-05,-2.9647793766069e-05
1.89925,-0.88293779527203,0.3599092603383,-1.6130006697477e-05,-2.8545123376411e-05
1.8995,-0.87996768836309,0.36841806239988,-1.6521443908178e-05,-2.7478337086728e-05
1.89975,-0.87692174496815,0.37684654443911,-1.6840550048983e-05,-2.645026424661e-05
1.9,-0.87380172659239,0.38519571748835,-1.7095924671447e-05,-2.5462578930721e-05
1.90025,-0.8706093231923,0.3934665621339,-1.7295371161888e-05,-2.4516040393596e-05
1.9005,-0.86734615699092,0.40166002912811,-1.7445912058552e-05,-2.3610696583192e-05
1.90075,-0.8640137860702,0.40977704002184,-1.7553825216708e-05,-2.2746053369695e-05
1.901,-0.86061370775458,0.41781848781209,-1.76246926431e-05,-2.1921213157122e-05
1.90125,-0.8571473617991,0.42578523760051,-1.7663456020665e-05,-2.1134986908634e-05
1.9015,-0.8536161333942,0.43367812725934,-1.7674474691776e-05,-2.0385983573367e-05
1.90175,-0.85002135599872,0.44149796810103,-1.7661583214265e-05,-1.9672680625436e-05
1.902,-0.84636431401179,0.44924554554917,-1.7628146613739e-05,-1.8993479031566e-05
1.90225,-0.84264624529373,0.45692161980805,-1.757711219401e-05,-1.8346745528521e-05
1.9025,-0.83886834354501,0.46452692652864,-1.7511057294077e-05,-1.7730844661065e-05
1.90275,-0.83503176055231,0.47206217746951,-1.7432232745578e-05,-1.7144162631605e-05
1.903,-0.83113760830954,0.47952806115075,-1.7342602030138e-05,-1.6585124656378e-05
1.90325,-0.82718696102163,0.48692524349993,-1.7243876293828e-05,-1.6052207214081e-05
1.9035,-0.82318085699802,0.4942543684887,-1.7137545471052e-05,-1.5543946310431e-05
1.90375,-0.81912030044264,0.5015160587593,-1.7024905821282e-05,-1.5058942662651e-05
1.904,-0.81500626314647,0.5087109162402,-1.6907084203103e-05,-1.4595864526515e-05
1.90425,-0.81083968608856,0.51583952275009,-1.6785059411113e-05,-1.4153448740079e-05
1.9045,-0.80662148095093,0.52290244058994,-1.6659680889609e-05,-1.3730500437734e-05
1.90475,-0.8023525315524,0.52990021312262,-1.653168511781e-05,-1.3325891790881e-05
1.905,-0.79803369520612,0.5368333653398,-1.6401709938121e-05,-1.2938560053501e-05
1.90525,-0.79366580400529,0.54370240441595,-1.627030707411e-05,-1.2567505128574e-05
1.9055,-0.78924966604123,0.55050782024933,-1.6137953059861e-05,-1.2211786821725e-05
1.90575,-0.78478606655762,0.5572500859898,-1.6005058778422e-05,-1.1870521909252e-05
1.906,-0.78027576904478,0.56392965855359,-1.587197778446e-05,-1.1542881116742e-05
1.90625,-0.7757195162771,0.570546979125,-1.5739013565603e-05,-1.1228086080167e-05
1.9065,-0.77111803129726,0.57710247364496,-1.5606425878105e-05,-1.092540634235e-05
1.90675,-0.76647201834986,0.58359655328687,-1.5474436275664e-05,-1.0634156422851e-05
1.907,-0.76178216376756,0.59002961491958,-1.5343232935203e-05,-1.035369298789e-05
1.90725,-0.75704913681224,0.59640204155782,-1.5212974870163e-05,-1.0083412138067e-05
1.9075,-0.7522735904738,0.60271420280029,-1.5083795610204e-05,-9.8227468248769e-06
1.90775,-0.74745616222886,0.60896645525551,-1.4955806415945e-05,-9.5711644019228e-06
1.908,-0.74259747476156,0.61515914295568,-1.4829099088456e-05,-9.3281643128631e-06
1.90825,-0.7376981366486,0.62129259775899,-1.4703748425392e-05,-9.0932759153078e-06
1.9085,-0.73275874301042,0.62736713974024,-1.4579814368878e-05,-8.8660564378131e-06
1.90875,-0.72777987613032,0.6333830775704,-1.4457343884351e-05,-8.6460890656568e-06
1.909,-0.72276210604335,0.63934070888511,-1.4336372604414e-05,-8.4329811500995e-06
1.90925,-0.71770599109651,0.64524032064254,-1.4216926267332e-05,-8.2263625351824e-06
1.9095,-0.71261207848169,0.65108218947078,-1.4099021975903e-05,-8.0258839957543e-06
1.90975,-0.70748090474308,0.65686658200506,-1.3982669299127e-05,-7.8312157802514e-06
1.91,-0.70231299626007,0.66259375521508,-1.3867871236123e-05,-7.6420462517351e-06
1.91025,-0.69710886970713,0.66826395672263,-1.3754625059292e-05,-7.458080620793e-06
1.9105,-0.6918690324918,0.67387742510994,-1.364292305147e-05,-7.2790397640732e-06
1.91075,-0.68659398317192,0.67943439021885,-1.3532753149944e-05,-7.1046591224519e-06
1.911,-0.68128421185316,0.68493507344103,-1.3424099508536e-05,-6.9346876730937e-06
1.91125,-0.67594020056792,0.69037968799973,-1.3316942987527e-05,-6.7688869699392e-06
1.9115,-0.67056242363646,0.69576843922311,-1.3211261579929e-05,-6.6070302474479e-06
1.91175,-0.66515134801121,0.70110152480938,-1.3107030781528e-05,-6.4489015827163e-06
1.912,-0.65970743360515,0.70637913508416,-1.3004223911167e-05,-6.2942951113698e-06
1.91225,-0.65423113360491,0.71160145325015,-1.290281238689e-05,-6.1430142929108e-06
1.9125,-0.64872289476954,0.71676865562935,-1.2802765962866e-05,-5.9948712214658e-06
1.91275,-0.64318315771552,0.72188091189813,-1.2704052931336e-05,-5.8496859781247e-06
1.913,-0.63761235718877,0.72693838531532,-1.2606640293289e-05,-5.7072860213019e-06
1.91325,-0.63201092232421,0.7319412329435,-1.2510493901068e-05,-5.5675056117619e-06
1.9135,-0.62637927689354,0.73688960586379,-1.2415578575655e-05,-5.4301852691584e-06
1.91375,-0.62071783954191,0.74178364938421,-1.2321858201025e-05,-5.2951712571149e-06
1.914,-0.6150270240137,0.74662350324201,-1.2229295797558e-05,-5.1623150940412e-06
1.91425,-0.60930723936831,0.75140930179984,-1.2137853576242e-05,-5.0314730870329e-06
1.9145,-0.60355889018619,0.75614117423633,-1.2047492975074e-05,-4.9025058863282e-06
1.91475,-0.59778237676566,0.76081924473099,-1.1958174678822e-05,-4.775278057913e-06
1.915,-0.59197809531091,0.76544363264363,-1.1869858623074e-05,-4.6496576719684e-06
1.91525,-0.5861464381117,0.77001445268863,-1.1782503983278e-05,-4.5255159049304e-06
1.9155,-0.58028779371493,0.77453181510405,-1.1696069149253e-05,-4.4027266530014e-06
1.91575,-0.57440254708878,0.77899582581578,-1.1610511685468e-05,-4.2811661550062e-06
1.916,-0.56849107977941,0.78340658659702,-1.152578827718e-05,-4.1607126225098e-06
1.91625,-0.5625537700608,0.78776419522302,-1.1441854662322e-05,-4.0412458751399e-06
1.9165,-0.55659099307807,0.79206874562142,-1.1358665548845e-05,-3.9226469790528e-06
1.91675,-0.55060312098422,0.79632032801813,-1.1276174517018e-05,-3.8047978864606e-06
1.917,-0.54459052307117,0.80051902907918,-1.1194333905959e-05,-3.6875810741055e-06
1.91725,-0.53855356589477,0.8046649320483,-1.1113094683474e-05,-3.5708791785065e-06
1.9175,-0.53249261339445,0.80875811688072,-1.1032406298022e-05,-3.4545746257273e-06
1.91775,-0.52640802700755,0.81279866037298,-1.0952216511362e-05,-3.3385492533151e-06
1.918,-0.52030016577864,0.8167866362892,-1.0872471210154e-05,-3.2226839219333e-06
1.91825,-0.51416938646408,0.82072211548363,-1.0793114194456e-05,-3.1068581140613e-06
1.9185,-0.50801604363188,0.82460516601974,-1.0714086940687e-05,-2.9909495169527e-06
1.91875,-0.50184048975724,0.82843585328601,-1.0635328336232e-05,-2.8748335868319e-06
1.919,-0.49564307531391,0.83221424010835,-1.0556774382351e-05,-2.7583830910589e-06
1.91925,-0.48942414886141,0.8359403868594,-1.0478357861542e-05,-2.6414676247036e-06
1.9195,-0.4831840571285,0.83961435156481,-1.0400007964866e-05,-2.5239530976374e-06
1.91975,-0.4769231450929,0.84323619000635,-1.0321649873982e-05,-2.4057011878682e-06
1.92,-0.47064175605758,0.8468059558224,-1.0243204291814e-05,-2.2865687564004e-06
1.92025,-0.46434023172345,0.85032370060542,-1.0164586914752e-05,-2.1664072184049e-06
1.9205,-0.45801891225907,0.85378947399679,-1.0085707838094e-05,-2.0450618649056e-06
1.92075,-0.45167813636703,0.85720332377902,-1.0006470885069e-05,-1.9223711285364e-06
1.921,-0.44531824134749,0.86056529596538,-9.9267728481005e-06,-1.7981657861828e-06
1.92125,-0.43893956315883,0.86387543488705,-9.8465026290275e-06,-1.6722680904725e-06
1.9215,-0.43254243647545,0.86713378327786,-9.765540262655e-06,-1.5444908211322e-06
1.92175,-0.42612719474316,0.87034038235675,-9.6837558052169e-06,-1.4146362461438e-06
1.922,-0.41969417023183,0.87349527190786,-9.6010080659774e-06,-1.2824949814226e-06
1.92225,-0.41324369408575,0.87659849035847,-9.5171431561795e-06,-1.1478447363723e-06
1.9225,-0.40677609637163,0.87965007485489,-9.431992824665e-06,-1.0104489311568e-06
1.92275,-0.40029170612433,0.88265006133605,-9.3453725436155e-06,-8.7005516983266e-07
1.923,-0.39379085139054,0.88559848460538,-9.2570793006864e-06,-7.2639355163985e-07
1.92325,-0.38727385927031,0.88849537840041,-9.1668890450716e-06,-5.7917480071392e-07
1.9235,-0.38074105595664,0.89134077546074,-9.0745537243331e-06,-4.2808819233857e-07
1.92375,-0.37419276677316,0.894134707594,-8.9797978356851e-06,-2.727992515903e-07
1.924,-0.36762931621006,0.89687720574004,-8.8823143991934e-06,-1.129471979535e-07
1.92425,-0.36105102795808,0.89956830003344,-8.7817602402641e-06,5.1857892676477e-08
1.9245,-0.35445822494104,0.90220801986426,-8.677750443823e-06,2.2203823902456e-07
1.92475,-0.34785122934657,0.90479639393715,-8.5698518113925e-06,3.9805185011485e-07
1.925,-0.34123036265538,0.90733345032885,-8.457575113197e-06,5.8039639723455e-07
1.92525,-0.33459594566895,0.90981921654418,-8.3403658782093e-06,7.6961349193252e-07
1.9255,-0.32794829853585,0.91225371957043,-8.2175934028575e-06,9.662933948239e-07
1.92575,-0.32128774077664,0.91463698593035,-8.0885375801463e-06,1.1710801701636e-06
1.926,-0.31461459130737,0.91696904173362,-7.9523730502852e-06,1.384677283916e-06
1.92625,-0.30792916846189,0.91924991272703,-7.8081500450799e-06,1.6078536144215e-06
1.9265,-0.30123179001289,0.92147962434315,-7.6547711327571e-06,1.841449798881e-06
1.92675,-0.29452277319162,0.92365820174781,-7.4909628563388e-06,2.0863847668221e-06
1.927,-0.28780243470668,0.9257856698862,-7.3152409822898e-06,2.3436622000567e-06
1.92725,-0.28107109076151,0.92786205352777,-7.1258677175044e-06,2.6143764870057e-06
1.9275,-0.27432905707087,0.92988737730983,-6.9207987863497e-06,2.899717476567e-06
1.92775,-0.26757664887634,0.93186166578003,-6.6976176527218e-06,3.2009729353705e-06
1.928,-0.26081418096074,0.93378494343757,-6.4534533834451e-06,3.5195269990417e-06
1.92825,-0.25404196766162,0.93565723477343,-6.1848776282497e-06,3.8568519695793e-06
1.9285,-0.24726032288386,0.93747856430931,-5.8877748799688e-06,4.2144893707709e-06
1.92875,-0.24046956011133,0.93924895663563,-5.557178518348e-06,4.5940139560826e-06
1.929,-0.23366999241771,0.94096843644839,-5.1870630935929e-06,4.9969709363674e-06
1.92925,-0.22686193247647,0.94263702858501,-4.7700808991588e-06,5.424771379112e-06
1.9295,-0.22004569257003,0.94425475805919,-4.2972283131186e-06,5.8785224616782e-06
1.92975,-0.21322158459821,0.9458216500948,-3.7574252334075e-06,6.3587563781969e-06
1.93,-0.20638992008585,0.94733773015871,-3.136990604018e-06,6.8650016547671e-06
1.93025,-0.19955101018973,0.94880302399282,-2.419001671306e-06,7.3951096244183e-06
1.9305,-0.19270516570485,0.95021755764507,-1.5825408990761e-06,7.9442015354433e-06
1.93075,-0.18585269706994,0.95158135749957,-6.0187609291724e-07,8.5030317276356e-06
1.931,-0.17899391437241,0.9528944503059,5.5428666098675e-07,9.0554644203515e-06
1.93125,-0.17212912735261,0.95415686320752,1.9231398316872e-06,9.5746412291937e-06
1.9315,-0.16525864540748,0.9553686237693,3.5469718184406e-06,1.0017314937404e-05
1.93175,-0.15838277759367,0.95652976000431,5.4697728941132e-06,1.0315883534388e-05
1.932,-0.15150183263002,0.95764030039975,7.7286084222723e-06,1.0368254249852e-05
1.93225,-0.14461611889953,0.95870027394209,1.0335581072204e-05,1.0027630333042e-05
1.9325,-0.13772594445082,0.95970971014148,1.3245480781075e-05,9.0990096770452e-06
1.93275,-0.13083161699899,0.96066863905538,1.6308110137464e-05,7.3574482607322e-06
1.933,-0.1239334439261,0.96157709131141,1.9220042444495e-05,4.6106770491613e-06
1.93325,-0.11703173228106,0.96243509812957,2.1521380402563e-05,8.1771778767263e-07
1.9335,-0.11012678877913,0.96324269134364,2.2702352993343e-05,-3.7800094290248e-06
1.93375,-0.10321891980095,0.96399990342197,2.2424999564696e-05,-8.635276987902e-06
1.934,-0.096308431391058,0.96470676748751,2.0721191525827e-05,-1.3073593761257e-05
1.93425,-0.089395629256156,0.96536331733726,1.7983251097757e-05,-1.6577809858268e-05
1.9345,-0.082480818762797,0.96596958746095,1.4751709456674e-05,-1.8954963256406e-05
1.93475,-0.075564304934743,0.96652561305916,1.1490593842781e-05,-2.0296021671005e-05
1.935,-0.068646392449974,0.96703143006076,8.4882599272763e-06,-2.0832081809658e-05
1.93525,-0.061727385637281,0.96748707513976,5.8714993116047e-06,-2.0811656568371e-05
1.9355,-0.054807588472484,0.96789258573147,3.6620128113729e-06,-2.0440324583821e-05
1.93575,-0.047887304574371,0.96824800004817,1.8280956416122e-06,-1.9866882916999e-05
1.936,-0.040966837200239,0.96855335709408,3.1794727124652e-07,-1.9190774746146e-05
1.93625,-0.03404648924111,0.9688086966798,-9.2281146728175e-07,-1.8474950991939e-05
1.9365,-0.027126563216687,0.96901405943618,-1.943482911151e-06,-1.7757518442233e-05
1.93675,-0.020207361269914,0.96916948682758,-2.7858392698829e-06,-1.7060454840219e-05
1.937,-0.013289185161337,0.96927502116462,-3.4840723134553e-06,-1.6395582048032e-05
1.93725,-0.006372336263102,0.96933070561636,-4.0656807503157e-06,-1.5768475005349e-05
1.9375,0.00054288444731399,0.96933658422194,-4.5526015303477e-06,-1.5180953703124e-05
1.93775,0.0074561763935963,0.96929270190168,-4.9622907736597e-06,-1.4632646428028e-05
1.938,0.014367239407419,0.96919910446766,-5.3086514177848e-06,-1.4121959044904e-05
1.93825,0.021275773735461,0.96905583863379,-5.6027895344645e-06,-1.3646669423651e-05
1.9385,0.028181480046709,0.9688629520254,-5.8536147826424e-06,-1.3204287041911e-05
1.93875,0.035084059440014,0.9686204931882,-6.0683106070706e-06,-1.2792266190687e-05
1.939,0.041983213451815,0.96832851159689,-6.2527000816678e-06,-1.2408128312716e-05
1.93925,0.048878644064162,0.96798705766326,-6.4115299935978e-06,-1.2049528268918e-05
1.9395,0.055770053712934,0.96759618274366,-6.5486916141495e-06,-1.1714286320748e-05
1.93975,0.062657145296234,0.9671559391462,-6.6673927060517e-06,-1.1400399463847e-05
1.94,0.06953962218304,0.96666638013723,-6.7702920325293e-06,-1.1106040633605e-05
1.94025,0.07641718822206,0.96612755994769,-6.8596050057749e-06,-1.0829551088354e-05
1.9405,0.083289547750705,0.9655395337786,-6.9371870681668e-06,-1.056942925154e-05
1.94075,0.090156405604382,0.96490235780646,-7.004599833215e-06,-1.0324318018105e-05
1.941,0.097017467125828,0.96421608918788,-7.0631638227572e-06,-1.0092991726172e-05
1.94125,0.10387243817475,0.96348078606399,-7.1140007354313e-06,-9.874343489532e-06
1.9415,0.11072102513753,0.96269650756431,-7.1580674993004e-06,-9.667373270315e-06
1.94175,0.1175629349372,0.96186331381022,-7.1961838447571e-06,-9.4711768755131e-06
1.942,0.12439787504351,0.96098126591788,-7.2290547414538e-06,-9.2849359417944e-06
1.94225,0.13122555348319,0.96005042600092,-7.2572887440914e-06,-9.1079089024233e-06
1.9425,0.13804567885035,0.95907085717248,-7.2814130633348e-06,-8.939422890108e-06
1.94275,0.14485796031705,0.95804262354704,-7.3018860026078e-06,-8.7788665088396e-06
1.943,0.15166210764404,0.9569657902416,-7.319107266161e-06,-8.6256833988924e-06
1.94325,0.15845783119154,0.9558404233767,-7.3334265389318e-06,-8.4793665174256e-06
1.9435,0.16524484193033,0.95466659007679,-7.3451506570908e-06,-8.3394530595824e-06
1.94375,0.17202285145281,0.9534443584703,-7.3545496243447e-06,-8.2055199497129e-06
1.944,0.17879157198435,0.95217379768937,-7.3618616789317e-06,-8.0771798381616e-06
1.94425,0.18555071639458,0.95085497786894,-7.3672975766879e-06,-7.9540775452574e-06
1.9445,0.19229999820904,0.9494879701458,-7.3710442242046e-06,-7.8358869002504e-06
1.94475,0.19903913162077,0.94807284665685,-7.373267771141e-06,-7.7223079287465e-06
1.945,0.20576783150207,0.94660968053719,-7.3741162507995e-06,-7.6130643475503e-06
1.94525,0.2124858134165,0.94509854591786,-7.37372184205e-06,-7.5079013306849e-06
1.9455,0.21919279363076,0.94353951792296,-7.3722028127801e-06,-7.4065835147281e-06
1.94575,0.22588848912695,0.9419326726666,-7.3696651945943e-06,-7.3088932154731e-06
1.946,0.23257261761473,0.94027808724932,-7.366204229997e-06,-7.2146288313534e-06
1.94625,0.23924489754374,0.93857583975424,-7.3619056263733e-06,-7.1236034120867e-06
1.9465,0.24590504811603,0.93682600924269,-7.3568466454127e-06,-7.0356433736307e-06
1.94675,0.25255278929867,0.93502867574954,-7.3510970519716e-06,-6.9505873428644e-06
1.947,0.25918784183639,0.93318392027815,-7.3447199425331e-06,-6.8682851174271e-06
1.94725,0.26580992726444,0.93129182479492,-7.3377724702549e-06,-6.7885967279146e-06
1.9475,0.27241876792143,0.92935247222344,-7.3303064809643e-06,-6.7113915911752e-06
1.94775,0.27901408696232,0.92736594643827,-7.3223690722717e-06,-6.6365477447954e-06
1.948,0.28559560837158,0.92533233225838,-7.3140030861483e-06,-6.5639511540374e-06
1.94825,0.29216305697636,0.92325171544016,-7.3052475437835e-06,-6.4934950835247e-06
1.9485,0.29871615845974,0.92112418267011,-7.2961380302556e-06,-6.4250795268643e-06
1.94875,0.30525463937422,0.91894982155707,-7.286707035467e-06,-6.3586106881842e-06
1.949,0.31177822715517,0.91672872062419,-7.2769842568855e-06,-6.2940005102526e-06
1.94925,0.31828665013443,0.91446096930041,-7.2669968688592e-06,-6.2311662444487e-06
1.9495,0.32477963755402,0.91214665791164,-7.2567697626188e-06,-6.1700300583854e-06
1.94975,0.33125691957993,0.90978587767158,-7.2463257605247e-06,-6.1105186774507e-06
1.95,0.33771822731604,0.90737872067207,-7.2356858076387e-06,-6.0525630569422e-06
