1.7,0.91332529228138,-0.22663320155229,-1.8893010606151e-05,2.9758810388656e-05
1.70025,0.91147667607748,-0.23336058093689,-1.8739630494921e-05,2.9951595999118e-05
1.7005,0.90957660741377,-0.24007758933485,-1.8585104632962e-05,3.0143812904971e-05
1.70075,0.90762509377799,-0.24678383404205,-1.8429428062851e-05,3.0335455798365e-05
1.701,0.90562214536283,-0.25347892168178,-1.8272595820329e-05,3.0526519286108e-05
1.70125,0.90356777507383,-0.26016245821833,-1.8114602934676e-05,3.0716997888805e-05
1.7015,0.90146199853726,-0.26683404897052,-1.7955444429107e-05,3.0906886039998e-05
1.70175,0.89930483410796,-0.27349329862527,-1.7795115321176e-05,3.1096178085284e-05
1.702,0.89709630287709,-0.2801398112511,-1.763361062319e-05,3.1284868281435e-05
1.70225,0.89483642868,-0.28677319031168,-1.7470925342632e-05,3.1472950795497e-05
1.7025,0.89252523810396,-0.29339303867933,-1.7307054482601e-05,3.1660419703893e-05
1.70275,0.89016276049588,-0.29999895864859,-1.7141993042259e-05,3.1847268991504e-05
1.703,0.88774902797011,-0.30659055194962,-1.6975736017293e-05,3.2033492550748e-05
1.70325,0.88528407541608,-0.31316741976178,-1.6808278400382e-05,3.2219084180645e-05
1.7035,0.88276794050605,-0.31972916272709,-1.6639615181689e-05,3.2404037585872e-05
1.70375,0.88020066370278,-0.32627538096367,-1.646974134935e-05,3.2588346375813e-05
1.704,0.87758228826721,-0.33280567407927,-1.6298651889988e-05,3.2772004063593e-05
1.70425,0.87491286026612,-0.33931964118465,-1.6126341789237e-05,3.2955004065105e-05
1.7045,0.8721924285798,-0.34581688090709,-1.5952806032269e-05,3.3137339698026e-05
1.70475,0.8694210449097,-0.35229699140381,-1.5778039604353e-05,3.331900418082e-05
1.705,0.86659876378609,-0.35875957037535,-1.5602037491408e-05,3.3499990631738e-05
1.70525,0.8637256425757,-0.36520421507906,-1.5424794680585e-05,3.3680292067798e-05
1.7055,0.86080174148937,-0.37163052234245,-1.5246306160855e-05,3.3859901403761e-05
1.70575,0.85782712358974,-0.3780380885766,-1.5066566923612e-05,3.4038811451093e-05
1.706,0.85480185479883,-0.38442650978958,-1.4885571963294e-05,3.4217014916918e-05
1.70625,0.85172600390581,-0.39079538159976,-1.4703316278015e-05,3.4394504402959e-05
1.7065,0.84859964257457,-0.39714429924926,-1.4519794870211e-05,3.457127240447e-05
1.70675,0.84542284535147,-0.40347285761723,-1.4335002747311e-05,3.4747311309152e-05
1.707,0.84219568967303,-0.40978065123325,-1.4148934922409e-05,3.492261339606e-05
1.70725,0.8389182558736,-0.41606727429067,-1.3961586414963e-05,3.5097170834506e-05
1.7075,0.83559062719314,-0.42233232065988,-1.3772952251503e-05,3.5270975682937e-05
1.70775,0.83221288978492,-0.42857538390171,-1.3583027466366e-05,3.5444019887811e-05
1.708,0.82878513272332,-0.43479605728071,-1.3391807102429e-05,3.561629528246e-05
1.70825,0.82530744801162,-0.44099393377844,-1.319928621188e-05,3.5787793585936e-05
1.7085,0.82177993058979,-0.44716860610676,-1.3005459856992e-05,3.5958506401853e-05
1.70875,0.81820267834235,-0.45331966672121,-1.2810323110918e-05,3.6128425217212e-05
1.709,0.81457579210626,-0.45944670783414,-1.2613871058507e-05,3.6297541401211e-05
1.70925,0.81089937567877,-0.46554932142815,-1.2416098797134e-05,3.6465846204049e-05
1.7095,0.80717353582543,-0.47162709926923,-1.2217001437551e-05,3.6633330755716e-05
1.70975,0.80339838228802,-0.47767963292008,-1.2016574104754e-05,3.6799986064765e-05
1.71,0.7995740277926,-0.48370651375339,-1.1814811938872e-05,3.696580301708e-05
1.71025,0.7957005880575,-0.48970733296506,-1.1611710096075e-05,3.7130772374622e-05
1.7105,0.79177818180152,-0.49568168158744,-1.1407263749498e-05,3.7294884774168e-05
1.71075,0.78780693075198,-0.50162915050263,-1.1201468090189e-05,3.7458130726035e-05
1.711,0.78378695965299,-0.50754933045568,-1.0994318328074e-05,3.7620500612791e-05
1.71125,0.77971839627363,-0.51344181206785,-1.0785809692945e-05,3.7781984687949e-05
1.7115,0.77560137141633,-0.51930618584983,-1.0575937435469e-05,3.7942573074655e-05
1.71175,0.77143601892514,-0.525142042215,-1.0364696828218e-05,3.8102255764351e-05
1.712,0.76722247569422,-0.53094897149271,-1.0152083166713e-05,3.8261022615436e-05
1.71225,0.76296088167626,-0.53672656394141,-9.9380917705051e-06,3.8418863351902e-05
1.7125,0.75865137989106,-0.54247440976203,-9.7227179842657e-06,3.8575767561961e-05
1.71275,0.7542941164341,-0.54819209911111,-9.5059571789032e-06,3.8731724696656e-05
1.713,0.74988924048526,-0.55387922211413,-9.2878047527054e-06,3.8886724068458e-05
1.71325,0.74543690431753,-0.55953536887874,-9.0682561325003e-06,3.9040754849846e-05
1.7135,0.74093726330586,-0.56516012950799,-8.8473067748447e-06,3.9193806071871e-05
1.71375,0.73639047593605,-0.57075309411365,-8.6249521672342e-06,3.9345866622706e-05
1.714,0.73179670381369,-0.57631385282945,-8.4011878293371e-06,3.949692524618e-05
1.71425,0.72715611167332,-0.58184199582437,-8.1760093142556e-06,3.9646970540292e-05
1.7145,0.72246886738749,-0.58733711331596,-7.949412209809e-06,3.9795990955716e-05
1.71475,0.71773514197604,-0.59279879558363,-7.7213921398434e-06,3.9943974794278e-05
1.715,0.7129551096154,-0.59822663298193,-7.4919447655678e-06,4.0090910207423e-05
1.71525,0.70812894764807,-0.60362021595398,-7.2610657869143e-06,4.0236785194668e-05
1.7155,0.70325683659208,-0.60897913504472,-7.028750943927e-06,4.0381587602025e-05
1.71575,0.69833896015067,-0.61430298091435,-6.7949960181756e-06,4.0525305120416e-05
1.716,0.69337550522195,-0.61959134435167,-6.559796834197e-06,4.0667925284063e-05
1.71625,0.68836666190883,-0.62484381628752,-6.3231492609644e-06,4.0809435468865e-05
1.7165,0.68331262352885,-0.63005998780817,-6.0850492133842e-06,4.0949822890746e-05
1.71675,0.67821358662434,-0.63523945016881,-5.8454926538202e-06,4.1089074603993e-05
1.717,0.67306975097254,-0.64038179480701,-5.6044755936479e-06,4.1227177499564e-05
1.71725,0.66788131959589,-0.64548661335622,-5.3619940948358e-06,4.1364118303381e-05
1.7175,0.66264849877247,-0.65055349765931,-5.1180442715576e-06,4.1499883574601e-05
1.71775,0.65737149804656,-0.65558203978212,-4.8726222918335e-06,4.1634459703859e-05
1.718,0.65205053023926,-0.66057183202708,-4.6257243791995e-06,4.1767832911493e-05
1.71825,0.64668581145934,-0.66552246694683,-4.377346814411e-06,4.1899989245746e-05
1.7185,0.64127756111417,-0.67043353735785,-4.127485937173e-06,4.2030914580936e-05
1.71875,0.6358260019208,-0.67530463635424,-3.8761381479031e-06,4.2160594615616e-05
1.719,0.6303313599172,-0.68013535732142,-3.6232999095265e-06,4.2289014870686e-05
1.71925,0.62479386447362,-0.6849252939499,-3.3689677493001e-06,4.2416160687502e-05
1.7195,0.61921374830413,-0.68967404024918,-3.113138260672e-06,4.254201722594e-05
1.71975,0.61359124747828,-0.69438119056157,-2.8558081051703e-06,4.2666569462438e-05
1.72,0.60792660143296,-0.69904633957618,-2.5969740143247e-06,4.2789802188009e-05
1.72025,0.60222005298439,-0.70366908234287,-2.3366327916238e-06,4.2911700006226e-05
1.7205,0.59647184834031,-0.70824901428629,-2.0747813145019e-06,4.3032247331165e-05
1.72075,0.59068223711226,-0.71278573122002,-1.8114165363608e-06,4.3151428385328e-05
1.721,0.58485147232815,-0.71727882936071,-1.5465354886266e-06,4.3269227197525e-05
1.72125,0.57897981044493,-0.72172790534231,-1.2801352828371e-06,4.3385627600722e-05
1.7215,0.57306751136145,-0.72613255623036,-1.0122131127671e-06,4.350061322985e-05
1.72175,0.56711483843153,-0.73049237953637,-7.4276625658541e-07,4.3614167519583e-05
1.722,0.56112205847717,-0.73480697323225,-4.7179207904684e-07,4.3726273702069e-05
1.72225,0.55508944180206,-0.73907593576484,-1.9928803372052e-07,4.3836914804623e-05
1.7225,0.54901726220517,-0.74329886607045,7.4748334748606e-08,4.3946073647377e-05
1.72275,0.54290579699455,-0.74747536358965,3.5031938834343e-07,4.4053732840886e-05
1.723,0.53675532700151,-0.7516050282819,6.2742739334065e-07,4.4159874783684e-05
1.72325,0.53056613659471,-0.75568746064054,9.0607451794536e-07,4.4264481659793e-05
1.7235,0.52433851369479,-0.75972226170763,1.1862628298866e-06,4.4367535436184e-05
1.72375,0.51807274978897,-0.76370903308908,1.4679942939798e-06,4.4469017860182e-05
1.724,0.51176913994599,-0.76764737696974,1.7512707696545e-06,4.4568910456811e-05
1.72425,0.50542798283127,-0.77153689612871,2.0360940084444e-06,4.4667194526088e-05
1.7245,0.49904958072232,-0.77537719395467,2.3224656514442e-06,4.4763851140253e-05
1.72475,0.4926342395243,-0.77916787446141,2.6103872267318e-06,4.4858861140929e-05
1.725,0.48618226878594,-0.78290854230335,2.8998601467535e-06,4.4952205136226e-05
1.72525,0.47969398171562,-0.78659880279136,3.1908857056779e-06,4.5043863497765e-05
1.7255,0.47316969519777,-0.79023826190855,3.4834650767119e-06,4.5133816357628e-05
1.72575,0.46660972980947,-0.7938265263263,3.777599309386e-06,4.5222043605235e-05
1.726,0.46001440983737,-0.79736320342034,4.0732893268056e-06,4.5308524884134e-05
1.72625,0.45338406329479,-0.80084790128705,4.3705359228672e-06,4.5393239588706e-05
1.7265,0.44671902193925,-0.80428022875989,4.6693397594452e-06,4.5476166860781e-05
1.72675,0.44001962129005,-0.80765979542593,4.9697013635463e-06,4.5557285586151e-05
1.727,0.43328620064641,-0.81098621164263,5.2716211244314e-06,4.563657439099e-05
1.72725,0.42651910310561,-0.81425908855468,5.5750992907108e-06,4.5714011638158e-05
1.7275,0.4197186755817,-0.81747803811112,5.8801359674072e-06,4.5789575423401e-05
1.72775,0.41288526882429,-0.82064267308255,6.1867311129934e-06,4.5863243571423e-05
1.728,0.40601923743776,-0.82375260707858,6.4948845364034e-06,4.593499363184e-05
1.72825,0.39912093990078,-0.82680745456542,6.8045958940162e-06,4.6004802874991e-05
1.7285,0.3921907385861,-0.82980683088371,7.1158646866187e-06,4.6072648287615e-05
1.72875,0.38522899978068,-0.83275035226655,7.4286902563465e-06,4.6138506568376e-05
1.729,0.37823609370619,-0.8356376358577,7.7430717836031e-06,4.6202354123228e-05
1.72925,0.37121239453975,-0.83846829973001,8.0590082839642e-06,4.6264167060614e-05
1.7295,0.36415828043515,-0.84124196290414,8.3764986050643e-06,4.6323921186485e-05
1.72975,0.35707413354427,-0.8439582453674,8.6955414234721e-06,4.6381591999133e-05
1.73,0.34996034003894,-0.84661676809292,9.0161352415566e-06,4.6437154683815e-05
1.73025,0.34281729013315,-0.84921715305903,9.3382783843447e-06,4.6490584107179e-05
1.7305,0.3356453781056,-0.85175902326889,9.6619689963786e-06,4.6541854811445e-05
1.73075,0.32844500232263,-0.85424200277039,9.9872050385708e-06,4.6590941008361e-05
1.731,0.32121656526156,-0.85666571667636,1.0313984285066e-05,4.6637816572894e-05
1.73125,0.31396047353432,-0.85902979118497,1.0642304320116e-05,4.6682455036649e-05
1.7315,0.30667713791161,-0.86133385360053,1.0972162534958e-05,4.6724829581005e-05
1.73175,0.29936697334736,-0.86357753235452,1.1303556124731e-05,4.6764913029934e-05
1.732,0.29203039900354,-0.86576045702693,1.1636482085401e-05,4.6802677842491e-05
1.73225,0.28466783827559,-0.86788225836794,1.1970937210732e-05,4.683809610496e-05
1.7325,0.27727971881803,-0.86994256831997,1.230691808929e-05,4.6871139522622e-05
1.73275,0.26986647257059,-0.87194102003995,1.2644421101503e-05,4.6901779411117e-05
1.733,0.26242853578488,-0.87387724792207,1.298344241677e-05,4.6929986687392e-05
1.73325,0.25496634905125,-0.87575088762083,1.3323977990645e-05,4.695573186018e-05
1.7335,0.24748035732635,-0.87756157607445,1.3666023562096e-05,4.6978985020006e-05
1.73375,0.23997100996099,-0.8793089515287,1.4009574650855e-05,4.6999715828656e-05
1.734,0.23243876072846,-0.88099265356111,1.435462655487e-05,4.7017893508105e-05
1.73425,0.22488406785341,-0.88261232310559,1.4701174347873e-05,4.7033486828838e-05
1.7345,0.21730739404109,-0.88416760247746,1.5049212877087e-05,4.7046464097534e-05
1.73475,0.20970920650717,-0.88565813539894,1.5398736761078e-05,4.7056793144071e-05
1.735,0.20208997700799,-0.88708356702507,1.5749740387773e-05,4.7064441307789e-05
1.73525,0.19445018187125,-0.88844354397012,1.610221791268e-05,4.7069375422976e-05
1.7355,0.18679030202737,-0.88973771433439,1.6456163257305e-05,4.70715618035e-05
1.73575,0.17911082304119,-0.89096572773163,1.6811570107823e-05,4.7070966226539e-05
1.736,0.17141223514426,-0.89212723531686,1.7168431914005e-05,4.7067553915339e-05
1.73625,0.16369503326764,-0.89322188981475,1.7526741888446e-05,4.7061289520919e-05
1.7365,0.15595971707526,-0.89424934554857,1.7886493006124e-05,4.7052137102653e-05
1.73675,0.14820679099778,-0.89520925846959,1.824767800433e-05,4.7040060107637e-05
1.737,0.14043676426701,-0.89610128618719,1.8610289383002e-05,4.7025021348757e-05
1.73725,0.13265015095087,-0.89692508799945,1.8974319405528e-05,4.7006982981339e-05
1.7375,0.12484746998898,-0.89768032492434,1.9339760100041e-05,4.6985906478294e-05
1.73775,0.11702924522871,-0.89836665973166,1.9706603261296e-05,4.6961752603615e-05
1.738,0.10919600546187,-0.89898375697544,2.0074840453161e-05,4.6934481384117e-05
1.73825,0.10134828446202,-0.89953128302715,2.044446301181e-05,4.6904052079261e-05
1.7385,0.093486621022278,-0.90000890610948,2.0815462049697e-05,4.6870423148918e-05
1.73875,0.085611558993817,-0.90041629633093,2.1187828460381e-05,4.6833552218902e-05
1.739,0.077723647324913,-0.90075312572099,2.1561552924315e-05,4.6793396044084e-05
1.73925,0.069823440100607,-0.9010190682662,2.1936625915703e-05,4.674991046889e-05
1.7395,0.061911496583049,-0.90121379994686,2.2313037710538e-05,4.6703050384962e-05
1.73975,0.053988381252409,-0.90133699877455,2.2690778395957e-05,4.6652769685741e-05
1.74,0.046054663848422,-0.90138834483057,2.3069837881074e-05,4.6599021217709e-05
1.74025,0.038110919412656,-0.90136752030501,2.345020590944e-05,4.6541756727999e-05
1.7405,0.030157728331314,-0.90127420953687,2.3831872073341e-05,4.648092680806e-05
1.74075,0.022195676378815,-0.90110809905494,2.4214825830115e-05,4.6416480833025e-05
1.741,0.014225354761957,-0.90086887761968,2.4599056520767e-05,4.6348366896402e-05
1.74125,0.0062473601647623,-0.9005562362659,2.4984553391107e-05,4.6276531739669e-05
1.7415,-0.0017377052059385,-0.90016986834657,2.5371305615742e-05,4.6200920676298e-05
1.74175,-0.009729233574295,-0.89970946957751,2.575930232525e-05,4.612147750972e-05
1.742,-0.017726611548536,-0.89917473808308,2.6148532636929e-05,4.6038144444646e-05
1.74225,-0.025729220073293,-0.89856537444303,2.653898568954e-05,4.5950861991131e-05
1.7425,-0.033736434381328,-0.89788108174032,2.6930650682565e-05,4.5859568860696e-05
1.74275,-0.041747623944438,-0.89712156561011,2.7323516920508e-05,4.5764201853745e-05
1.743,-0.049762152423714,-0.89628653428984,2.7717573862904e-05,4.5664695737435e-05
1.74325,-0.057779377619072,-0.89537569867056,2.811281118075e-05,4.5560983113065e-05
1.7435,-0.06579865141799,-0.89438877234938,2.850921882018e-05,4.5452994271952e-05
1.74375,-0.073819319743577,-0.89332547168322,2.8906787074338e-05,4.534065703864e-05
1.744,-0.081840722501897,-0.89218551584385,2.9305506664535e-05,4.5223896600166e-05
1.74425,-0.089862193528473,-0.89096862687417,2.9705368831912e-05,4.5102635319961e-05
1.7445,-0.09788306053415,-0.88967452974592,3.0106365441053e-05,4.4976792534792e-05
1.74475,-0.1059026450501,-0.88830295241873,3.0508489097176e-05,4.4846284332998e-05
1.745,-0.11392026237212,-0.88685362590065,3.0911733278794e-05,4.4711023312026e-05
1.74525,-0.12193522150421,-0.88532628431007,3.1316092488025e-05,4.4570918313073e-05
1.7455,-0.12994682510126,-0.88372066493926,3.1721562421078e-05,4.4425874130375e-05
1.74575,-0.13795436941107,-0.88203650831936,3.2128140161833e-05,4.4275791192381e-05
1.746,-0.14595714421561,-0.88027355828703,3.2535824401941e-05,4.4120565211724e-05
1.74625,-0.15395443277139,-0.87843156205275,3.2944615691358e-05,4.3960086800536e-05
1.7465,-0.16194551174921,-0.87651027027075,3.3354516723991e-05,4.3794241047218e-05
1.74675,-0.169929651173,-0.87450943711074,3.3765532663807e-05,4.3622907050328e-05
1.747,-0.17790611435792,-0.87242882033142,3.4177671517784e-05,4.3445957404677e-05
1.74725,-0.18587415784779,-0.87026818135576,3.4590944563123e-05,4.326325763417e-05
1.7475,-0.19383303135154,-0.86802728534827,3.5005366837512e-05,4.3074665565225e-05
1.74775,-0.20178197767909,-0.86570590129412,3.542095770279e-05,4.2880030633846e-05
1.748,-0.20972023267632,-0.86330380208033,3.5837741494282e-05,4.26791931186e-05
1.74825,-0.2176470251593,-0.86082076457892,3.6255748270379e-05,4.2471983290796e-05
1.7485,-0.22556157684782,-0.85825656973227,3.6675014679687e-05,4.2258220472123e-05
1.74875,-0.23346310229805,-0.85561100264055,3.7095584966441e-05,4.2037711988859e-05
1.749,-0.24135080883452,-0.85288385265145,3.7517512138984e-05,4.1810252010512e-05
1.74925,-0.24922389648138,-0.85007491345216,3.7940859331024e-05,4.1575620259422e-05
1.7495,-0.25708155789273,-0.84718398316367,3.8365701391517e-05,4.1333580576428e-05
1.74975,-0.26492297828248,-0.84421086443758,3.8792126746443e-05,4.1083879326238e-05
1.75,-0.27274733535329,-0.84115536455525,3.9220239584898e-05,4.082624362474e-05
1.75025,-0.2805537992248,-0.83801729552964,3.9650162433218e-05,4.0560379369144e-05
1.7505,-0.28834153236133,-0.83479647420966,4.0082039194869e-05,4.0285969050839e-05
1.75075,-0.29610968949863,-0.83149272238728,4.0516038751117e-05,4.0002669330286e-05
1.751,-0.30385741757013,-0.82810586690732,4.0952359239171e-05,3.9710108353618e-05
1.75125,-0.31158385563252,-0.82463573978019,4.1391233151424e-05,3.9407882792288e-05
1.7515,-0.31928813479057,-0.82108217829744,4.1832933433214e-05,3.909555459098e-05
1.75175,-0.32696937812139,-0.81744502515033,4.227778079899e-05,3.8772647416072e-05
1.752,-0.33462670059813,-0.8137241285515,4.2726152540176e-05,3.8438642809083e-05
1.75225,-0.34225920901298,-0.80991934235979,4.3178493165396e-05,3.8092976068954e-05
1.7525,-0.3498660018997,-0.80603052620825,4.3635327298947e-05,3.7735031917573e-05
1.75275,-0.35744616945552,-0.8020575456355,4.4097275371023e-05,3.7364140049813e-05
1.753,-0.36499879346263,-0.79800027222056,4.4565072769467e-05,3.6979570740358e-05
1.75325,-0.37252294720907,-0.79385858372106,4.5039593294761e-05,3.6580530786412e-05
1.7535,-0.38001769540927,-0.78963236421519,4.5521877976506e-05,3.6166160224991e-05
1.75375,-0.38748209412406,-0.78532150424722,4.6013170580532e-05,3.5735530501267e-05
1.754,-0.39491519068044,-0.78092590097684,4.6514961471365e-05,3.5287645117842e-05
1.75425,-0.40231602359079,-0.77644545833246,4.7029041903766e-05,3.4821444319506e-05
1.7545,-0.40968362247201,-0.77188008716837,4.7557571302293e-05,3.4335816146367e-05
1.75475,-0.41701700796418,-0.76722970542609,4.8103160637808e-05,3.3829617341816e-05
1.755,-0.42431519164912,-0.76249423829989,4.8668975581943e-05,3.3301709309166e-05
1.75525,-0.43157717596881,-0.75767361840657,4.925886360995e-05,3.2751016830886e-05
1.7555,-0.4388019541435,-0.75276778595975,4.9877509404239e-05,3.2176620965439e-05
1.75575,-0.44598851009001,-0.74777668894855,5.0530622336508e-05,3.157790292536e-05
1.756,-0.45313581833979,-0.74270028332104,5.1225157618816e-05,3.095476347095e-05
1.75625,-0.46024284395716,-0.73753853317243,5.1969567333779e-05,3.0307953173611e-05
1.7565,-0.46730854245769,-0.73229141093801,5.2774066163742e-05,2.9639563411917e-05
1.75675,-0.4743318597266,-0.7269588975913,5.365087440714e-05,2.8953745946869e-05
1.757,-0.48131173193761,-0.72154098284716,5.4614359962188e-05,2.8257747733614e-05
1.75725,-0.48824708547203,-0.71603766537021,5.5680929794012e-05,2.7563358691354e-05
1.7575,-0.49513683683824,-0.71044895298866,5.6868405821807e-05,2.6888852180404e-05
1.75775,-0.5019798925917,-0.70477486291364,5.8194450981991e-05,2.6261405669511e-05
1.758,-0.50877514925561,-0.69901542196413,5.9673407955308e-05,2.5719740063308e-05
1.75825,-0.51552149324209,-0.69317066679777,6.1310779245772e-05,2.5316191744312e-05
1.7585,-0.52221780077437,-0.68724064414752,6.3094794199995e-05,2.5116541940175e-05
1.75875,-0.5288629378096,-0.68122541106441,6.4985605071731e-05,2.5194838861727e-05
1.759,-0.53545575996291,-0.67512503516655,6.69051989727e-05,2.5620021220681e-05
1.75925,-0.54199511243242,-0.66893959489443,6.873476689926e-05,2.6433244673566e-05
1.7595,-0.54847982992552,-0.66266917977274,7.0328180722333e-05,2.762115823563e-05
1.75975,-0.55490873658657,-0.65631389067895,7.1545173028159e-05,2.9098889897808e-05
1.76,-0.56128064592601,-0.64987384011852,7.2294127537128e-05,3.0718470686341e-05
1.76025,-0.56759436075114,-0.64334915250728,7.2562006683517e-05,3.2305635777992e-05
1.7605,-0.57384867309875,-0.6367399644608,7.2413368135182e-05,3.3707532488931e-05
1.76075,-0.58004236416956,-0.6300464250911,7.1961206478557e-05,3.4826181099002e-05
1.761,-0.58617420426486,-0.62326869631082,7.1329234194908e-05,3.5625378844628e-05
1.76125,-0.5922429527254,-0.61640695314496,7.0623994065167e-05,3.6117045648456e-05
1.7615,-0.59824735787271,-0.6094613840505,6.9922900873862e-05,3.6340594724997e-05
1.76175,-0.60418615695306,-0.60243219124381,6.9274475188017e-05,3.6345344882277e-05
1.762,-0.61005807608427,-0.59531959103637,6.8704381177884e-05,3.6179440426693e-05
1.76225,-0.61586183020549,-0.58812381417865,6.8222577112002e-05,3.5884553154839e-05
1.7625,-0.62159612303038,-0.58084510621245,6.7829344245056e-05,3.5494333487383e-05
1.76275,-0.62725964700356,-0.57348372783198,6.751961557564e-05,3.5034806523586e-05
1.763,-0.63285108326089,-0.56603995525367,6.7285786248328e-05,3.4525544656247e-05
1.76325,-0.63836910159369,-0.55851408059496,6.7119402787005e-05,3.3980993170377e-05
1.7635,-0.64381236041714,-0.55090641226233,6.7012105417308e-05,3.3411672065184e-05
1.76375,-0.6491795067431,-0.54321727534861,6.6956105425653e-05,3.2825163764653e-05
1.764,-0.65446917615778,-0.53544701203979,6.6944388166285e-05,3.2226883200919e-05
1.76425,-0.65967999280436,-0.52759598203167,6.6970762496601e-05,3.1620660173117e-05
1.7645,-0.66481056937098,-0.51966456295614,6.7029829791078e-05,3.1009171819141e-05
1.76475,-0.66985950708432,-0.51165315081777,6.7116915210006e-05,3.0394260349269e-05
1.765,-0.67482539570929,-0.50356216044047,6.7227985188718e-05,2.9777165062382e-05
1.76525,-0.67970681355486,-0.49539202592459,6.7359563969067e-05,2.9158691231492e-05
1.7655,-0.68450232748673,-0.48714320111462,6.750865553161e-05,2.8539332868134e-05
1.76575,-0.68921049294693,-0.47881616007759,6.7672673642733e-05,2.7919361932622e-05
1.766,-0.69382985398086,-0.47041139759248,6.7849380749875e-05,2.729889317338e-05
1.76625,-0.69835894327223,-0.46192942965061,6.8036835439446e-05,2.6677931265921e-05
1.7665,-0.70279628218618,-0.45337079396732,6.8233347698643e-05,2.6056405083746e-05
1.76675,-0.70714038082109,-0.44473605050512,6.8437441049319e-05,2.5434192599766e-05
1.767,-0.71138973806951,-0.4360257820083,6.864782060746e-05,2.4811138953252e-05
1.76725,-0.71554284168873,-0.42724059454932,6.8863346184987e-05,2.4187069522425e-05
1.7675,-0.71959816838138,-0.41838111808706,6.9083009646553e-05,2.3561799341358e-05
1.76775,-0.72355418388664,-0.40944800703709,6.9305915838555e-05,2.2935139837632e-05
1.768,-0.72740934308256,-0.40044194085397,6.9531266508347e-05,2.2306903604928e-05
1.76825,-0.73116209010002,-0.39136362462598,6.9758346723012e-05,2.1676907734282e-05
1.7685,-0.73481085844893,-0.38221378968207,6.9986513376986e-05,2.1044976089051e-05
1.76875,-0.73835407115721,-0.37299319421146,7.0215185446203e-05,2.041094080734e-05
1.769,-0.74179014092317,-0.36370262389565,7.0443835704203e-05,1.9774643241345e-05
1.76925,-0.74511747028194,-0.35434289255325,7.067198366387e-05,1.9135934488523e-05
1.7695,-0.74833445178657,-0.34491484279754,7.0899189548607e-05,1.8494675629184e-05
1.76975,-0.75143946820447,-0.33541934670676,7.1125049129962e-05,1.7850737755374e-05
1.77,-0.75443089272994,-0.3258573065074,7.1349189296178e-05,1.7204001853819e-05
1.77025,-0.7573070892134,-0.31622965527033,7.1571264238808e-05,1.6554358589299e-05
1.7705,-0.76006641240817,-0.30653735761985,7.1790952163236e-05,1.5901708022621e-05
1.77075,-0.76270720823555,-0.29678141045571,7.2007952444415e-05,1.5245959288266e-05
1.771,-0.76522781406888,-0.28696284368804,7.2221983161898e-05,1.4587030249955e-05
1.77125,-0.76762655903755,-0.27708272098514,7.2432778958842e-05,1.392484714736e-05
1.7715,-0.76990176435178,-0.26714214053412,7.2640089178411e-05,1.3259344243371e-05
1.77175,-0.77205174364884,-0.25714223581435,7.2843676238323e-05,1.2590463478517e-05
1.772,-0.77407480336195,-0.24708417638338,7.3043314210344e-05,1.1918154137039e-05
1.77225,-0.77596924311248,-0.23696916867564,7.3238787576608e-05,1.1242372527584e-05
1.7725,-0.77773335612655,-0.22679845681327,7.3429890138864e-05,1.0563081680295e-05
1.77275,-0.77936542967693,-0.21657332342927,7.3616424060309e-05,9.8802510612874e-06
1.773,-0.7808637455514,-0.20629509050257,7.3798199022658e-05,9.1938563048411e-06
1.77325,-0.78222658054836,-0.1959651202048,7.3975031483588e-05,8.5038789632419e-06
1.7735,-0.78345220700096,-0.18558481575857,7.4146744021845e-05,7.8103062738822e-06
1.77375,-0.78453889333072,-0.17515562230671,7.4313164759048e-05,7.1131309430104e-06
1.774,-0.7854849046318,-0.16467902779241,7.4474126848801e-05,6.4123509454119e-06
1.77425,-0.7862885032871,-0.15415656384964,7.462946802496e-05,5.7079693391874e-06
1.7745,-0.78694794961722,-0.14358980670342,7.4779030202034e-05,4.9999940947693e-06
1.77475,-0.78746150256364,-0.1329803780796,7.4922659121627e-05,4.2884379373067e-06
1.775,-0.78782742040725,-0.12232994612341,7.5060204039621e-05,3.5733182015284e-06
1.77525,-0.78804396152352,-0.11164022632624,7.5191517449503e-05,2.8546566982382e-06
1.7755,-0.78810938517549,-0.10091298246022,7.5316454837823e-05,2.1324795916192e-06
1.77575,-0.78802195234605,-0.090150027519442,7.5434874468259e-05,1.4068172865435e-06
1.776,-0.78777992661064,-0.079353224667528,7.554663719124e-05,6.7770432514978e-07
1.77625,-0.78738157505185,-0.068524488190407,7.565160627642e-05,-5.4820708034451e-08
1.7765,-0.78682516921724,-0.057665784453465,7.5749647265647e-05,-7.9071527308885e-07
1.77675,-0.78610898612171,-0.046779132862238,7.5840627844341e-05,-1.5299329544404e-06
1.777,-0.7852313092959,-0.035866606825396,7.5924417729453e-05,-2.2724235339415e-06
1.77725,-0.78419042988204,-0.02493033471901,7.6000888572378e-05,-3.0181330578328e-06
1.7775,-0.78298464777856,-0.013972500850985,7.6069913875391e-05,-3.7670038980947e-06
1.77775,-0.78161227283508,-0.0029953464241412,7.6131368920349e-05,-4.5189748086797e-06
1.778,-0.78007162609909,0.0079988295031408,7.6185130708517e-05,-5.2739809770505e-06
1.77825,-0.77836104111588,0.019007669060405,7.623107791052e-05,-6.0319540714535e-06
1.7785,-0.77647886528307,0.030028754614202,7.6269090825546e-05,-6.7928222843045e-06
1.77875,-0.77442346126135,0.041059607824331,7.6299051348979e-05,-7.556510372038e-06
1.779,-0.77219320844279,0.052097688709167,7.6320842947781e-05,-8.3229396917655e-06
1.77925,-0.7697865044782,0.063140394721855,7.6334350642969e-05,-9.0920282350463e-06
1.7795,-0.76720176686501,0.074185059839234,7.6339460998621e-05,-9.8636906590522e-06
1.77975,-0.76443743459707,0.08522895366583,7.6336062116917e-05,-1.0637838315412e-05
1.78,-0.7614919698778,0.096269280554821,7.6324043638739e-05,-1.1414379276969e-05
1.78025,-0.75836385989814,0.10730317874854,7.630329674942e-05,-1.2193218362699e-05
1.7805,-0.75505161868046,0.11832771954084,7.6273714189288e-05,-1.2974257161002e-05
1.78075,-0.75155378899007,0.1293399064639,7.6235190268646e-05,-1.3757394051576e-05
1.781,-0.74786894431532,0.1403366745022,7.6187620886903e-05,-1.4542524226061e-05
1.78125,-0.74399569091762,0.1513148893366,7.6130903555571e-05,-1.5329539707645e-05
1.7815,-0.73993266995271,0.16227134662121,7.6064937424885e-05,-1.6118329369781e-05
1.78175,-0.73567855966398,0.17320277129661,7.5989623313815e-05,-1.6908778954205e-05
1.782,-0.73123207764927,0.1841058169423,7.5904863743268e-05,-1.7700771088379e-05
1.78225,-0.72659198320172,0.19497706517197,7.5810562972288e-05,-1.8494185302512e-05
1.7825,-0.72175707972588,0.20581302507519,7.5706627037085e-05,-1.9288898046311e-05
1.78275,-0.71672621722963,0.21661013270913,7.5592963792732e-05,-2.008478270555e-05
1.783,-0.71149829489277,0.22736475064419,7.5469482957394e-05,-2.0881709618625e-05
1.78325,-0.70607226371262,0.23807316756776,7.5336096158937e-05,-2.1679546093184e-05
1.7835,-0.70044712922726,0.2487315979499,7.519271698382e-05,-2.2478156422941e-05
1.78375,-0.69462195431655,0.25933618177576,7.5039261028136e-05,-2.32774019048e-05
1.784,-0.68859586208118,0.2698829843488,7.4875645950697e-05,-2.4077140856369e-05
1.78425,-0.68236803879964,0.28036799616974,7.4701791528085e-05,-2.487722863398e-05
1.7845,-0.67593773696286,0.290787132896,7.4517619711548e-05,-2.5677517651293e-05
1.78475,-0.66930427838626,0.30113623538647,7.4323054685683e-05,-2.6477857398585e-05
1.785,-0.66246705739855,0.31141106983682,7.4118022928803e-05,-2.727809446281e-05
1.78525,-0.65542554410633,0.32160732801068,7.3902453274926e-05,-2.8078072548511e-05
1.7855,-0.64817928773366,0.33172062757191,7.3676276977307e-05,-2.8877632499667e-05
1.78575,-0.64072792003511,0.34174651252367,7.3439427773449e-05,-2.9676612322562e-05
1.786,-0.63307115878082,0.35168045375989,7.3191841951524e-05,-3.0474847209738e-05
1.78625,-0.62520881131167,0.36151784973493,7.2933458418138e-05,-3.127216956513e-05
1.7865,-0.61714077816248,0.37125402725747,7.2664218767392e-05,-3.2068409030441e-05
1.78675,-0.60886705675067,0.38088424241442,7.2384067351166e-05,-3.2863392512827e-05
1.787,-0.60038774512775,0.39040368163129,7.209295135058e-05,-3.3656944213982e-05
1.78725,-0.59170304579029,0.39980746287498,7.1790820848567e-05,-3.4448885660676e-05
1.7875,-0.58281326954715,0.40909063700535,7.1477628903514e-05,-3.5239035736819e-05
1.78775,-0.57371883943879,0.41824818928209,7.1153331623909e-05,-3.6027210717132e-05
1.788,-0.56442029470466,0.42727504103293,7.0817888243952e-05,-3.6813224302464e-05
1.78825,-0.55491829479378,0.43616605148995,7.0471261200056e-05,-3.7596887656855e-05
1.7885,-0.5452136234134,0.44491601980029,7.0113416208217e-05,-3.837800944639e-05
1.78875,-0.53530719261046,0.45351968721751,6.974432234217e-05,-3.9156395879906e-05
1.789,-0.52520004687927,0.46197173948025,6.9363952112303e-05,-3.993185075164e-05
1.78925,-0.51489336728956,0.47026680938432,6.8972281545257e-05,-4.0704175485855e-05
1.7895,-0.50438847562736,0.47839947955442,6.8569290264173e-05,-4.1473169183525e-05
1.78975,-0.49368683854145,0.48636428542179,6.815496156952e-05,-4.2238628671138e-05
1.79,-0.48279007168744,0.49415571841345,6.7729282520466e-05,-4.3000348551677e-05
1.79025,-0.47169994386075,0.50176822935912,6.7292244016708e-05,-4.3758121257848e-05
1.7905,-0.46041838110946,0.5091962321212,6.6843840880737e-05,-4.4511737107615e-05
1.79075,-0.44894747081754,0.51643410745313,6.6384071940447e-05,-4.52609843621e-05
1.791,-0.43728946574813,0.5234762070913,6.5912940112059e-05,-4.6005649285915e-05
1.79125,-0.42544678803609,0.53031685808508,6.5430452483267e-05,-4.6745516209993e-05
1.7915,-0.41342203311886,0.53695036736945,6.4936620396568e-05,-4.7480367596963e-05
1.79175,-0.40121797359326,0.54337102658406,6.4431459532691e-05,-4.8209984109153e-05
1.792,-0.38883756298637,0.54957311714223,6.3914989994077e-05,-4.8934144679261e-05
1.79225,-0.37628393942719,0.55555091555304,6.3387236388312e-05,-4.9652626583769e-05
1.7925,-0.36356042920563,0.56129869899868,6.2848227911471e-05,-5.0365205519158e-05
1.79275,-0.35067055020504,0.56681075116918,6.2297998431277e-05,-5.1071655680972e-05
1.793,-0.33761801519343,0.57208136835557,6.1736586570001e-05,-5.1771749845815e-05
1.79325,-0.3244067349587,0.57710486580206,6.1164035787031e-05,-5.2465259456311e-05
1.7935,-0.31104082127204,0.58187558431698,6.0580394461014e-05,-5.3151954709113e-05
1.79375,-0.29752458966385,0.58638789714151,5.9985715971491e-05,-5.3831604645997e-05
1.794,-0.28386256199577,0.59063621707428,5.9380058779936e-05,-5.4503977248112e-05
1.79425,-0.27005946881195,0.59461500384907,5.8763486510102e-05,-5.5168839533435e-05
1.7945,-0.2561202514527,0.59831877176198,5.8136068027576e-05,-5.5825957657492e-05
1.79475,-0.24205006391315,0.60174209754325,5.7497877518445e-05,-5.6475097017387e-05
1.795,-0.22785427442922,0.60487962846803,5.6848994566973e-05,-5.7116022359211e-05
1.79525,-0.21353846677321,0.60772609069918,5.6189504232158e-05,-5.7748497888864e-05
1.7955,-0.19910844124126,0.61027629785423,5.5519497123099e-05,-5.837228738635e-05
1.79575,-0.18457021531438,0.61252515978717,5.4839069473004e-05,-5.8987154323587e-05
1.796,-0.16993002397561,0.61446769157468,5.4148323211762e-05,-5.9592861985785e-05
1.79625,-0.15519431966504,0.61609902269533,5.3447366036926e-05,-6.0189173596427e-05
1.7965,-0.14036977185513,0.61741440638847,5.273631148299e-05,-6.07758524459e-05
1.79675,-0.12546326622918,0.61840922917884,5.201527898882e-05,-6.1352662023815e-05
1.797,-0.11048190344539,0.6190790205511,5.1284393963098e-05,-6.1919366155046e-05
1.79725,-0.095432997470394,0.61941946275738,5.0543787847646e-05,-6.2475729139526e-05
1.7975,-0.080324073465716,0.6194264007395,4.9793598178458e-05,-6.302151589583e-05
1.79775,-0.065162865211942,0.61909585214611,4.903396864431e-05,-6.3556492108559e-05
1.798,-0.049957312055945,0.61842401742375,4.8265049142775e-05,-6.4080424379565e-05
1.79825,-0.034715555367072,0.61740728995925,4.7486995833483e-05,-6.4593080383013e-05
1.7985,-0.019445934489547,0.6160422662499,4.6699971188447e-05,-6.5094229024313e-05
1.79875,-0.0041569821793874,0.61432575607601,4.5904144039306e-05,-6.5583640602906e-05
1.799,0.011142580485031,0.61225479264981,4.5099689621266e-05,-6.606108697893e-05
1.79925,0.026443849727924,0.60982664271277,4.428678961359e-05,-6.6526341743741e-05
1.7995,0.041737745244325,0.6070388165529,4.3465632176436e-05,-6.6979180394288e-05
1.79975,0.057015016918258,0.60388907791181,4.2636411983825e-05,-6.741938051133e-05
1.8,0.072266252095133,0.60037545375095,4.1799330252589e-05,-6.7846721941453e-05
1.80025,0.087481883411647,0.59649624384494,4.0954594767036e-05,-6.8260986982877e-05
1.8005,0.1026521971841,0.59225003016941,4.0102419899169e-05,-6.8661960574997e-05
1.80075,0.11776734235407,0.5876356860499,3.9243026624225e-05,-6.9049430491617e-05
1.801,0.13281733998887,0.58265238503776,3.8376642531313e-05,-6.9423187537816e-05
1.80125,0.14779209333119,0.57729960947854,3.7503501828943e-05,-6.9783025750383e-05
1.8015,0.16268139839095,0.57157715873796,3.6623845345202e-05,-7.0128742601749e-05
1.80175,0.17747495506955,0.56548515705035,3.5737920522367e-05,-7.0460139207308e-05
1.802,0.19216237880439,0.55902406095453,3.4845981405706e-05,-7.0777020536066e-05
1.80225,0.20673321271946,0.55219466628199,3.3948288626244e-05,-7.1079195624466e-05
1.8025,0.22117694026495,0.54499811466269,3.3045109377239e-05,-7.136647779331e-05
1.80275,0.23548299832644,0.53743589951438,3.2136717384153e-05,-7.163868486761e-05
1.803,0.24964079078197,0.52950987148164,3.1223392867853e-05,-7.1895639399244e-05
1.80325,0.26363970248255,0.52122224329206,3.0305422500809e-05,-7.2137168892252e-05
1.8035,0.27746911362912,0.5125755939979,2.9383099356053e-05,-7.2363106030593e-05
1.80375,0.29111841451706,0.50357287257267,2.8456722848636e-05,-7.2573288908182e-05
1.804,0.30457702061607,0.49421740083377,2.7526598669366e-05,-7.2767561261009e-05
1.80425,0.31783438795186,0.48451287566375,2.659303871057e-05,-7.2945772701106e-05
1.8045,0.33088002875328,0.47446337050471,2.5656360983636e-05,-7.3107778952153e-05
1.80475,0.34370352732623,0.46407333610234,2.4716889528125e-05,-7.3253442086454e-05
1.805,0.35629455611456,0.45334760047828,2.377495431219e-05,-7.338263076303e-05
1.80525,0.36864289190496,0.44229136811196,2.2830891124103e-05,-7.3495220466544e-05
1.8055,0.38073843213244,0.43091021831552,2.1885041454653e-05,-7.359109374676e-05
1.80575,0.39257121124048,0.41921010278823,2.0937752370194e-05,-7.367014045822e-05
1.806,0.40413141704886,0.40719734233971,1.9989376376168e-05,-7.3732257999811e-05
1.80625,0.41540940708129,0.39487862277406,1.9040271270865e-05,-7.3777351553865e-05
1.8065,0.42639572480351,0.38226098993047,1.8090799989258e-05,-7.3805334324433e-05
1.80675,0.43708111572192,0.36935184387882,1.7141330436736e-05,-7.381612777434e-05
1.807,0.44745654329273,0.35615893227218,1.6192235312553e-05,-7.3809661860627e-05
1.80725,0.4575132045905,0.34269034286159,1.5243891922863e-05,-7.3785875267955e-05
1.8075,0.46724254568583,0.32895449518189,1.4296681983189e-05,-7.3744715639536e-05
1.80775,0.47663627668157,0.31496013142062,1.335099141021e-05,-7.3686139805142e-05
1.808,0.4856863863577,0.30071630648594,1.2407210102778e-05,-7.3610114005713e-05
1.80825,0.4943851563757,0.28623237729251,1.1465731712049e-05,-7.3516614114089e-05
1.8085,0.50272517499451,0.2715179912878,1.0526953400699e-05,-7.3405625851356e-05
1.80875,0.51069935025103,0.25658307424495,9.5912755911593e-06,-7.3277144998294e-05
1.809,0.51830092256018,0.24143781735101,8.6591017028577e-06,-7.3131177601401e-05
1.80925,0.52552347669095,0.22609266362316,7.7308378784764e-06,-7.2967740172938e-05
1.8095,0.53236095307721,0.21055829368793,6.8068926992456e-06,-7.278685988445e-05
1.80975,0.53880765842427,0.19484561096186,5.8876768893337e-06,-7.2588574753191e-05
1.81,0.54485827557454,0.1789657262744,4.9736030094275e-06,-7.2372933820875e-05
1.81025,0.55050787259862,0.16292994197645,4.0650851396012e-06,-7.2139997324173e-05
1.8105,0.55575191108108,0.14674973558027,3.162538551627e-06,-7.188983685635e-05
1.81075,0.56058625357288,0.13043674297879,2.2663793709115e-06,-7.1622535519457e-05
1.811,0.56500717018629,0.11400274129354,1.3770242282468e-06,-7.1338188066461e-05
1.81125,0.569011344311,0.097459631403039,4.9488990164548e-07,-7.1036901032717e-05
1.8115,0.57259587743388,0.080819420203755,-3.7960705148486e-07,-7.0718792856166e-05
1.81175,0.57575829304854,0.064094202657526,-1.2460506715025e-06,-7.0383993985655e-05
1.812,0.57849653964424,0.04729614368001,-2.1040259826726e-06,-7.0032646976783e-05
1.81225,0.58080899276765,0.030437459924856,-2.9531193879126e-06,-6.9664906574661e-05
1.8125,0.58269445615461,0.01353040151892,-3.7929190717111e-06,-6.9280939783008e-05
1.81275,0.58415216193278,-0.0034127661962234,-4.6230154107471e-06,-6.8880925918997e-05
1.813,0.58518176989978,-0.020379780862073,-5.4430013917272e-06,-6.8465056653284e-05
1.81325,0.58578336588515,-0.037358401185703,-6.2524730358772e-06,-6.8033536034667e-05
1.8135,0.5859574592078,-0.054336424854112,-7.0510298295278e-06,-6.7586580498838e-05
1.81375,0.58570497924457,-0.071301706228208,-7.838275160168e-06,-6.7124418860713e-05
1.814,0.58502727112836,-0.088242173765597,-8.6138167573059e-06,-6.6647292289848e-05
1.81425,0.58392609059793,-0.10514584712348,-9.3772671374559e-06,-6.6155454268476e-05
1.8145,0.58240359802431,-0.12200085389437,-1.0128244052517e-05,-6.564917053171e-05
1.81475,0.58046235164187,-0.13879544592946,-1.0866370940768e-05,-6.5128718989532e-05
1.815,0.57810530001459,-0.15551801520731,-1.1591277379702e-05,-6.4594389630159e-05
1.81525,0.57533577377075,-0.17215710920708,-1.2302599539847e-05,-6.4046484404481e-05
1.8155,0.57215747664165,-0.18870144574908,-1.2999980638711e-05,-6.3485317091238e-05
1.81575,0.56857447584159,-0.20513992726756,-1.3683071393981e-05,-6.2911213142708e-05
1.816,0.56459119182901,-0.22146165448367,-1.4351530475019e-05,-6.232450951067e-05
1.81625,0.5602123874893,-0.23765593944971,-1.5005024951734e-05,-6.1725554452486e-05
1.8165,0.55544315678208,-0.25371231793865,-1.5643230739856e-05,-6.1114707317175e-05
1.81675,0.55028891289627,-0.26962056115589,-1.6265833041616e-05,-6.0492338311426e-05
1.817,0.54475537595733,-0.28537068675378,-1.6872526780826e-05,-5.9858828245515e-05
1.81725,0.5388485603319,-0.30095296913203,-1.7463017031339e-05,-5.921456825918e-05
1.8175,0.53257476157508,-0.31635794901083,-1.8037019437862e-05,-5.8559959527557e-05
1.81775,0.52594054306603,-0.33157644226616,-1.8594260628066e-05,-5.7895412947311e-05
1.818,0.51895272237755,-0.34659954802013,-1.9134478614963e-05,-5.7221348803203e-05
1.81825,0.51161835742472,-0.36141865598214,-1.9657423188495e-05,-5.6538196415354e-05
1.8185,0.50394473243754,-0.37602545303955,-2.0162856295297e-05,-5.5846393767539e-05
1.81875,0.49593934380159,-0.39041192909936,-2.0650552405592e-05,-5.5146387116937e-05
1.819,0.48760988580989,-0.4045703821854,-2.1120298866206e-05,-5.4438630585765e-05
1.81925,0.4789642363683,-0.4184934227976,-2.1571896238684e-05,-5.3723585735348e-05
1.8195,0.47001044269514,-0.43217397754323,-2.2005158621515e-05,-5.3001721123203e-05
1.81975,0.46075670705487,-0.44560529205156,-2.2419913955516e-05,-5.227351184378e-05
1.82,0.45121137256377,-0.45878093318595,-2.2816004311417e-05,-5.1539439053583e-05
1.82025,0.44138290910418,-0.47169479056971,-2.3193286158763e-05,-5.0799989481433e-05
1.8205,0.431279899382,-0.4843410774433,-2.3551630615243e-05,-5.0055654924703e-05
1.82075,0.42091102516048,-0.49671433087294,-2.3890923675632e-05,-4.9306931732403e-05
1.821,0.41028505370119,-0.50880941133167,-2.4211066419555e-05,-4.8554320276071e-05
1.82125,0.39941082444158,-0.52062150167563,-2.4511975197344e-05,-4.7798324409441e-05
1.8215,0.38829723593596,-0.53214610553948,-2.4793581793288e-05,-4.703945091794e-05
1.82175,0.37695323308509,-0.54337904517609,-2.5055833565672e-05,-4.6278208959094e-05
1.822,0.3653877946776,-0.55431645876616,-2.5298693563015e-05,-4.5515109494979e-05
1.82225,0.35360992126394,-0.56495479722477,-2.5522140616004e-05,-4.4750664717874e-05
1.8225,0.34162862338199,-0.57529082053204,-2.5726169404699e-05,-4.3985387470325e-05
1.82275,0.32945291015129,-0.5853215936155,-2.5910790500609e-05,-4.3219790660866e-05
1.823,0.31709177825052,-0.59504448181253,-2.6076030383357e-05,-4.2454386676627e-05
1.82325,0.30455420129153,-0.60445714594079,-2.6221931431686e-05,-4.1689686794148e-05
1.8235,0.29184911960053,-0.61355753700513,-2.6348551888666e-05,-4.0926200589685e-05
1.82375,0.27898543041583,-0.62234389056915,-2.6455965801005e-05,-4.0164435350309e-05
1.824,0.26597197850929,-0.63081472081916,-2.6544262932467e-05,-3.9404895487156e-05
1.82425,0.25281754723706,-0.6389688143486,-2.6613548651464e-05,-3.864808195211e-05
1.8245,0.23953085002344,-0.64680522368974,-2.6663943792978e-05,-3.7894491659286e-05
1.82475,0.22612052228016,-0.65432326061982,-2.6695584495037e-05,-3.7144616912592e-05
1.825,0.21259511376166,-0.66152248926757,-2.6708622010049e-05,-3.6398944840701e-05
1.82525,0.19896308135587,-0.6684027190456,-2.6703222491374e-05,-3.5657956840705e-05
1.8255,0.18523278230817,-0.67496399743354,-2.6679566755597e-05,-3.4922128031723e-05
1.82575,0.17141246787525,-0.68120660263591,-2.6637850021027e-05,-3.419192671969e-05
1.826,0.15751027740439,-0.68713103613771,-2.6578281623022e-05,-3.3467813874548e-05
1.82625,0.14353423283243,-0.69273801518017,-2.6501084706819e-05,-3.2750242620988e-05
1.8265,0.1294922335976,-0.69802846517782,-2.6406495898607e-05,-3.2039657743875e-05
1.82675,0.11539205195708,-0.70300351209735,-2.6294764955637e-05,-3.1336495209453e-05
1.827,0.10124132870125,-0.70766447481761,-2.6166154396249e-05,-3.0641181703323e-05
1.82725,0.087047569255944,-0.71201285748908,-2.6020939110722e-05,-2.9954134186215e-05
1.8275,0.072818140162574,-0.71605034191036,-2.5859405953939e-05,-2.9275759468432e-05
1.82775,0.058560265925661,-0.71977877993788,-2.5681853320874e-05,-2.860645380385e-05
1.828,0.044281026217029,-0.72320018594423,-2.5488590705991e-05,-2.7946602504262e-05
1.82825,0.029987353424884,-0.72631672933959,-2.5279938247654e-05,-2.7296579574784e-05
1.8285,0.015686030536363,-0.72913072716938,-2.5056226258696e-05,-2.6656747371004e-05
1.82875,0.0013836893411681,-0.73164463680079,-2.4817794744344e-05,-2.6027456278432e-05
1.829,-0.012913191055955,-0.73386104870929,-2.4564992908681e-05,-2.5409044414799e-05
1.82925,-0.027198285426254,-0.73578267937583,-2.4298178650902e-05,-2.4801837355628e-05
1.8295,-0.04146542332441,-0.7374123643041,-2.4017718052584e-05,-2.4206147883454e-05
1.82975,-0.055708589724939,-0.73875305116653,-2.3723984857249e-05,-2.3622275760975e-05
1.83,-0.069921925400175,-0.73980779308685,-2.341735994348e-05,-2.3050507528379e-05
1.83025,-0.08409972705272,-0.74057974206598,-2.3098230792847e-05,-2.2491116324959e-05
1.8305,-0.098236447214875,-0.74107214255756,-2.2766990953922e-05,-2.194436173511e-05
1.83075,-0.1123266939274,-0.74128832519825,-2.2424039503639e-05,-2.1410489658694e-05
1.831,-0.12636523021026,-0.74123170069751,-2.206978050723e-05,-2.0889732205697e-05
1.83125,-0.1403469733372,-0.74090575389076,-2.1704622477985e-05,-2.0382307615045e-05
1.8315,-0.15426699392625,-0.740314037959,-2.1328977838037e-05,-1.9888420197339e-05
1.83175,-0.16812051485799,-0.73946016881757,-2.0943262381343e-05,-1.940826030126e-05
1.832,-0.18190291003261,-0.73834781967597,-2.0547894740038e-05,-1.8942004303273e-05
1.83225,-0.19560970297753,-0.73698071577008,-2.0143295855261e-05,-1.848981462024e-05
1.8325,-0.20923656531578,-0.73536262926776,-1.9729888453557e-05,-1.805183974447e-05
1.83275,-0.22277931510628,-0.73349737434806,-1.9308096529879e-05,-1.7628214300684e-05
1.833,-0.23623391506586,-0.73138880245396,-1.8878344838217e-05,-1.7219059124335e-05
1.83325,-0.24959647068297,-0.72904079771815,-1.8441058390798e-05,-1.6824481360648e-05
1.8335,-0.26286322823272,-0.72645727256087,-1.7996661966767e-05,-1.644457458372e-05
1.83375,-0.27603057270244,-0.72364216345844,-1.7545579631216e-05,-1.6079418934972e-05
1.834,-0.28909502563629,-0.72059942688091,-1.7088234265374e-05,-1.5729081280216e-05
1.83425,-0.30205324290775,-0.71733303539685,-1.6625047108708e-05,-1.5393615384535e-05
1.8345,-0.31490201242797,-0.71384697394289,-1.6156437313634e-05,-1.5073062104199e-05
1.83475,-0.3276382517975,-0.71014523625575,-1.5682821513509e-05,-1.4767449594747e-05
1.835,-0.34025900590918,-0.70623182146381,-1.5204613404462e-05,-1.4476793534406e-05
1.83525,-0.35276144450877,-0.70211073083542,-1.4722223341636e-05,-1.4201097361954e-05
1.8355,-0.3651428597204,-0.69778596468071,-1.4236057950295e-05,-1.3940352528132e-05
1.83575,-0.37740066354292,-0.69326151940373,-1.3746519752229e-05,-1.3694538759718e-05
1.836,-0.38953238532313,-0.68854138470143,-1.3254006807834e-05,-1.3463624335342e-05
1.83625,-0.40153566921175,-0.68362954090603,-1.2758912374163e-05,-1.3247566372117e-05
1.8365,-0.41340827160721,-0.67852995646702,-1.2261624579226e-05,-1.3046311122201e-05
1.83675,-0.42514805859239,-0.67324658556919,-1.1762526112726e-05,-1.2859794278334e-05
1.837,-0.43675300336912,-0.66778336588286,-1.1261993933401e-05,-1.268794128749e-05
1.83725,-0.44822118369454,-0.66214421644254,-1.0760398993067e-05,-1.25306676717e-05
1.8375,-0.45955077932371,-0.65633303565004,-1.0258105977416e-05,-1.2387879355197e-05
1.83775,-0.4707400694623,-0.65035369939827,-9.7554730635791e-06,-1.2259472996977e-05
1.838,-0.48178743023259,-0.64421005931179,-9.252851694415e-06,-1.2145336327947e-05
1.83825,-0.49269133215647,-0.63790594110028,-8.7505863694385e-06,-1.2045348491802e-05
1.8385,-0.50345033765834,-0.63144514302084,-8.2490144522693e-06,-1.195938038882e-05
1.83875,-0.51406309859054,-0.62483143444565,-7.7484659944386e-06,-1.1887295021788e-05
1.839,-0.52452835378424,-0.61806855453078,-7.2492635753468e-06,-1.1828947843275e-05
1.83925,-0.53484492662774,-0.61116021098262,-6.7517221581465e-06,-1.1784187103519e-05
1.8395,-0.54501172267467,-0.6041100789181,-6.2561489612743e-06,-1.1752854198206e-05
1.83975,-0.55502772728384,-0.59692179981503,-5.7628433453378e-06,-1.173478401546e-05
1.84,-0.56489200329245,-0.58959898054894,-5.2720967150344e-06,-1.1729805281371e-05
1.84025,-0.57460368872449,-0.58214519251288,-4.7841924357413e-06,-1.1737740903456e-05
1.8405,-0.5841619945353,-0.57456397081664,-4.2994057644139e-06,-1.1758408311433e-05
1.84075,-0.59356620239396,-0.56685881356202,-3.818003794386e-06,-1.1791619794758e-05
1.841,-0.60281566250433,-0.5590331811908,-3.3402454136617e-06,-1.1837182836389e-05
1.84125,-0.61190979146566,-0.5510904959021,-2.8663812762714e-06,-1.1894900442271e-05
1.8415,-0.62084807017366,-0.54303414113602,-2.3966537862387e-06,-1.1964571466088e-05
1.84175,-0.62963004176278,-0.53486746112034,-1.9312970937055e-06,-1.204599092882e-05
1.842,-0.63825530958992,-0.52659376047743,-1.4705371027494e-06,-1.2138950332735e-05
1.84225,-0.64672353526035,-0.51821630388825,-1.0145914904111e-06,-1.2243237969407e-05
1.8425,-0.65503443669599,-0.50973831581076,-5.6366973645305e-07,-1.2358639221458e-05
1.84275,-0.66318778624622,-0.50116298024982,-1.1797316336687e-07,-1.2484936857677e-05
1.843,-0.67118340884152,-0.49249344057604,3.2230501387108e-07,-1.2621911321262e-05
1.84325,-0.67902118018981,-0.48373279939094,7.5697962877309e-07,-1.2769341010919e-05
1.8435,-0.68670102501558,-0.47488411843584,1.1858734955435e-06,-1.2927002554616e-05
1.84375,-0.69422291534164,-0.46595041854222,1.6088173329954e-06,-1.3094671075769e-05
1.844,-0.70158686881326,-0.45693467962108,2.0256496806627e-06,-1.3272120451723e-05
1.84425,-0.70879294706463,-0.44783984068906,2.4362168075953e-06,-1.3459123564367e-05
1.8445,-0.71584125412709,-0.43866879992934,2.8403726143027e-06,-1.3655452542785e-05
1.84475,-0.722731934879,-0.42942441478492,3.2379785283211e-06,-1.386087899783e-05
1.845,-0.72946517353678,-0.42010950208249,3.6289033938599e-06,-1.4075174248581e-05
1.84525,-0.73604119218657,-0.410726838185,4.0130233559757e-06,-1.429810954061e-05
1.8455,-0.74246024935612,-0.40127915917094,4.3902217397204e-06,-1.4529456256054e-05
1.84575,-0.74872263862652,-0.39176916103851,4.7603889246915e-06,-1.4768986115477e-05
1.846,-0.75482868728283,-0.3821994999333,5.1234222153995e-06,-1.5016471371541e-05
1.84625,-0.7607787550035,-0.37257279239743,5.4792257078696e-06,-1.5271684994511e-05
1.8465,-0.76657323258762,-0.36289161563892,5.8277101528629e-06,-1.5534400849656e-05
1.84675,-0.77221254071951,-0.35315850781964,6.1687928161081e-06,-1.5804393866587e-05
1.847,-0.77769712877005,-0.34337596836039,6.5023973359111e-06,-1.6081440200638e-05
1.84725,-0.7830274736339,-0.33354645826198,6.8284535784945e-06,-1.6365317386361e-05
1.8475,-0.78820407860223,-0.32367240044062,7.1468974914207e-06,-1.6655804483245e-05
1.84775,-0.79322747226988,-0.3137561800768,7.4576709554161e-06,-1.6952682213776e-05
1.848,-0.79809820747665,-0.30380014497626,7.7607216349224e-06,-1.7255733093969e-05
1.84825,-0.8028168602817,-0.29380660594183,8.0560028276718e-06,-1.7564741556499e-05
1.8485,-0.80738402897052,-0.28377783715541,8.3434733135732e-06,-1.7879494066571e-05
1.84875,-0.8118003330937,-0.27371607656876,8.6230972031891e-06,-1.8199779230699e-05
1.849,-0.81606641253675,-0.26362352630225,8.89484378606e-06,-1.852538789854e-05
1.84925,-0.82018292662034,-0.25350235305074,9.1586873791226e-06,-1.8856113257936e-05
1.8495,-0.82415055323011,-0.24335468849562,9.4146071754593e-06,-1.9191750923364e-05
1.84975,-0.82796998797548,-0.23318262972218,9.6625870935977e-06,-1.953209901794e-05
1.85,-0.83164194337665,-0.22298823964172,9.9026156275653e-06,-1.9876958249165e-05
1.85025,-0.83516714807903,-0.21277354741733,1.01346856979e-05,-2.0226131978601e-05
1.8505,-0.83854634609463,-0.20254054889306,1.0358794503792e-05,-2.0579426285645e-05
1.85075,-0.84178029606936,-0.19229120702553,1.0574943376531e-05,-2.0936650025602e-05
1.851,-0.84486977057594,-0.18202745231739,1.0783137634419e-05,-2.1297614882228e-05
1.85125,-0.84781555543136,-0.1717511832523,1.0983386439293e-05,-2.1662135414945e-05
1.8515,-0.85061844903854,-0.16146426673052,1.1175702654785e-05,-2.2030029100899e-05
1.85175,-0.8532792617513,-0.15116853850492,1.1360102706466e-05,-2.2401116372065e-05
1.852,-0.85579881526209,-0.14086580361678,1.1536606443963e-05,-2.2775220647567e-05
1.85225,-0.85817794201181,-0.13055783683091,1.170523700517e-05,-2.3152168361414e-05
1.8525,-0.86041748462112,-0.12024638306974,1.1866020682641e-05,-2.3531788985822e-05
1.85275,-0.86251829534251,-0.10993315784599,1.2018986792249e-05,-2.3913915050313e-05
1.853,-0.86448123553268,-0.099619847693483,1.2164167544197e-05,-2.4298382156766e-05
1.85325,-0.86630717514447,-0.089308110595863,1.2301597916428e-05,-2.4685028990594e-05
1.8535,-0.86799699223786,-0.0789995764128,1.2431315530517e-05,-2.5073697328228e-05
1.85375,-0.86955157250941,-0.068695847303423,1.255336053008e-05,-2.5464232041071e-05
1.854,-0.87097180883957,-0.058398498146813,1.2667775461753e-05,-2.5856481096095e-05
1.85425,-0.8722586008574,-0.048109076959079,1.2774605158772e-05,-2.6250295553248e-05
1.8545,-0.87341285452193,-0.037829105307057,1.2873896627182e-05,-2.6645529559818e-05
1.85475,-0.87443548171995,-0.027560078718187,1.2965698934717e-05,-2.7042040341929e-05
1.855,-0.87532739987945,-0.017303467086476,1.3050063102337e-05,-2.7439688193315e-05
1.85525,-0.8760895315983,-0.0070607150744507,1.3127041998468e-05,-2.7838336461513e-05
1.8555,-0.87672280428769,0.0031667574892919,1.3196690235924e-05,-2.8237851531636e-05
1.85575,-0.87722814982987,0.013377555216797,1.3259064071534e-05,-2.8638102807855e-05
1.856,-0.87760650424961,0.023570306772104,1.3314221308453e-05,-2.9038962692732e-05
1.85625,-0.87785880739907,0.033743664487256,1.3362221201161e-05,-2.9440306564541e-05
1.8565,-0.87798600265548,0.043896303982992,1.3403124363142e-05,-2.9842012752698e-05
1.85675,-0.87798903663137,0.054026923794386,1.3436992677206e-05,-3.0243962511429e-05
1.857,-0.87786885889679,0.064134245001423,1.3463889208467e-05,-3.0646039991801e-05
1.85725,-0.8776264217131,0.074217010864515,1.3483878119926e-05,-3.1048132212218e-05
1.8575,-0.87726267977807,0.084273986465175,1.349702459065e-05,-3.1450129027518e-05
1.85775,-0.87677858998176,0.094303958351814,1.3503394736512e-05,-3.1851923096755e-05
1.858,-0.87617511117289,0.10430573419063,1.3503055533471e-05,-3.2253409849784e-05
1.85825,-0.87545320393522,0.11427814242184,1.3496074743343e-05,-3.2654487452747e-05
1.8585,-0.87461383037379,0.124220031921,1.348252084204e-05,-3.3055056772553e-05
1.85875,-0.87365795391041,0.13413027166567,1.3462462950245e-05,-3.3455021340445e-05
1.859,-0.87258653908825,0.14400775040737,1.3435970766463e-05,-3.3854287314751e-05
1.85925,-0.8714005513852,0.15385137634868,1.3403114502433e-05,-3.4252763442886e-05
1.8595,-0.8701009570355,0.16366007682579,1.336396482084e-05,-3.4650361022701e-05
1.85975,-0.86868872285965,0.17343279799612,1.3318592775303e-05,-3.5046993863257e-05
1.86,-0.86716481610189,0.18316850453135,1.3267069752572e-05,-3.5442578245076e-05
1.86025,-0.8655302042754,0.19286617931566,1.3209467416909e-05,-3.583703287998e-05
1.8605,-0.86378585501457,0.20252482314906,1.3145857656605e-05,-3.6230278870533e-05
1.86075,-0.86193273593431,0.21214345445609,1.3076312532576e-05,-3.6622239669198e-05
1.861,-0.85997181449602,0.2217211089996,1.3000904229001e-05,-3.7012841037242e-05
1.86125,-0.85790405787996,0.2312568395996,1.2919705005958e-05,-3.7402011003448e-05
1.8615,-0.85573043286389,0.24074971585727,1.2832787153999e-05,-3.7789679822696e-05
1.86175,-0.85345190570758,0.2501988238841,1.2740222950633e-05,-3.8175779934469e-05
1.862,-0.85106944204307,0.2596032660358,1.2642084618652e-05,-3.8560245921315e-05
1.86225,-0.84858400677042,0.26896216065148,1.2538444286272e-05,-3.8943014467324e-05
1.8625,-0.84599656395874,0.27827464179745,1.2429373949025e-05,-3.9324024316663e-05
1.86275,-0.84330807675229,0.28753985901612,1.2314945433367e-05,-3.9703216232206e-05
1.863,-0.84051950728141,0.29675697707962,1.2195230361949e-05,-4.0080532954298e-05
1.86325,-0.83763181657813,0.30592517574808,1.207030012051e-05,-4.0455919159686e-05
1.8635,-0.83464596449633,0.31504364953288,1.1940225826342e-05,-4.0829321420659e-05
1.86375,-0.83156290963605,0.32411160746421,1.1805078298284e-05,-4.1200688164418e-05
1.864,-0.82838360927206,0.33312827286351,1.1664928028197e-05,-4.1569969632714e-05
1.86425,-0.8251090192863,0.3420928831203,1.1519845153884e-05,-4.1937117841776e-05
1.8645,-0.82174009410409,0.35100468947347,1.13698994334e-05,-4.2302086542554e-05
1.86475,-0.81827778663404,0.35986295679704,1.1215160220723e-05,-4.2664831181301e-05
1.865,-0.81472304821129,0.36866696339023,1.1055696442722e-05,-4.3025308860528e-05
1.86525,-0.81107682854426,0.37741600077182,1.0891576577411e-05,-4.3383478300322e-05
1.8655,-0.80734007566439,0.38610937347872,1.0722868633416e-05,-4.3739299800078e-05
1.86575,-0.80351373587898,0.39474639886873,1.0549640130641e-05,-4.4092735200644e-05
1.866,-0.79959875372702,0.40332640692733,1.0371958082077e-05,-4.4443747846895e-05
1.86625,-0.79559607193767,0.41184874007861,1.018988897672e-05,-4.4792302550757e-05
1.8665,-0.79150663139141,0.42031275299998,1.0003498763562e-05,-4.5138365554681e-05
1.86675,-0.78733137108382,0.42871781244099,9.8128528366241e-06,-4.5481904495602e-05
1.867,-0.78307122809161,0.43706329704582,9.6180160209724e-06,-4.5822888369355e-05
1.86725,-0.77872713754111,0.44534859717962,9.4190525597132e-06,-4.61612874956e-05
1.8675,-0.77430003257884,0.45357311475857,9.2160261019067e-06,-4.6497073483231e-05
1.86775,-0.76979084434422,0.46173626308347,9.0089996913793e-06,-4.6830219196286e-05
1.868,-0.76520050194428,0.46983746667706,8.7980357563964e-06,-4.7160698720374e-05
1.86825,-0.76052993243021,0.47787616112474,8.5831961001638e-06,-4.7488487329603e-05
1.8685,-0.75578006077578,0.4858517929188,8.3645418921299e-06,-4.7813561454037e-05
1.86875,-0.7509518098574,0.49376381930597,8.142133660052e-06,-4.8135898647659e-05
1.869,-0.74604610043588,0.50161170813841,7.9160312828022e-06,-4.8455477556864e-05
1.86925,-0.74106385113967,0.50939493772783,7.686293983882e-06,-4.8772277889475e-05
1.8695,-0.73600597844959,0.51711299670292,7.4529803256171e-06,-4.9086280384276e-05
1.86975,-0.73087339668496,0.52476538386985,7.2161482040045e-06,-4.9397466781074e-05
1.87,-0.725667017991,0.53235160807586,6.975854844189e-06,-4.9705819791284e-05
1.87025,-0.72038775232753,0.53987118807593,6.7321567965364e-06,-5.0011323069033e-05
1.8705,-0.71503650745877,0.54732365240232,6.4851099332866e-06,-5.0313961182782e-05
1.87075,-0.70961418894433,0.55470853923709,6.2347694457554e-06,-5.0613719587476e-05
1.871,-0.70412170013118,0.56202539628743,5.9811898420646e-06,-5.0910584597199e-05
1.87125,-0.69855994214663,0.56927378066374,5.7244249453783e-06,-5.1204543358343e-05
1.8715,-0.69292981389225,0.57645325876055,5.4645278926204e-06,-5.1495583823288e-05
1.87175,-0.6872322120386,0.58356340613998,5.2015511336552e-06,-5.1783694724589e-05
1.872,-0.68146803102088,0.5906038074179,4.9355464309073e-06,-5.2068865549657e-05
1.87225,-0.67563816303522,0.59757405615272,4.6665648594024e-06,-5.2351086515938e-05
1.8725,-0.66974349803579,0.60447375473647,4.3946568072106e-06,-5.2630348546588e-05
1.87275,-0.66378492373252,0.61130251428861,4.1198719762705e-06,-5.2906643246625e-05
1.873,-0.65776332558945,0.61805995455205,3.8422593835778e-06,-5.317996287957e-05
1.87325,-0.65167958682368,0.62474570379164,3.5618673627223e-06,-5.3450300344554e-05
1.8735,-0.64553458840481,0.63135939869485,3.2787435657533e-06,-5.3717649153902e-05
1.87375,-0.63932920905494,0.63790068427485,2.9929349653585e-06,-5.3982003411176e-05
1.874,-0.63306432524904,0.64436921377569,2.7044878573426e-06,-5.4243357789672e-05
1.87425,-0.62674081121586,0.65076464857964,2.4134478633856e-06,-5.4501707511369e-05
1.8745,-0.6203595389391,0.65708665811672,2.1198599340731e-06,-5.4757048326327e-05
1.87475,-0.61392137815899,0.66333491977618,1.8237683521775e-06,-5.5009376492513e-05
1.875,-0.60742719637421,0.66950911882012,1.52521673618e-06,-5.525868875606e-05
1.87525,-0.60087785884405,0.67560894829896,1.2242480440229e-06,-5.5504982331956e-05
1.8755,-0.59427422859084,0.68163410896894,9.2090457707233e-07,-5.5748254885141e-05
1.87575,-0.58761716640264,0.68758430921141,6.1522798428841e-07,-5.5988504512013e-05
1.876,-0.58090753083609,0.69345926495405,3.0725926658357e-07,-5.6225729722348e-05
1.87625,-0.57414617821945,0.69925869959384,-2.9612186388184e-09,-5.6459929421601e-05
1.8765,-0.56733396265579,0.70498234392174,-3.1539375277397e-07,-5.6691102893604e-05
1.87675,-0.56047173602634,0.71062993604918,-6.2999925114842e-07,-5.6919249783643e-05
1.877,-0.55356034799388,0.71620122133621,-9.4673925800354e-07,-5.7144370081908e-05
1.87725,-0.54660064600628,0.72169595232116,-1.2655759413362e-06,-5.7366464107311e-05
1.8775,-0.53959347530003,0.72711388865208,-1.5864720876129e-06,-5.7585532491663e-05
1.87775,-0.53253967890389,0.73245479701957,-1.9093910963572e-06,-5.7801576164207e-05
1.878,-0.52544009764255,0.73771845109127,-2.2342969746263e-06,-5.8014596336486e-05
1.87825,-0.51829557014018,0.74290463144776,-2.5611543313813e-06,-5.8224594487567e-05
1.8785,-0.51110693282418,0.74801312551988,-2.8899283717565e-06,-5.8431572349576e-05
1.87875,-0.50387501992874,0.75304372752756,-3.2205848912411e-06,-5.8635531893576e-05
1.879,-0.49660066349839,0.75799623841991,-3.5530902697727e-06,-5.8836475315749e-05
1.87925,-0.48928469339156,0.76287046581675,-3.8874114657561e-06,-5.9034405023892e-05
1.8795,-0.48192793728399,0.76766622395141,-4.2235160100097e-06,-5.9229323624226e-05
1.87975,-0.4745312206721,0.77238333361481,-4.5613719996443e-06,-5.9421233908482e-05
1.88,-0.46709536687631,0.77702162210076,-4.9009480918852e-06,-5.9610138841298e-05
1.88025,-0.45962119704412,0.78158092315253,-5.242213497838e-06,-5.9796041547886e-05
1.8805,-0.45210953015323,0.78606107691054,-5.5851379762045e-06,-5.9978945301981e-05
1.88075,-0.44456118301445,0.79046192986128,-5.9296918269552e-06,-6.0158853514054e-05
1.881,-0.43697697027446,0.79478333478725,-6.2758458849621e-06,-6.0335769719803e-05
1.88125,-0.4293577044185,0.79902515071808,-6.6235715135938e-06,-6.050969756888e-05
1.8815,-0.42170419577281,0.80318724288268,-6.9728405982822e-06,-6.0680640813892e-05
1.88175,-0.41401725250702,0.80726948266241,-7.3236255400585e-06,-6.0848603299623e-05
1.882,-0.40629768063626,0.81127174754533,-7.675899249067e-06,-6.1013588952518e-05
1.88225,-0.39854628402318,0.81519392108129,-8.0296351380593e-06,-6.117560177038e-05
1.8825,-0.39076386437974,0.81903589283817,-8.3848071158675e-06,-6.1334645812305e-05
1.88275,-0.38295122126884,0.82279755835886,-8.7413895808685e-06,-6.1490725188832e-05
1.883,-0.37510915210575,0.82647881911927,-9.0993574144311e-06,-6.164384405231e-05
1.88325,-0.36723845215933,0.83007958248719,-9.4586859743584e-06,-6.1794006587472e-05
1.8835,-0.35933991455306,0.83359976168196,-9.8193510883233e-06,-6.1941217002215e-05
1.88375,-0.35141433026585,0.83703927573504,-1.0181329047297e-05,-6.2085479518573e-05
1.884,-0.34346248813271,0.84039804945131,-1.054459659898e-05,-6.2226798363889e-05
1.88425,-0.33548517484504,0.84367601337125,-1.0909130941228e-05,-6.2365177762163e-05
1.8845,-0.32748317495092,0.84687310373381,-1.1274909715485e-05,-6.2500621925593e-05
1.88475,-0.31945727085503,0.84998926244003,-1.1641911000213e-05,-6.2633135046285e-05
1.885,-0.31140824281836,0.85302443701741,-1.2010113304334e-05,-6.2762721288136e-05
1.88525,-0.30333686895778,0.85597858058494,-1.2379495560674e-05,-6.2889384778879e-05
1.8855,-0.29524392524529,0.85885165181888,-1.2750037119409e-05,-6.3013129602298e-05
1.88575,-0.28713018550713,0.86164361491906,-1.3121717741535e-05,-6.3133959790589e-05
1.886,-0.2789964214226,0.864354439576,-1.3494517592324e-05,-6.3251879316877e-05
1.88625,-0.27084340252262,0.86698410093847,-1.3868417234817e-05,-6.336689208788e-05
1.8865,-0.26267189618821,0.86953257958178,-1.4243397623299e-05,-6.3479001936713e-05
1.88675,-0.25448266764855,0.87199986147662,-1.4619440096814e-05,-6.358821261583e-05
1.887,-0.24627647997896,0.87438593795839,-1.4996526372662e-05,-6.3694527790096e-05
1.88725,-0.23805409409859,0.87669080569718,-1.5374638539936e-05,-6.3797951029996e-05
1.8875,-0.22981626876781,0.87891446666821,-1.5753759053048e-05,-6.3898485804954e-05
1.88775,-0.22156376058557,0.88105692812284,-1.6133870725281e-05,-6.3996135476788e-05
1.888,-0.2132973239863,0.88311820255997,-1.6514956722346e-05,-6.4090903293267e-05
1.88825,-0.20501771123674,0.88509830769808,-1.6897000555957e-05,-6.4182792381786e-05
1.8885,-0.19672567243251,0.88699726644755,-1.7279986077407e-05,-6.427180574315e-05
1.88875,-0.1884219554944,0.88881510688359,-1.7663897471167e-05,-6.435794624546e-05
1.889,-0.18010730616451,0.89055186221949,-1.8048719248488e-05,-6.4441216618096e-05
1.88925,-0.17178246800216,0.89220757078036,-1.8434436241014e-05,-6.4521619445802e-05
1.8895,-0.1634481823795,0.89378227597723,-1.8821033594408e-05,-6.4599157162858e-05
1.88975,-0.15510518847703,0.89527602628155,-1.9208496761984e-05,-6.4673832047345e-05
1.89,-0.14675422327881,0.89668887520007,-1.9596811498343e-05,-6.4745646215497e-05
1.89025,-0.13839602156751,0.89802088125011,-1.9985963853028e-05,-6.4814601616125e-05
1.8905,-0.1300313159192,0.89927210793512,-2.0375940164167e-05,-6.4880700025135e-05
1.89075,-0.12166083669798,0.90044262372063,-2.0766727052141e-05,-6.4943943040108e-05
1.891,-0.11328531205044,0.90153250201051,-2.1158311413237e-05,-6.500433207496e-05
1.89125,-0.10490546789979,0.90254182112349,-2.1550680413316e-05,-6.5061868354669e-05
1.8915,-0.096522027939937,0.90347066427012,-2.1943821481478e-05,-6.5116552910066e-05
1.89175,-0.088135713629271,0.90431911952983,-2.2337722303726e-05,-6.5168386572693e-05
1.892,-0.079747244184326,0.90508727982842,-2.2732370816626e-05,-6.5217369969718e-05
1.89225,-0.071357336573182,0.90577524291578,-2.3127755200973e-05,-6.526350351891e-05
1.8925,-0.062966705508771,0.90638311134378,-2.3523863875436e-05,-6.5306787423664e-05
1.89275,-0.054576063441932,0.90691099244455,-2.3920685490213e-05,-6.5347221668085e-05
1.893,-0.046186120554296,0.90735899830886,-2.4318208920668e-05,-6.5384806012115e-05
1.89325,-0.037797584751067,0.90772724576483,-2.4716423260955e-05,-6.5419539986708e-05
1.8935,-0.029411161653523,0.90801585635682,-2.5115317817641e-05,-6.5451422889053e-05
1.89375,-0.021027554591468,0.90822495632447,-2.55148821033e-05,-6.5480453777833e-05
1.894,-0.012647464595449,0.90835467658204,-2.5915105830102e-05,-6.550663146853e-05
1.89425,-0.0042715903888114,0.90840515269788,-2.6315978903381e-05,-6.5529954528761e-05
1.8945,0.0040993716203161,0.90837652487407,-2.6717491415173e-05,-6.5550421273655e-05
1.89475,0.012464727347303,0.90826893792628,-2.7119633637744e-05,-6.5568029761255e-05
1.895,0.02082378503932,0.90808254126376,-2.7522396017082e-05,-6.5582777787963e-05
1.89525,0.029175855283868,0.9078174888695,-2.7925769166366e-05,-6.5594662883997e-05
1.8955,0.037520251017428,0.90747393928051,-2.8329743859402e-05,-6.5603682308897e-05
1.89575,0.045856287534185,0.90705205556833,-2.8734311024027e-05,-6.5609833047032e-05
1.896,0.054183282494938,0.90655200531955,-2.9139461735475e-05,-6.5613111803153e-05
1.89625,0.062500555936126,0.90597396061656,-2.9545187209704e-05,-6.5613514997947e-05
1.8965,0.070807430278918,0.90531809801839,-2.9951478796684e-05,-6.5611038763632e-05
1.89675,0.079103230338459,0.90458459854163,-3.0358327973638e-05,-6.5605678939553e-05
1.897,0.087387283333241,0.90377364764153,-3.0765726338234e-05,-6.5597431067804e-05
1.89725,0.095658918894488,0.90288543519313,-3.1173665601726e-05,-6.5586290388866e-05
1.8975,0.10391746907576,0.90192015547256,-3.1582137582049e-05,-6.5572251837258e-05
1.89775,0.11216226836253,0.90087800713836,-3.199113419684e-05,-6.5555310037199e-05
1.898,0.1203926536819,0.89975919321296,-3.2400647456416e-05,-6.5535459298288e-05
1.89825,0.12860796441245,0.89856392106419,-3.2810669456677e-05,-6.5512693611188e-05
1.8985,0.13680754239405,0.89729240238688,-3.3221192371942e-05,-6.5487006643329e-05
1.89875,0.14499073193786,0.89594485318455,-3.3632208447719e-05,-6.5458391734612e-05
1.899,0.15315687983627,0.89452149375116,-3.4043709993394e-05,-6.5426841893129e-05
1.89925,0.16130533537303,0.89302254865292,-3.4455689374846e-05,-6.5392349790885e-05
1.8995,0.16943545033336,0.89144824671015,-3.4868139006974e-05,-6.535490775953e-05
1.89975,0.1775465790141,0.88979882097924,-3.5281051346146e-05,-6.5314507786101e-05
1.9,0.18563807823397,0.88807450873461,-3.5694418882543e-05,-6.5271141508766e-05
1.90025,0.19370930734381,0.88627555145077,-3.6108234132425e-05,-6.5224800212575e-05
1.9005,0.20175962823687,0.88440219478439,-3.6522489630284e-05,-6.5175474825222e-05
1.90075,0.20978840535916,0.88245468855641,-3.6937177920904e-05,-6.5123155912806e-05
1.901,0.21779500571977,0.88043328673425,-3.7352291551303e-05,-6.5067833675605e-05
1.90125,0.22577879890126,0.87833824741401,-3.7767823062571e-05,-6.5009497943852e-05
1.9015,0.23373915707006,0.87616983280267,-3.8183764981588e-05,-6.4948138173518e-05
1.90175,0.24167545498679,0.87392830920045,-3.8600109812615e-05,-6.4883743442105e-05
1.902,0.24958707001675,0.87161394698305,-3.9016850028772e-05,-6.4816302444446e-05
1.90225,0.25747338214024,0.86922702058406,-3.9433978063369e-05,-6.4745803488509e-05
1.9025,0.26533377396298,0.86676780847727,-3.9851486301106e-05,-6.4672234491218e-05
1.90275,0.27316763072649,0.86423659315915,-4.0269367069139e-05,-6.4595582974274e-05
1.903,0.2809743403184,0.86163366113121,-4.0687612627986e-05,-6.451583606e-05
1.90325,0.28875329328282,0.8589593028825,-4.110621516229e-05,-6.4432980467187e-05
1.9035,0.29650388283067,0.8562138128721,-4.1525166771421e-05,-6.4347002506961e-05
1.90375,0.30422550484988,0.85339748951159,-4.1944459459912e-05,-6.4257888078662e-05
1.904,0.31191755791568,0.85051063514762,-4.2364085127732e-05,-6.4165622665743e-05
1.90425,0.31957944330076,0.84755355604446,-4.2784035560377e-05,-6.4070191331686e-05
1.9045,0.32721056498543,0.84452656236654,-4.3204302418788e-05,-6.3971578715941e-05
1.90475,0.33481032966768,0.84142996816116,-4.3624877229073e-05,-6.386976902989e-05
1.905,0.34237814677323,0.83826409134099,-4.4045751372045e-05,-6.3764746052831e-05
1.90525,0.34991342846548,0.83502925366685,-4.4466916072553e-05,-6.3656493128001e-05
1.9055,0.35741558965542,0.83172578073029,-4.4888362388612e-05,-6.3544993158621e-05
1.90575,0.3648840480114,0.82835400193639,-4.5310081200323e-05,-6.3430228603983e-05
1.906,0.37231822396891,0.82491425048644,-4.5732063198562e-05,-6.331218147557e-05
1.90625,0.37971754074027,0.82140686336074,-4.6154298873466e-05,-6.3190833333225e-05
1.9065,0.38708142432408,0.81783218130139,-4.6576778502657e-05,-6.3066165281359e-05
1.90675,0.39440930351482,0.8141905487951,-4.6999492139257e-05,-6.2938157965211e-05
1.907,0.40170060991213,0.81048231405613,-4.7422429599634e-05,-6.2806791567166e-05
1.90725,0.4089547779301,0.80670782900912,-4.7845580450904e-05,-6.2672045803128e-05
1.9075,0.41617124480647,0.80286744927206,-4.8268933998175e-05,-6.2533899918956e-05
1.90775,0.42334945061162,0.79896153413928,-4.8692479271512e-05,-6.2392332686976e-05
1.908,0.4304888382575,0.79499044656449,-4.9116205012641e-05,-6.2247322402561e-05
1.90825,0.43758885350649,0.79095455314384,-4.9540099661356e-05,-6.2098846880793e-05
1.9085,0.44464894497999,0.78685422409906,-4.9964151341639e-05,-6.1946883453217e-05
1.90875,0.45166856416704,0.78268983326059,-5.038834784749e-05,-6.1791408964681e-05
1.909,0.45864716543268,0.77846175805092,-5.0812676628436e-05,-6.1632399770283e-05
1.90925,0.46558420602621,0.77417037946778,-5.1237124774733e-05,-6.1469831732423e-05
1.9095,0.47247914608937,0.76981608206754,-5.1661679002248e-05,-6.1303680217968e-05
1.90975,0.47933144866422,0.76539925394868,-5.2086325637e-05,-6.1133920095549e-05
1.91,0.48614057970103,0.76092028673519,-5.251105059937e-05,-6.0960525732977e-05
1.91025,0.49290600806591,0.75637957556025,-5.293583938796e-05,-6.0783470994815e-05
1.9105,0.49962720554826,0.75177751904982,-5.3360677063095e-05,-6.0602729240092e-05
1.91075,0.5063036468682,0.74711451930639,-5.3785548229963e-05,-6.0418273320173e-05
1.911,0.51293480968361,0.74239098189284,-5.4210437021378e-05,-6.0230075576814e-05
1.91125,0.5195201745972,0.73760731581632,-5.4635327080164e-05,-6.0038107840388e-05
1.9115,0.52605922516327,0.73276393351233,-5.5060201541148e-05,-5.9842341428304e-05
1.91175,0.53255144789434,0.7278612508288,-5.5485043012751e-05,-5.9642747143639e-05
1.912,0.53899633226757,0.72289968701036,-5.5909833558174e-05,-5.9439295273979e-05
1.91225,0.54539337073106,0.7178796646827,-5.6334554676169e-05,-5.9231955590497e-05
1.9125,0.55174205870984,0.71280160983708,-5.675918728138e-05,-5.9020697347276e-05
1.91275,0.55804189461175,0.70766595181486,-5.7183711684254e-05,-5.8805489280881e-05
1.913,0.56429237983311,0.70247312329237,-5.7608107570506e-05,-5.858629961022e-05
1.91325,0.57049301876416,0.6972235602657,-5.8032353980137e-05,-5.8363096036685e-05
1.9135,0.5766433187943,0.6919177020358,-5.8456429285991e-05,-5.8135845744597e-05
1.91375,0.58274279031714,0.68655599119367,-5.8880311171837e-05,-5.7904515401984e-05
1.914,0.58879094673535,0.68113887360571,-5.9303976609993e-05,-5.7669071161691e-05
1.91425,0.59478730446522,0.67566679839927,-5.9727401838439e-05,-5.7429478662849e-05
1.9145,0.6007313829411,0.67014021794838,-6.0150562337464e-05,-5.7185703032735e-05
1.91475,0.60662270461955,0.66455958785961,-6.0573432805792e-05,-5.6937708889014e-05
1.915,0.61246079498329,0.65892536695821,-6.0995987136214e-05,-5.6685460342411e-05
1.91525,0.61824518254497,0.65323801727438,-6.1418198390695e-05,-5.6428920999828e-05
1.9155,0.62397539885061,0.6474980040298,-6.1840038774965e-05,-5.6168053967914e-05
1.91575,0.62965097848292,0.6417057956244,-6.2261479612575e-05,-5.5902821857135e-05
1.916,0.63527145906431,0.63586186362323,-6.268249131842e-05,-5.5633186786349e-05
1.91625,0.64083638125972,0.62996668274378,-6.3103043371722e-05,-5.5359110387927e-05
1.9165,0.64634528877919,0.62402073084335,-6.3523104288459e-05,-5.5080553813431e-05
1.91675,0.65179772838021,0.61802448890678,-6.3942641593242e-05,-5.4797477739888e-05
1.917,0.65719324986977,0.61197844103446,-6.436162179064e-05,-5.4509842376694e-05
1.91725,0.6625314061063,0.60588307443055,-6.4780010335934e-05,-5.4217607473152e-05
1.9175,0.66781175300125,0.59973887939157,-6.5197771605306e-05,-5.3920732326708e-05
1.91775,0.67303384952049,0.59354634929518,-6.5614868865464e-05,-5.3619175791894e-05
1.918,0.67819725768544,0.5873059805894,-6.603126424269e-05,-5.3312896290015e-05
1.91825,0.68330154257399,0.58101827278206,-6.6446918691312e-05,-5.3001851819628e-05
1.9185,0.68834627232117,0.57468372843061,-6.6861791961606e-05,-5.2685999967829e-05
1.91875,0.69333101811956,0.56830285313228,-6.7275842567122e-05,-5.2365297922394e-05
1.919,0.69825535421946,0.56187615551457,-6.7689027751432e-05,-5.2039702484818e-05
1.91925,0.70311885792885,0.55540414722615,-6.8101303454309e-05,-5.1709170084281e-05
1.9195,0.7079211096131,0.54888734292812,-6.8512624277337e-05,-5.1373656792583e-05
1.91975,0.7126616926944,0.54232626028562,-6.8922943448954e-05,-5.1033118340101e-05
1.92,0.717340193651,0.53572141995995,-6.9332212788933e-05,-5.0687510132792e-05
1.92025,0.7219562020162,0.52907334560097,-6.9740382672314e-05,-5.0336787270307e-05
1.9205,0.72650931037709,0.52238256384006,-7.0147401992787e-05,-4.9980904565244e-05
1.92075,0.73099911437309,0.51564960428344,-7.0553218125537e-05,-4.9619816563601e-05
1.921,0.73542521269417,0.508874999506,-7.0957776889572e-05,-4.9253477566472e-05
1.92125,0.73978720707899,0.50205928504557,-7.1361022509527e-05,-4.8881841653031e-05
1.9215,0.74408470231266,0.49520299939768,-7.1762897576979e-05,-4.8504862704865e-05
1.92175,0.74831730622437,0.48830668401087,-7.2163343011278e-05,-4.8122494431703e-05
1.922,0.75248462968478,0.48137088328242,-7.2562298019916e-05,-4.7734690398598e-05
1.92225,0.75658628660313,0.47439614455472,-7.2959700058452e-05,-4.7341404054609e-05
1.9225,0.76062189392425,0.46738301811213,-7.3355484790019e-05,-4.6942588763058e-05
1.92275,0.76459107162527,0.4603320571784,-7.3749586044439e-05,-4.6538197833398e-05
1.923,0.76849344271213,0.45324381791468,-7.4141935776966e-05,-4.6128184554771e-05
1.92325,0.77232863321592,0.44611885941816,-7.4532464026707e-05,-4.5712502231299e-05
1.9235,0.77609627218902,0.43895774372125,-7.4921098874726e-05,-4.5291104219191e-05
1.92375,0.77979599170103,0.43176103579144,-7.5307766401891e-05,-4.4863943965702e-05
1.924,0.78342742683452,0.42452930353186,-7.5692390646497e-05,-4.4430975050042e-05
1.92425,0.78699021568059,0.41726311778232,-7.6074893561701e-05,-4.3992151226263e-05
1.9245,0.79048399933427,0.40996305232129,-7.6455194972827e-05,-4.3547426468222e-05
1.92475,0.79390842188978,0.40262968386833,-7.6833212534579e-05,-4.3096755016673e-05
1.925,0.79726313043554,0.39526359208743,-7.7208861688225e-05,-4.2640091428552e-05
1.92525,0.80054777504913,0.38786535959101,-7.7582055618807e-05,-4.2177390628534e-05
1.9255,0.80376200879205,0.38043557194461,-7.7952705212441e-05,-4.1708607962926e-05
1.92575,0.80690548770435,0.37297481767253,-7.8320719013764e-05,-4.123369925597e-05
1.926,0.80997787079912,0.36548368826407,-7.8686003183616e-05,-4.0752620868616e-05
1.92625,0.81297882005692,0.35796277818074,-7.9048461457015e-05,-4.026532975985e-05
1.9265,0.81590800042003,0.35041268486424,-7.9407995101521e-05,-3.977178355064e-05
1.92675,0.81876507978663,0.34283400874526,-7.9764502876066e-05,-3.9271940590564e-05
1.927,0.82154972900492,0.33522735325328,-8.0117880990339e-05,-3.8765760027208e-05
1.92725,0.82426162186709,0.32759332482714,-8.0468023064833e-05,-3.8253201878382e-05
1.9275,0.82690043510334,0.31993253292659,-8.0814820091651e-05,-3.7734227107242e-05
1.92775,0.82946584837574,0.31224559004482,-8.1158160396176e-05,-3.7208797700373e-05
1.928,0.83195754427211,0.30453311172193,-8.1497929599727e-05,-3.6676876748906e-05
1.92825,0.83437520829986,0.29679571655929,-8.1834010583314e-05,-3.6138428532728e-05
1.9285,0.83671852887981,0.28903402623514,-8.2166283452633e-05,-3.5593418607858e-05
1.92875,0.83898719734007,0.281248665521,-8.249462550442e-05,-3.5041813897041e-05
1.929,0.84118090790982,0.27344026229927,-8.281891119431e-05,-3.4483582783616e-05
1.92925,0.84329935771328,0.2656094475819,-8.3139012106361e-05,-3.3918695208729e-05
1.9295,0.84534224676362,0.25775685553011,-8.3454796924387e-05,-3.3347122771923e-05
1.92975,0.84730927795695,0.24988312347538,-8.3766131405254e-05,-3.2768838835167e-05
1.93,0.84920015706651,0.24198889194139,-8.4072878354343e-05,-3.2183818630356e-05
1.93025,0.8510145927368,0.23407480466741,-8.4374897603316e-05,-3.1592039370346e-05
1.9305,0.852752296478,0.22614150863266,-8.4672045990406e-05,-3.0993480363518e-05
1.93075,0.85441298266041,0.21818965408209,-8.4964177343407e-05,-3.0388123131935e-05
1.931,0.85599636850916,0.21021989455333,-8.5251142465569e-05,-2.97759515331e-05
1.93125,0.85750217409904,0.20223288690499,-8.5532789124611e-05,-2.9156951885324e-05
1.9315,0.85893012234965,0.19422929134622,-8.580896204507e-05,-2.8531113096719e-05
1.93175,0.86027993902063,0.18620977146772,-8.6079502904205e-05,-2.789842679782e-05
1.932,0.86155135270734,0.17817499427406,-8.6344250331705e-05,-2.725888747781e-05
1.93225,0.86274409483672,0.1701256302174,-8.6603039913422e-05,-2.6612492624343e-05
1.9325,0.86385789966348,0.16206235323272,-8.6855704199401e-05,-2.5959242866932e-05
1.93275,0.86489250426671,0.15398584077446,-8.7102072716443e-05,-2.529914212385e-05
1.933,0.86584764854681,0.14589677385469,-8.7341971985488e-05,-2.4632197752518e-05
1.93325,0.86672307522283,0.13779583708283,-8.7575225544062e-05,-2.395842070328e-05
1.9335,0.8675185298303,0.12968371870685,-8.7801653974101e-05,-2.3277825676508e-05
1.93375,0.8682337607195,0.1215611106562,-8.8021074935398e-05,-2.2590431282948e-05
1.934,0.86886851905426,0.11342870858621,-8.8233303205003e-05,-2.1896260207178e-05
1.93425,0.86942255881131,0.10528721192433,-8.843815072284e-05,-2.1195339374068e-05
1.9345,0.86989563678019,0.097137323917867,-8.8635426643865e-05,-2.0487700118102e-05
1.93475,0.87028751256381,0.088979751683609,-8.8824937397058e-05,-1.977337835539e-05
1.935,0.87059794857971,0.08081520625913,-8.9006486751563e-05,-1.9052414758203e-05
1.93525,0.87082671006191,0.072644402655902,-8.9179875890293e-05,-1.8324854931828e-05
1.9355,0.87097356506365,0.064468059914208,-8.9344903491304e-05,-1.7590749593522e-05
1.93575,0.87103828446086,0.056286901159991,-8.9501365817261e-05,-1.6850154753332e-05
1.936,0.87102064195642,0.048101653663531,-8.9649056813314e-05,-1.6103131896512e-05
1.93625,0.87092041408543,0.039913048900059,-8.9787768213687e-05,-1.5349748167243e-05
1.9365,0.8707373802213,0.031721822612393,-8.9917289657301e-05,-1.4590076553374e-05
1.93675,0.87047132258292,0.023528714875501,-9.003740881274e-05,-1.3824196071806e-05
1.937,0.87012202624283,0.015334470163179,-9.0147911512854e-05,-1.3052191954202e-05
1.93725,0.86968927913649,0.0071398374167553,-9.0248581899306e-05,-1.2274155832604e-05
1.9375,0.86917287207274,-0.0010544298840915,-9.0339202577337e-05,-1.1490185924556e-05
1.93775,0.86857259874544,-0.009247573648322,-9.0419554781041e-05,-1.0700387217292e-05
1.938,0.86788825574645,-0.017438831098399,-9.0489418549408e-05,-9.9048716505115e-06
1.93825,0.86711964257986,-0.025627434692864,-9.054857291338e-05,-9.1037582972569e-06
1.9385,0.86626656167774,-0.033812612046687,-9.0596796094168e-05,-8.2971735423514e-06
1.93875,0.86532881841728,-0.041993585849353,-9.0633865713039e-05,-7.4852512578481e-06
1.939,0.86430622113955,-0.050169573780521,-9.065955901277e-05,-6.6681329749138e-06
1.93925,0.86319858116986,-0.058339788423349,-9.0673653090937e-05,-5.8459680515186e-06
1.9395,0.86200571283978,-0.066503437175489,-9.06759251452e-05,-5.0189138352983e-06
1.93975,0.86072743351103,-0.074659722157487,-9.0666152730691e-05,-4.1871358209243e-06
1.94,0.85936356360116,-0.082807840118763,-9.06441140296e-05,-3.3508078012728e-06
1.94025,0.8579139266112,-0.090946982341132,-9.0609588133007e-05,-2.5101120116738e-06
1.9405,0.8563783491554,-0.099076334539618,-9.0562355334996e-05,-1.6652392664988e-06
1.94075,0.85475666099298,-0.10719507676081,-9.0502197439009e-05,-8.1638908729616e-07
1.941,0.85304869506223,-0.11530238327845,-9.04288980764e-05,3.6230178302918e-08
1.94125,0.85125428751684,-0.12339742248647,-9.034224303707e-05,8.9240124774499e-07
1.9415,0.84937327776471,-0.13147935678923,-9.0242020612035e-05,1.7518978055996e-06
1.94175,0.84740550850925,-0.13954734248901,-9.0128021947725e-05,2.6144844173586e-06
1.942,0.84535082579332,-0.14760052967079,-9.0000041411754e-05,3.4799164558527e-06
1.94225,0.84320907904591,-0.15563806208413,-8.985787696986e-05,4.3479400411564e-06
1.9425,0.84098012113173,-0.16365907702224,-8.970133057363e-05,5.2182919948857e-06
1.94275,0.83866380840369,-0.17166270519816,-8.9530208558598e-05,6.0906998097739e-06
1.943,0.83626000075856,-0.179648070618,-8.9344322052211e-05,6.9648816354137e-06
1.94325,0.83376856169587,-0.18761429045124,-8.9143487391115e-05,7.8405462810747e-06
1.9435,0.83118935838007,-0.19556047489807,-8.8927526547129e-05,8.7173932364716e-06
1.94375,0.82852226170633,-0.20348572705363,-8.8696267561221e-05,9.5951127113552e-06
1.944,0.8257671463699,-0.21138914276938,-8.8449544984724e-05,1.04733856948e-05
1.94425,0.82292389093925,-0.21926981051117,-8.818720032696e-05,1.1351884035006e-05
1.9445,0.81999237793323,-0.22712681121436,-8.7909082508362e-05,1.2230270540446e-05
1.94475,0.81697249390222,-0.23495921813589,-8.7615048318121e-05,1.3108199103128e-05
1.945,0.81386412951365,-0.24276609670296,-8.7304962875321e-05,1.3985314844708e-05
1.94525,0.81066717964183,-0.25054650435883,-8.6978700092421e-05,1.4861254286175e-05
1.9455,0.80738154346249,-0.2582994904052,-8.6636143139911e-05,1.5735645541723e-05
1.94575,0.80400712455202,-0.26602409584154,-8.627718491088e-05,1.6608108537438e-05
1.946,0.80054383099167,-0.27371935320116,-8.5901728484159e-05,1.7478255255305e-05
1.94625,0.79699157547697,-0.28138428638403,-8.5509687584663e-05,1.8345690003007e-05
1.9465,0.79335027543242,-0.28901791048638,-8.5100987039469e-05,1.9210009709905e-05
1.94675,0.78961985313175,-0.29661923162713,-8.4675563228114e-05,2.0070804249499e-05
1.947,0.78580023582394,-0.30418724677095,-8.423336452557e-05,2.0927656788591e-05
1.94725,0.78189135586526,-0.31172094354815,-8.3774351736249e-05,2.1780144163275e-05
1.9475,0.77789315085741,-0.31921930007139,-8.3298498517408e-05,2.2627837281787e-05
1.94775,0.77380556379215,-0.32668128474899,-8.2805791790247e-05,2.347030155411e-05
1.948,0.76962854320263,-0.33410585609526,-8.2296232136963e-05,2.4307097348188e-05
1.94825,0.76536204332149,-0.34149196253741,-8.1769834182036e-05,2.5137780472394e-05
1.9485,0.76100602424629,-0.34883854221941,-8.1226626955949e-05,2.5961902683873e-05
1.94875,0.75656045211222,-0.35614452280272,-8.0666654239588e-05,2.6779012222185e-05
1.949,0.75202529927259,-0.36340882126377,-8.0089974887548e-05,2.7588654367586e-05
1.94925,0.74740054448722,-0.37063034368856,-7.9496663128567e-05,2.8390372023145e-05
1.9495,0.74268617311911,-0.37780798506402,-7.8886808841364e-05,2.9183706319757e-05
1.94975,0.73788217733966,-0.38494062906658,-7.8260517804158e-05,2.9968197242997e-05
1.95,0.7329885563427,-0.39202714784771,-7.7617911916202e-05,3.0743384280613e-05
