1.7,0.55125924125687,0.81048967445959,-2.4015550296168e-06,1.0009847696817e-06
1.70025,0.55627674061911,0.80723829110215,-2.4027766074898e-06,1.0246014796856e-06
1.7005,0.56127352266528,0.80395273568914,-2.4037764429958e-06,1.0482257753679e-06
1.70075,0.56624934588758,0.80063318238777,-2.4045548983401e-06,1.0718545562479e-06
1.701,0.5712039708336,0.79727980692581,-2.4051123934467e-06,1.0954847393358e-06
1.70125,0.57613716011084,0.79389278656093,-2.4054494052928e-06,1.1191132604515e-06
1.7015,0.58104867839053,0.79047230005047,-2.4055664672081e-06,1.1427370755193e-06
1.70175,0.58593829241111,0.78701852762127,-2.4054641681409e-06,1.1663531618346e-06
1.702,0.59080577098117,0.78353165093963,-2.4051431518912e-06,1.1899585193039e-06
1.70225,0.59565088498193,0.78001185308164,-2.4046041163132e-06,1.2135501716552e-06
1.7025,0.60047340736922,0.77645931850357,-2.4038478124858e-06,1.2371251676198e-06
1.70275,0.6052731131751,0.77287423301254,-2.4028750438562e-06,1.2606805820833e-06
1.703,0.61004977950889,0.76925678373737,-2.4016866653537e-06,1.284213517206e-06
1.70325,0.61480318555789,0.76560715909968,-2.4002835824778e-06,1.3077211035112e-06
1.7035,0.61953311258752,0.76192554878526,-2.3986667503604e-06,1.331200500941e-06
1.70375,0.62423934394123,0.75821214371559,-2.3968371728044e-06,1.3546488998795e-06
1.704,0.6289216650398,0.7544671360196,-2.3947959012984e-06,1.3780635221425e-06
1.70425,0.63357986338032,0.75069071900591,-2.3925440340104e-06,1.4014416219324e-06
1.7045,0.63821372853472,0.74688308713492,-2.3900827147613e-06,1.4247804867593e-06
1.70475,0.642823052148,0.74304443599158,-2.3874131319782e-06,1.4480774383272e-06
1.705,0.64740762793598,0.73917496225812,-2.3845365176315e-06,1.4713298333844e-06
1.70525,0.65196725168267,0.73527486368716,-2.3814541461537e-06,1.4945350645391e-06
1.7055,0.65650172123729,0.73134433907517,-2.3781673333443e-06,1.5176905610382e-06
1.70575,0.66101083651098,0.72738358823615,-2.3746774352604e-06,1.5407937895114e-06
1.706,0.66549439947308,0.72339281197547,-2.3709858470941e-06,1.5638422546783e-06
1.70625,0.66995221414707,0.71937221206426,-2.367094002039e-06,1.5868335000191e-06
1.7065,0.67438408660616,0.71532199121385,-2.3630033701466e-06,1.6097651084102e-06
1.70675,0.67878982496863,0.71124235305068,-2.3587154571734e-06,1.6326347027221e-06
1.707,0.68316923939281,0.70713350209136,-2.3542318034207e-06,1.655439946382e-06
1.70725,0.68752214207168,0.70299564371821,-2.3495539825677e-06,1.6781785439002e-06
1.7075,0.69184834722716,0.69882898415485,-2.3446836004997e-06,1.70084824136e-06
1.70775,0.69614767110426,0.69463373044253,-2.3396222941321e-06,1.7234468268725e-06
1.708,0.7004199319648,0.69041009041622,-2.3343717302311e-06,1.7459721309951e-06
1.70825,0.70466495008083,0.68615827268146,-2.3289336042335e-06,1.768422027115e-06
1.7085,0.70888254772784,0.68187848659133,-2.3233096390655e-06,1.7907944317978e-06
1.70875,0.71307254917775,0.6775709422238,-2.3175015839617e-06,1.8130873051009e-06
1.709,0.7172347806915,0.67323585035935,-2.311511213286e-06,1.8352986508532e-06
1.70925,0.72136907051156,0.66887342245901,-2.3053403253556e-06,1.8574265169002e-06
1.7095,0.72547524885401,0.66448387064254,-2.2989907412677e-06,1.8794689953161e-06
1.70975,0.72955314790057,0.66006740766721,-2.2924643037315e-06,1.9014242225823e-06
1.71,0.73360260179028,0.65562424690677,-2.2857628759057e-06,1.9232903797343e-06
1.71025,0.73762344661095,0.65115460233048,-2.2788883402429e-06,1.9450656924752e-06
1.7105,0.74161552039064,0.64665868848311,-2.2718425973405e-06,1.966748431259e-06
1.71075,0.74557866308853,0.64213672046466,-2.2646275648012e-06,1.9883369113423e-06
1.711,0.74951271658595,0.63758891391073,-2.2572451761018e-06,2.0098294928058e-06
1.71125,0.75341752467707,0.63301548497311,-2.2496973794725e-06,2.0312245805464e-06
1.7115,0.75729293305938,0.62841665030086,-2.2419861367869e-06,2.0525206242398e-06
1.71175,0.76113878932415,0.62379262702134,-2.2341134224633e-06,2.0737161182753e-06
1.712,0.76495494294653,0.61914363272228,-2.226081222379e-06,2.0948096016619e-06
1.71225,0.76874124527565,0.61446988543325,-2.2178915327963e-06,2.1157996579089e-06
1.7125,0.77249754952453,0.60977160360841,-2.2095463593037e-06,2.1366849148788e-06
1.71275,0.77622371075978,0.60504900610884,-2.2010477157701e-06,2.157464044615e-06
1.713,0.77991958589123,0.60030231218566,-2.1923976233143e-06,2.1781357631454e-06
1.71325,0.78358503366151,0.59553174146333,-2.1835981092899e-06,2.1986988302607e-06
1.7135,0.78721991463528,0.59073751392326,-2.174651206286e-06,2.2191520492704e-06
1.71375,0.79082409118864,0.58591984988784,-2.1655589511444e-06,2.2394942667351e-06
1.714,0.79439742749818,0.58107897000464,-2.1563233839936e-06,2.2597243721782e-06
1.71425,0.79793978953013,0.57621509523116,-2.1469465472998e-06,2.2798412977754e-06
1.7145,0.80145104502925,0.57132844681974,-2.1374304849361e-06,2.2998440180247e-06
1.71475,0.80493106350777,0.56641924630297,-2.1277772412692e-06,2.3197315493962e-06
1.715,0.80837971623416,0.56148771547906,-2.117988860265e-06,2.3395029499636e-06
1.71525,0.81179687622189,0.55653407639803,-2.108067384612e-06,2.3591573190177e-06
1.7155,0.81518241821817,0.55155855134796,-2.0980148548646e-06,2.3786937966623e-06
1.71575,0.81853621869241,0.5465613628414,-2.0878333086049e-06,2.3981115633939e-06
1.716,0.82185815582492,0.54154273360246,-2.0775247796242e-06,2.4174098396658e-06
1.71625,0.8251481094954,0.53650288655402,-2.0670912971238e-06,2.4365878854367e-06
1.7165,0.82840596127133,0.53144204480523,-2.0565348849357e-06,2.4556449997063e-06
1.71675,0.83163159439658,0.52636043163938,-2.0458575607633e-06,2.474580520036e-06
1.717,0.83482489377969,0.52125827050208,-2.0350613354415e-06,2.4933938220578e-06
1.71725,0.83798574598237,0.51613578498973,-2.0241482122172e-06,2.5120843189712e-06
1.7175,0.84111403920777,0.51099319883836,-2.0131201860501e-06,2.5306514610285e-06
1.71775,0.84420966328901,0.50583073591266,-2.0019792429333e-06,2.5490947350098e-06
1.718,0.84727250967738,0.50064862019548,-1.9907273592337e-06,2.5674136636881e-06
1.71825,0.85030247143086,0.49544707577725,-1.9793665010534e-06,2.5856078052853e-06
1.7185,0.85329944320244,0.49022632684639,-1.96789862361e-06,2.6036767529198e-06
1.71875,0.85626332122848,0.48498659767929,-1.9563256706382e-06,2.6216201340461e-06
1.719,0.85919400331716,0.47972811263089,-1.9446495738101e-06,2.6394376098871e-06
1.71925,0.86209138883695,0.47445109612568,-1.932872252176e-06,2.6571288748609e-06
1.7195,0.86495537870503,0.46915577264878,-1.920995611625e-06,2.6746936560004e-06
1.71975,0.86778587537576,0.46384236673733,-1.9090215443648e-06,2.6921317123686e-06
1.72,0.87058278282926,0.45851110297224,-1.896951928421e-06,2.7094428344687e-06
1.72025,0.87334600655997,0.45316220597017,-1.884788627156e-06,2.7266268436503e-06
1.7205,0.87607545356526,0.44779590037576,-1.8725334888063e-06,2.7436835915127e-06
1.72075,0.87877103233418,0.44241241085412,-1.8601883460398e-06,2.7606129593038e-06
1.721,0.88143265283607,0.43701196208374,-1.8477550155304e-06,2.7774148573184e-06
1.72125,0.8840602265094,0.43159477874932,-1.8352352975521e-06,2.7940892242933e-06
1.7215,0.88665366625071,0.42616108553519,-1.8226309755911e-06,2.8106360268012e-06
1.72175,0.88921288640343,0.42071110711903,-1.8099438159755e-06,2.8270552586447e-06
1.722,0.89173780274689,0.41524506816529,-1.7971755675229e-06,2.8433469402488e-06
1.72225,0.89422833248545,0.40976319331962,-1.7843279612061e-06,2.8595111180538e-06
1.7225,0.89668439423769,0.40426570720297,-1.7714027098346e-06,2.8755478639091e-06
1.72275,0.89910590802542,0.3987528344061,-1.7584015077546e-06,2.8914572744675e-06
1.723,0.90149279526338,0.39322479948445,-1.7453260305643e-06,2.907239470581e-06
1.72325,0.90384497874838,0.38768182695316,-1.7321779348462e-06,2.9228945966983e-06
1.7235,0.90616238264885,0.38212414128209,-1.7189588579153e-06,2.9384228202651e-06
1.72375,0.90844493249456,0.37655196689161,-1.705670417583e-06,2.9538243311255e-06
1.724,0.91069255516629,0.37096552814794,-1.692314211936e-06,2.9690993409279e-06
1.72425,0.91290517888564,0.36536504935925,-1.6788918191309e-06,2.9842480825329e-06
1.7245,0.91508273320491,0.35975075477169,-1.6654047972034e-06,2.9992708094254e-06
1.72475,0.91722514899731,0.35412286856566,-1.651854683891e-06,3.0141677951301e-06
1.725,0.91933235844691,0.34848161485251,-1.6382429964713e-06,3.0289393326316e-06
1.72525,0.92140429503908,0.34282721767094,-1.6245712316129e-06,3.0435857337988e-06
1.7255,0.92344089355074,0.33715990098414,-1.61084086524e-06,3.0581073288133e-06
1.72575,0.92544209004101,0.33147988867691,-1.5970533524102e-06,3.0725044656038e-06
1.726,0.92740782184179,0.32578740455279,-1.5832101272053e-06,3.086777509285e-06
1.72625,0.92933802754842,0.32008267233164,-1.5693126026336e-06,3.1009268416021e-06
1.7265,0.93123264701081,0.31436591564734,-1.5553621705453e-06,3.1149528603806e-06
1.72675,0.93309162132429,0.30863735804546,-1.5413602015589e-06,3.1288559789826e-06
1.727,0.93491489282074,0.30289722298138,-1.5273080449997e-06,3.142636625768e-06
1.72725,0.93670240506009,0.29714573381848,-1.5132070288483e-06,3.1562952435633e-06
1.7275,0.93845410282154,0.29138311382637,-1.4990584597006e-06,3.169832289135e-06
1.72775,0.94016993209528,0.28560958617952,-1.4848636227385e-06,3.1832482326712e-06
1.728,0.94184984007406,0.27982537395575,-1.4706237817093e-06,3.1965435572683e-06
1.72825,0.94349377514528,0.27403070013514,-1.4563401789164e-06,3.2097187584253e-06
1.7285,0.94510168688271,0.2682257875989,-1.4420140352185e-06,3.222774343545e-06
1.72875,0.94667352603885,0.26241085912862,-1.4276465500376e-06,3.2357108314415e-06
1.729,0.94820924453718,0.25658613740525,-1.413238901377e-06,3.2485287518549e-06
1.72925,0.94970879546452,0.25075184500868,-1.3987922458461e-06,3.2612286449742e-06
1.7295,0.95117213306376,0.24490820441709,-1.3843077186948e-06,3.2738110609653e-06
1.72975,0.9525992127265,0.23905543800665,-1.3697864338548e-06,3.2862765595083e-06
1.73,0.95398999098606,0.23319376805123,-1.3552294839885e-06,3.298625709341e-06
1.73025,0.95534442551037,0.22732341672235,-1.3406379405458e-06,3.3108590878099e-06
1.7305,0.95666247509539,0.22144460608895,-1.3260128538268e-06,3.3229772804289e-06
1.73075,0.95794409965825,0.21555755811766,-1.3113552530519e-06,3.3349808804449e-06
1.731,0.95918926023103,0.20966249467301,-1.2966661464377e-06,3.3468704884115e-06
1.73125,0.96039791895421,0.20375963751755,-1.2819465212794e-06,3.3586467117695e-06
1.7315,0.96157003907059,0.19784920831236,-1.2671973440389e-06,3.3703101644355e-06
1.73175,0.96270558491936,0.19193142861764,-1.2524195604376e-06,3.3818614663972e-06
1.732,0.96380452193017,0.18600651989304,-1.2376140955558e-06,3.393301243317e-06
1.73225,0.96486681661744,0.18007470349855,-1.2227818539359e-06,3.4046301261423e-06
1.7325,0.96589243657493,0.17413620069513,-1.2079237196909e-06,3.4158487507237e-06
1.73275,0.96688135047022,0.16819123264558,-1.1930405566168e-06,3.4269577574403e-06
1.733,0.96783352803963,0.16224002041539,-1.1781332083102e-06,3.4379577908328e-06
1.73325,0.96874894008319,0.15628278497388,-1.1632024982886e-06,3.4488494992429e-06
1.7335,0.96962755845962,0.15031974719498,-1.1482492301155e-06,3.4596335344615e-06
1.73375,0.97046935608179,0.14435112785862,-1.133274187528e-06,3.4703105513829e-06
1.734,0.97127430691197,0.13837714765161,-1.1182781345687e-06,3.4808812076665e-06
1.73425,0.97204238595761,0.13239802716913,-1.1032618157198e-06,3.491346163406e-06
1.7345,0.97277356926695,0.1264139869158,-1.0882259560403e-06,3.5017060808051e-06
1.73475,0.97346783392505,0.12042524730717,-1.0731712613057e-06,3.5119616238609e-06
1.735,0.97412515804978,0.11443202867088,-1.0580984181506e-06,3.5221134580533e-06
1.73525,0.97474552078812,0.10843455124831,-1.0430080942128e-06,3.5321622500422e-06
1.7355,0.97532890231254,0.10243303519587,-1.0279009382795e-06,3.5421086673709e-06
1.73575,0.97587528381755,0.096427700586535,-1.012777580436e-06,3.5519533781765e-06
1.736,0.97638464751646,0.090418767411322,-9.9763863221518e-07,3.5616970509065e-06
1.73625,0.97685697663817,0.084406455580931,-9.8248468674861e-07,3.5713403540426e-06
1.7365,0.97729225542429,0.078390984927142,-9.673163189194e-07,3.5808839558306e-06
1.73675,0.97769046912623,0.07237257520455,-9.5213408551557e-07,3.5903285240163e-06
1.737,0.97805160400265,0.066351446092185,-9.3693852538467e-07,3.5996747255887e-06
1.73725,0.97837564731686,0.060327817194879,-9.2173015958893e-07,3.6089232265282e-06
1.7375,0.97866258733456,0.054301908045265,-9.0650949156127e-07,3.6180746915617e-06
1.73775,0.97891241332156,0.048273938105145,-8.9127700726153e-07,3.6271297839235e-06
1.738,0.97912511554176,0.042244126767157,-8.7603317533309e-07,3.636089165122e-06
1.73825,0.97930068525533,0.036212693356566,-8.6077844725974e-07,3.6449534947124e-06
1.7385,0.97943911471684,0.030179857132706,-8.4551325752232e-07,3.6537234300747e-06
1.73875,0.9795403971738,0.024145837290746,-8.3023802375557e-07,3.6623996261979e-06
1.739,0.9796045268651,0.018110852963302,-8.1495314690445e-07,3.6709827354691e-06
1.73925,0.97963149901975,0.012075123221938,-7.9965901138017e-07,3.6794734074685e-06
1.7395,0.97962130985579,0.0060388670789276,-7.8435598521587e-07,3.6878722887697e-06
1.73975,0.97957395657916,2.3034886871222e-06,-7.6904442022145e-07,3.6961800227442e-06
1.74,0.97948943738295,-0.0060343486505929,-7.5372465213778e-07,3.7043972493729e-06
1.74025,0.97936775144656,-0.012070870495378,-7.3839700079015e-07,3.7125246050604e-06
1.7405,0.97920889893521,-0.018107043255402,-7.2306177024061e-07,3.7205627224561e-06
1.74075,0.97901288099946,-0.024142648192066,-7.0771924893937e-07,3.7285122302786e-06
1.741,0.97877969977489,-0.030177466617044,-6.9236970987498e-07,3.7363737531459e-06
1.74125,0.97850935838191,-0.036211279890883,-6.7701341072332e-07,3.7441479114092e-06
1.7415,0.97820186092572,-0.042243869421586,-6.6165059399519e-07,3.751835320992e-06
1.74175,0.97785721249644,-0.04827501666333,-6.4628148718257e-07,3.7594365932331e-06
1.742,0.97747541916936,-0.054304503115113,-6.3090630290312e-07,3.7669523347339e-06
1.74225,0.97705648800514,-0.060332110319556,-6.1552523904345e-07,3.7743831472098e-06
1.7425,0.97660042705045,-0.066357619861686,-6.0013847890029e-07,3.7817296273459e-06
1.74275,0.97610724533845,-0.072380813367762,-5.8474619132027e-07,3.7889923666565e-06
1.743,0.97557695288964,-0.078401472504238,-5.693485308376e-07,3.7961719513481e-06
1.74325,0.97500956071261,-0.08441937897667,-5.5394563780991e-07,3.803268962187e-06
1.7435,0.97440508080501,-0.09043431452873,-5.385376385522e-07,3.8102839743695e-06
1.74375,0.9737635261547,-0.096446060941285,-5.2312464546863e-07,3.8172175573963e-06
1.744,0.97308491074089,-0.10245440003161,-5.0770675718222e-07,3.8240702749503e-06
1.74425,0.97236924953548,-0.10845911365247,-4.9228405866243e-07,3.8308426847771e-06
1.7445,0.97161655850451,-0.11445998369147,-4.7685662135038e-07,3.83753533857e-06
1.74475,0.97082685460968,-0.12045679207033,-4.6142450328195e-07,3.8441487818565e-06
1.745,0.97000015580994,-0.12644932074437,-4.4598774920839e-07,3.8506835538893e-06
1.74525,0.96913648106334,-0.13243735170192,-4.3054639071449e-07,3.8571401875394e-06
1.7455,0.96823585032881,-0.13842066696389,-4.1510044633446e-07,3.8635192091922e-06
1.74575,0.96729828456819,-0.14439904858343,-3.9964992166516e-07,3.8698211386465e-06
1.746,0.9663238057482,-0.15037227864561,-3.8419480947676e-07,3.8760464890162e-06
1.74625,0.96531243684263,-0.1563401392672,-3.6873508982094e-07,3.8821957666339e-06
1.7465,0.96426420183464,-0.16230241259658,-3.5327073013619e-07,3.8882694709584e-06
1.74675,0.96317912571904,-0.16825888081366,-3.3780168535072e-07,3.8942680944826e-06
1.747,0.96205723450473,-0.1742093261299,-3.2232789798235e-07,3.9001921226456e-06
1.74725,0.96089855521726,-0.18015353078853,-3.068492982357e-07,3.9060420337459e-06
1.7475,0.95970311590139,-0.18609127706463,-2.913658040967e-07,3.9118182988566e-06
1.74775,0.95847094562385,-0.19202234726555,-2.7587732142404e-07,3.9175213817434e-06
1.748,0.957202074476,-0.19794652373125,-2.6038374403775e-07,3.9231517387841e-06
1.74825,0.95589653357683,-0.20386358883481,-2.4488495380501e-07,3.9287098188894e-06
1.7485,0.95455435507576,-0.209773324983,-2.2938082072269e-07,3.9341960634268e-06
1.74875,0.95317557215572,-0.21567551461698,-2.1387120299716e-07,3.9396109061447e-06
1.749,0.95176021903621,-0.22156994021306,-1.9835594712092e-07,3.9449547730994e-06
1.74925,0.95030833097643,-0.22745638428358,-1.8283488794605e-07,3.9502280825821e-06
1.7495,0.94881994427853,-0.23333462937792,-1.6730784875474e-07,3.9554312450493e-06
1.74975,0.94729509629084,-0.23920445808351,-1.5177464132659e-07,3.9605646630525e-06
1.75,0.94573382541123,-0.24506565302708,-1.3623506600259e-07,3.9656287311707e-06
1.75025,0.94413617109056,-0.25091799687589,-1.2068891174615e-07,3.9706238359435e-06
1.7505,0.94250217383605,-0.25676127233918,-1.0513595620058e-07,3.9755503558051e-06
1.75075,0.94083187521487,-0.26259526216956,-8.9575965743571e-08,3.9804086610195e-06
1.751,0.93912531785769,-0.2684197491647,-7.4008695538176e-08,3.9851991136172e-06
1.75125,0.93738254546224,-0.27423451616902,-5.8433889580447e-08,3.9899220673319e-06
1.7515,0.93560360279706,-0.28003934607548,-4.285128074384e-08,3.9945778675386e-06
1.75175,0.93378853570516,-0.28583402182748,-2.7260590820068e-08,3.9991668511924e-06
1.752,0.93193739110776,-0.29161832642096,-1.1661530556526e-08,4.0036893467675e-06
1.75225,0.93005021700813,-0.29739204290647,3.9462003096322e-09,4.0081456741975e-06
1.7525,0.92812706249537,-0.3031549543915,1.9562913021114e-08,4.0125361448157e-06
1.75275,0.92616797774831,-0.30890684404273,3.5188929773458e-08,4.016861061296e-06
1.753,0.9241730140394,-0.31464749508861,5.082458369171e-08,4.0211207175945e-06
1.75325,0.9221422237386,-0.32037669082191,6.6470218810688e-08,4.0253153988906e-06
1.7535,0.9200756603174,-0.32609421460241,8.2126190058784e-08,4.0294453815293e-06
1.75375,0.91797337835273,-0.33179984985971,9.7792863245552e-08,4.0335109329634e-06
1.754,0.91583543353103,-0.33749338009617,1.13470615053e-07,4.0375123116952e-06
1.75425,0.91366188265219,-0.34317458888994,1.2915983303052e-07,4.041449767219e-06
1.7545,0.91145278363367,-0.34884325989815,1.4486091559375e-07,4.0453235399636e-06
1.75475,0.90920819551449,-0.35449917686009,1.6057427202711e-07,4.0491338612339e-06
1.755,0.90692817845934,-0.36014212360069,1.7630032249028e-07,4.0528809531533e-06
1.75525,0.9046127937626,-0.36577188403397,1.9203949802863e-07,4.0565650286056e-06
1.7555,0.90226210385248,-0.37138824216664,2.0779224058741e-07,4.0601862911762e-06
1.75575,0.89987617229506,-0.37699098210184,2.2355900303009e-07,4.0637449350935e-06
1.756,0.89745506379842,-0.382579888043,2.3934024916066e-07,4.0672411451699e-06
1.75625,0.89499884421667,-0.38815474429775,2.5513645374995e-07,4.0706750967419e-06
1.7565,0.89250758055407,-0.39371533528203,2.7094810256615e-07,4.0740469556101e-06
1.75675,0.88998134096912,-0.39926144552424,2.8677569240939e-07,4.0773568779788e-06
1.757,0.88742019477858,-0.40479285966954,3.0261973115063e-07,4.080605010394e-06
1.75725,0.88482421246158,-0.41030936248429,3.1848073777473e-07,4.0837914896822e-06
1.7575,0.88219346566363,-0.41581073886054,3.3435924242782e-07,4.0869164428869e-06
1.75775,0.87952802720068,-0.42129677382067,3.5025578646907e-07,4.0899799872058e-06
1.758,0.87682797106307,-0.42676725252213,3.6617092252691e-07,4.0929822299256e-06
1.75825,0.87409337241962,-0.43222196026233,3.8210521455956e-07,4.0959232683574e-06
1.7585,0.87132430762148,-0.43766068248359,3.9805923792032e-07,4.0988031897698e-06
1.75875,0.86852085420619,-0.44308320477818,4.1403357942721e-07,4.101622071322e-06
1.759,0.86568309090149,-0.44848931289358,4.3002883743741e-07,4.104379979995e-06
1.75925,0.86281109762927,-0.45387879273775,4.4604562192645e-07,4.1070769725223e-06
1.7595,0.8599049555094,-0.45925143038452,4.6208455457198e-07,4.1097130953189e-06
1.75975,0.85696474686354,-0.46460701207912,4.7814626884258e-07,4.1122883844094e-06
1.76,0.85399055521892,-0.46994532424382,4.9423141009146e-07,4.1148028653547e-06
1.76025,0.85098246531208,-0.47526615348362,5.1034063565501e-07,4.1172565531768e-06
1.7605,0.84794056309258,-0.48056928659214,5.2647461495668e-07,4.1196494522834e-06
1.76075,0.84486493572662,-0.48585451055749,5.426340296157e-07,4.1219815563896e-06
1.761,0.84175567160069,-0.49112161256836,5.5881957356127e-07,4.1242528484389e-06
1.76125,0.83861286032507,-0.49637038002015,5.75031953152e-07,4.1264633005227e-06
1.7615,0.83543659273737,-0.50160060052122,5.9127188730062e-07,4.1286128737974e-06
1.76175,0.832226960906,-0.50681206189922,6.0754010760446e-07,4.1307015184007e-06
1.762,0.8289840581335,-0.51200455220755,6.2383735848118e-07,4.1327291733654e-06
1.76225,0.82570797895995,-0.51717785973189,6.401643973104e-07,4.134695766532e-06
1.7625,0.8223988191662,-0.52233177299686,6.5652199458113e-07,4.1366012144586e-06
1.76275,0.81905667577709,-0.52746608077269,6.7291093404491e-07,4.13844542233e-06
1.763,0.81568164706464,-0.53258057208213,6.8933201287505e-07,4.1402282838638e-06
1.76325,0.81227383255107,-0.53767503620733,7.0578604183204e-07,4.1419496812151e-06
1.7635,0.80883333301187,-0.54274926269682,7.22273845435e-07,4.1436094848786e-06
1.76375,0.80536025047872,-0.54780304137266,7.3879626213958e-07,4.1452075535894e-06
1.764,0.80185468824238,-0.55283616233758,7.5535414452235e-07,4.1467437342202e-06
1.76425,0.79831675085547,-0.55784841598231,7.7194835947164e-07,4.1482178616778e-06
1.7645,0.7947465441352,-0.56283959299287,7.885797883852e-07,4.1496297587961e-06
1.76475,0.79114417516601,-0.56780948435804,8.0524932737468e-07,4.1509792362275e-06
1.765,0.78750975230215,-0.57275788137691,8.2195788747701e-07,4.1522660923313e-06
1.76525,0.78384338517015,-0.57768457566644,8.3870639487316e-07,4.1534901130599e-06
1.7655,0.7801451846712,-0.58258935916914,8.554957911138e-07,4.1546510718425e-06
1.76575,0.77641526298351,-0.58747202416085,8.7232703335279e-07,4.1557487294662e-06
1.766,0.77265373356448,-0.59233236325854,8.8920109458794e-07,4.156782833954e-06
1.76625,0.76886071115288,-0.59717016942825,9.0611896390973e-07,4.1577531204409e-06
1.7665,0.76503631177087,-0.60198523599301,9.2308164675796e-07,4.1586593110464e-06
1.76675,0.76118065272596,-0.60677735664092,9.4009016518631e-07,4.1595011147449e-06
1.767,0.75729385261288,-0.61154632543323,9.5714555813541e-07,4.1602782272325e-06
1.76725,0.75337603131531,-0.61629193681253,9.7424888171433e-07,4.1609903307914e-06
1.7675,0.74942731000759,-0.62101398561097,9.9140120949061e-07,4.1616370941511e-06
1.76775,0.74544781115627,-0.62571226705853,1.0086036327894e-06,4.1622181723465e-06
1.768,0.74143765852154,-0.63038657679142,1.0258572610014e-06,4.162733206573e-06
1.76825,0.73739697715867,-0.63503671086044,1.0431632219003e-06,4.1631818240384e-06
1.7685,0.73332589341921,-0.63966246573948,1.0605226619699e-06,4.1635636378111e-06
1.76875,0.72922453495217,-0.64426363833397,1.0779367467403e-06,4.163878246666e-06
1.769,0.72509303070509,-0.6488400259895,1.095406661135e-06,4.1641252349261e-06
1.76925,0.72093151092496,-0.6533914265004,1.1129336098275e-06,4.164304172301e-06
1.7695,0.71674010715908,-0.65791763811837,1.1305188176088e-06,4.1644146137222e-06
1.76975,0.71251895225575,-0.66241845956121,1.1481635297654e-06,4.1644560991745e-06
1.77,0.70826818036496,-0.66689369002153,1.1658690124685e-06,4.1644281535238e-06
1.77025,0.70398792693884,-0.67134312917549,1.1836365531742e-06,4.1643302863417e-06
1.7705,0.69967832873204,-0.67576657719167,1.201467461036e-06,4.1641619917258e-06
1.77075,0.69533952380209,-0.68016383473986,1.2193630673282e-06,4.1639227481166e-06
1.771,0.69097165150949,-0.68453470299989,1.2373247258822e-06,4.1636120181105e-06
1.77125,0.68657485251781,-0.68887898367061,1.2553538135353e-06,4.163229248269e-06
1.7715,0.68214926879358,-0.69319647897871,1.2734517305918e-06,4.1627738689234e-06
1.77175,0.67769504360618,-0.69748699168774,1.2916199012978e-06,4.1622452939767e-06
1.772,0.67321232152747,-0.70175032510699,1.3098597743296e-06,4.1616429206997e-06
1.77225,0.6687012484314,-0.70598628310052,1.3281728232954e-06,4.160966129525e-06
1.7725,0.66416197149348,-0.71019467009611,1.3465605472521e-06,4.160214283835e-06
1.77275,0.65959463919014,-0.71437529109426,1.3650244712362e-06,4.1593867297467e-06
1.773,0.65499940129791,-0.71852795167721,1.3835661468097e-06,4.1584827958923e-06
1.77325,0.65037640889255,-0.72265245801794,1.402187152622e-06,4.1575017931945e-06
1.7735,0.64572581434806,-0.72674861688917,1.4208890949877e-06,4.1564430146388e-06
1.77375,0.64104777133546,-0.7308162356724,1.4396736084799e-06,4.1553057350398e-06
1.774,0.63634243482161,-0.73485512236689,1.4585423565415e-06,4.1540892108044e-06
1.77425,0.63160996106782,-0.73886508559865,1.477497032113e-06,4.1527926796898e-06
1.7745,0.62685050762826,-0.74284593462949,1.4965393582787e-06,4.1514153605568e-06
1.77475,0.62206423334843,-0.74679747936594,1.5156710889305e-06,4.1499564531184e-06
1.775,0.61725129836338,-0.75071953036824,1.534894009451e-06,4.1484151376847e-06
1.77525,0.61241186409579,-0.75461189885928,1.5542099374162e-06,4.1467905749017e-06
1.7755,0.60754609325403,-0.75847439673357,1.5736207233177e-06,4.145081905486e-06
1.77575,0.60265414983,-0.76230683656607,1.5931282513055e-06,4.1432882499551e-06
1.776,0.59773619909693,-0.76610903162111,1.6127344399522e-06,4.1414087083521e-06
1.77625,0.59279240760697,-0.76988079586123,1.6324412430385e-06,4.1394423599659e-06
1.7765,0.58782294318871,-0.77362194395601,1.6522506503619e-06,4.1373882630465e-06
1.77675,0.58282797494459,-0.7773322912908,1.6721646885673e-06,4.1352454545155e-06
1.777,0.57780767324817,-0.78101165397551,1.6921854220025e-06,4.1330129496713e-06
1.77725,0.57276220974122,-0.78465984885328,1.7123149535978e-06,4.1306897418898e-06
1.7775,0.56769175733082,-0.78827669350911,1.7325554257699e-06,4.1282748023196e-06
1.77775,0.56259649018622,-0.79186200627852,1.7529090213536e-06,4.1257670795726e-06
1.778,0.55747658373563,-0.79541560625603,1.7733779645587e-06,4.1231654994099e-06
1.77825,0.5523322146629,-0.79893731330372,1.7939645219548e-06,4.1204689644217e-06
1.7785,0.54716356090401,-0.80242694805961,1.8146710034855e-06,4.1176763537033e-06
1.77875,0.54197080164359,-0.80588433194609,1.8354997635107e-06,4.1147865225258e-06
1.779,0.53675411731115,-0.80930928717819,1.8564532018794e-06,4.1117983020013e-06
1.77925,0.53151368957729,-0.81270163677183,1.8775337650345e-06,4.1087104987444e-06
1.7795,0.52624970134982,-0.81606120455201,1.8987439471487e-06,4.1055218945273e-06
1.77975,0.52096233676967,-0.81938781516092,1.9200862912938e-06,4.1022312459316e-06
1.78,0.51565178120674,-0.82268129406592,1.9415633906449e-06,4.0988372839945e-06
1.78025,0.5103182212557,-0.82594146756749,1.9631778897185e-06,4.0953387138501e-06
1.7805,0.50496184473153,-0.82916816280713,1.9849324856486e-06,4.0917342143667e-06
1.78075,0.49958284066509,-0.83236120777511,2.0068299294989e-06,4.0880224377794e-06
1.781,0.49418139929852,-0.83552043131809,2.0288730276145e-06,4.084202009318e-06
1.78125,0.48875771208049,-0.8386456631468,2.0510646430136e-06,4.0802715268309e-06
1.7815,0.48331197166146,-0.84173673384347,2.0734076968201e-06,4.0762295604044e-06
1.78175,0.47784437188872,-0.84479347486926,2.0959051697389e-06,4.0720746519787e-06
1.782,0.4723551078014,-0.84781571857147,2.1185601035757e-06,4.0678053149591e-06
1.78225,0.46684437562533,-0.8508032981908,2.1413756028011e-06,4.0634200338245e-06
1.7825,0.46131237276782,-0.8537560478684,2.1643548361626e-06,4.0589172637311e-06
1.78275,0.45575929781238,-0.85667380265278,2.1875010383448e-06,4.0542954301142e-06
1.783,0.45018535051326,-0.85955639850669,2.2108175116789e-06,4.0495529282863e-06
1.78325,0.44459073178996,-0.86240367231384,2.2343076279052e-06,4.044688123032e-06
1.7835,0.43897564372165,-0.86521546188545,2.2579748299872e-06,4.039699348201e-06
1.78375,0.43334028954143,-0.86799160596677,2.2818226339826e-06,4.034584906299e-06
1.784,0.42768487363061,-0.87073194424338,2.3058546309696e-06,4.0293430680761e-06
1.78425,0.4220096015128,-0.87343631734742,2.3300744890338e-06,4.0239720721143e-06
1.7845,0.41631467984796,-0.87610456686362,2.3544859553141e-06,4.0184701244135e-06
1.78475,0.41060031642638,-0.87873653533525,2.3790928581126e-06,4.0128353979774e-06
1.785,0.40486672016259,-0.88133206626993,2.4038991090696e-06,4.0070660323983e-06
1.78525,0.39911410108909,-0.88389100414518,2.4289087054045e-06,4.0011601334435e-06
1.7855,0.39334267035019,-0.88641319441399,2.4541257322276e-06,3.9951157726411e-06
1.78575,0.38755264019557,-0.8888984835101,2.4795543649227e-06,3.9889309868685e-06
1.786,0.38174422397394,-0.89134671885322,2.5051988716043e-06,3.9826037779426e-06
1.78625,0.37591763612655,-0.89375774885395,2.5310636156512e-06,3.9761321122124e-06
1.7865,0.37007309218063,-0.89613142291875,2.5571530583201e-06,3.9695139201555e-06
1.78675,0.36421080874278,-0.89846759145452,2.5834717614405e-06,3.9627470959792e-06
1.787,0.35833100349236,-0.90076610587314,2.6100243901949e-06,3.9558294972262e-06
1.78725,0.35243389517472,-0.90302681859585,2.6368157159866e-06,3.9487589443869e-06
1.7875,0.34651970359446,-0.90524958305733,2.6638506193989e-06,3.9415332205186e-06
1.78775,0.34058864960859,-0.90743425370973,2.6911340932472e-06,3.9341500708727e-06
1.788,0.33464095511968,-0.90958068602643,2.7186712457293e-06,3.9266072025317e-06
1.78825,0.32867684306895,-0.91168873650568,2.7464673036756e-06,3.9189022840562e-06
1.7885,0.32269653742929,-0.91375826267397,2.7745276159041e-06,3.9110329451442e-06
1.78875,0.31670026319834,-0.91578912308925,2.802857656682e-06,3.9029967763033e-06
1.789,0.31068824639137,-0.917781177344,2.8314630293002e-06,3.894791328538e-06
1.78925,0.30466071403435,-0.91973428606796,2.8603494697615e-06,3.886414113053e-06
1.7895,0.29861789415677,-0.92164831093082,2.8895228505899e-06,3.8778626009748e-06
1.78975,0.2925600157846,-0.92352311464458,2.918989184762e-06,3.8691342230932e-06
1.79,0.28648730893316,-0.92535856096572,2.9487546297672e-06,3.8602263696249e-06
1.79025,0.28040000459999,-0.92715451469721,2.9788254918e-06,3.8511363900009e-06
1.7905,0.27429833475769,-0.92891084169028,3.0092082300893e-06,3.8418615926799e-06
1.79075,0.26818253234682,-0.93062740884586,3.03990946137e-06,3.832399244991e-06
1.791,0.2620528312687,-0.93230408411599,3.0709359645007e-06,3.8227465730074e-06
1.79125,0.25590946637826,-0.93394073650482,3.1022946852347e-06,3.812900761454e-06
1.7915,0.24975267347696,-0.93553723606946,3.1339927411472e-06,3.8028589536517e-06
1.79175,0.24358268930558,-0.93709345392063,3.1660374267263e-06,3.7926182515025e-06
1.792,0.23739975153714,-0.93860926222295,3.1984362186329e-06,3.7821757155175e-06
1.79225,0.23120409876981,-0.94008453419509,3.2311967811349e-06,3.7715283648917e-06
1.7925,0.22499597051982,-0.94151914410964,3.2643269717226e-06,3.7606731776302e-06
1.79275,0.21877560721443,-0.94291296729272,3.2978348469119e-06,3.749607090729e-06
1.793,0.21254325018486,-0.94426588012333,3.331728668241e-06,3.7383270004145e-06
1.79325,0.20629914165942,-0.94557776003246,3.366016908468e-06,3.7268297624479e-06
1.7935,0.2000435247565,-0.94684848550191,3.4007082579772e-06,3.7151121924974e-06
1.79375,0.19377664347771,-0.94807793606289,3.4358116314005e-06,3.7031710665848e-06
1.794,0.18749874270107,-0.94926599229425,3.4713361744611e-06,3.6910031216118e-06
1.79425,0.18121006817422,-0.9504125358206,3.5072912710496e-06,3.6786050559721e-06
1.7945,0.17491086650772,-0.95151744930997,3.5436865505377e-06,3.6659735302548e-06
1.79475,0.16860138516846,-0.9525806164713,3.5805318953405e-06,3.6531051680475e-06
1.795,0.16228187247305,-0.95360192205162,3.6178374487346e-06,3.6399965568447e-06
1.79525,0.15595257758137,-0.95458125183293,3.6556136229411e-06,3.6266442490705e-06
1.7955,0.14961375049019,-0.95551849262878,3.693871107484e-06,3.6130447632231e-06
1.79575,0.14326564202686,-0.95641353228056,3.7326208778319e-06,3.5991945851501e-06
1.796,0.13690850384315,-0.95726625965349,3.7718742043342e-06,3.5850901694636e-06
1.79625,0.13054258840915,-0.95807656463232,3.8116426614618e-06,3.5707279411062e-06
1.7965,0.12416814900728,-0.95884433811663,3.8519381373617e-06,3.5561042970768e-06
1.79675,0.11778543972649,-0.95956947201598,3.8927728437387e-06,3.5412156083292e-06
1.797,0.11139471545644,-0.96025185924454,3.9341593260728e-06,3.5260582218536e-06
1.79725,0.10499623188203,-0.96089139371558,3.9761104741854e-06,3.5106284629566e-06
1.7975,0.098590245477871,-0.96148797033548,4.0186395331663e-06,3.4949226377503e-06
1.79775,0.092177013502974,-0.96204148499753,4.0617601146724e-06,3.4789370358669e-06
1.798,0.085756793995648,-0.96255183457529,4.1054862086118e-06,3.4626679334145e-06
1.79825,0.079329845768487,-0.96301891691569,4.1498321952258e-06,3.446111596189e-06
1.7985,0.072896428403536,-0.9634426308317,4.1948128575815e-06,3.4292642831614e-06
1.79875,0.066456802247688,-0.96382287609474,4.2404433944896e-06,3.4121222502581e-06
1.799,0.060011228408211,-0.96415955342664,4.2867394338598e-06,3.3946817544546e-06
1.79925,0.053559968748471,-0.9644525644913,4.333717046509e-06,3.3769390582036e-06
1.7995,0.047103285883916,-0.96470181188599,4.3813927604364e-06,3.3588904342206e-06
1.79975,0.040641443178183,-0.96490719913219,4.4297835755801e-06,3.3405321706499e-06
1.8,0.034174704739508,-0.96506863066616,4.4789069790697e-06,3.3218605766381e-06
1.80025,0.027703335417318,-0.96518601182906,4.5287809609911e-06,3.302871988341e-06
1.8005,0.021227600799047,-0.9652592488567,4.5794240306785e-06,3.283562775394e-06
1.80075,0.014747767207264,-0.96528824886889,4.6308552335476e-06,3.2639293478753e-06
1.801,0.0082641016969764,-0.96527291985839,4.6830941684891e-06,3.2439681637972e-06
1.80125,0.0017768720532766,-0.96521317067948,4.7361610058344e-06,3.2236757371575e-06
1.8015,-0.0047136532107845,-0.96510891103604,4.7900765059124e-06,3.2030486465906e-06
1.80175,-0.011207204856039,-0.96496005146933,4.8448620382115e-06,3.1820835446563e-06
1.802,-0.017703512918693,-0.96476650334523,4.9005396011634e-06,3.1607771678091e-06
1.80225,-0.02420230671156,-0.9645281788411,4.9571318425637e-06,3.1391263470925e-06
1.8025,-0.030703314824973,-0.96424499093223,5.0146620806458e-06,3.1171280196054e-06
1.80275,-0.037206265127313,-0.96391685337778,5.0731543258214e-06,3.0947792407922e-06
1.803,-0.043710884765248,-0.96354368070632,5.1326333031043e-06,3.0720771976091e-06
1.80325,-0.050216900163608,-0.96312538820088,5.1931244752302e-06,3.0490192226242e-06
1.8035,-0.056724037024846,-0.96266189188356,5.2546540664862e-06,3.0256028091128e-06
1.80375,-0.063232020328188,-0.96215310849964,5.3172490872642e-06,3.0018256272107e-06
1.804,-0.069740574328316,-0.96159895550122,5.3809373593461e-06,2.9776855411954e-06
1.80425,-0.07624942255369,-0.96099935103039,5.4457475419364e-06,2.9531806279672e-06
1.8045,-0.082758287804451,-0.96035421390184,5.5117091584471e-06,2.9283091968073e-06
1.80475,-0.089266892149833,-0.95966346358508,5.5788526240436e-06,2.9030698104951e-06
1.805,-0.095774956925198,-0.95892702018598,5.6472092739594e-06,2.8774613078713e-06
1.80525,-0.10228220272853,-0.95814480442798,5.7168113925792e-06,2.851482827939e-06
1.8055,-0.10878834941649,-0.95731673763259,5.7876922432947e-06,2.8251338355998e-06
1.80575,-0.1152931161,-0.95644274169947,5.85988609913e-06,2.7984141491296e-06
1.806,-0.1217962211392,-0.95552273908592,5.9334282741312e-06,2.7713239695031e-06
1.80625,-0.128297382138,-0.95455665278576,6.0083551555125e-06,2.7438639116817e-06
1.8065,-0.13479631593801,-0.95354440630776,6.0847042365456e-06,2.7160350379907e-06
1.80675,-0.14129273861188,-0.95248592365336,6.1625141501748e-06,2.6878388937117e-06
1.807,-0.14778636545615,-0.95138112929389,6.2418247033364e-06,2.6592775450314e-06
1.80725,-0.15427691098338,-0.95022994814714,6.3226769119513e-06,2.6303536194885e-06
1.8075,-0.16076408891368,-0.94903230555332,6.40511303656e-06,2.6010703490743e-06
1.80775,-0.16724761216566,-0.94778812725043,6.489176618554e-06,2.5714316161463e-06
1.808,-0.17372719284661,-0.94649733934897,6.5749125169551e-06,2.541442002327e-06
1.80825,-0.18020254224205,-0.94515986830599,6.6623669456826e-06,2.5111068405654e-06
1.8085,-0.18667337080454,-0.94377564089849,6.7515875112403e-06,2.4804322705509e-06
1.80875,-0.19313938814175,-0.94234458419616,6.8426232507396e-06,2.4494252976771e-06
1.809,-0.19960030300376,-0.94086662553344,6.9355246701697e-06,2.4180938557635e-06
1.80925,-0.20605582326961,-0.9393416924808,7.0303437828041e-06,2.3864468737534e-06
1.8095,-0.21250565593291,-0.93776971281542,7.1271341476256e-06,2.3544943466164e-06
1.80975,-0.2189495070868,-0.93615061449109,7.2259509076276e-06,2.3222474106927e-06
1.81,-0.22538708190784,-0.93448432560732,7.3268508278377e-06,2.289718423731e-06
1.81025,-0.23181808463912,-0.93277077437776,7.4298923328848e-06,2.2569210498764e-06
1.8105,-0.23824221857239,-0.93100988909783,7.5351355439116e-06,2.2238703498798e-06
1.81075,-0.24465918602923,-0.92920159811153,7.6426423146073e-06,2.1905828768086e-06
1.811,-0.2510686883412,-0.92734582977745,7.7524762661123e-06,2.1570767775463e-06
1.81125,-0.25747042582902,-0.92544251243399,7.8647028205135e-06,2.1233719003824e-06
1.8115,-0.2638640977806,-0.92349157436368,7.9793892326191e-06,2.0894899089974e-06
1.81175,-0.27024940242802,-0.92149294375672,8.0966046196687e-06,2.0554544031588e-06
1.812,-0.27662603692335,-0.91944654867352,8.2164199885905e-06,2.0212910464496e-06
1.81225,-0.28299369731328,-0.91735231700646,8.3389082603846e-06,1.9870277013542e-06
1.8125,-0.28935207851252,-0.91521017644067,8.4641442911594e-06,1.9526945720346e-06
1.81275,-0.29570087427596,-0.91302005441386,8.5922048893036e-06,1.9183243551247e-06
1.813,-0.3020397771695,-0.91078187807524,8.7231688282226e-06,1.8839523988759e-06
1.81325,-0.30836847853952,-0.9084955742434,8.8571168540116e-06,1.8496168709786e-06
1.8135,-0.31468666848091,-0.90616106936322,8.9941316873765e-06,1.8153589353798e-06
1.81375,-0.32099403580374,-0.90377828946176,9.1342980190498e-06,1.7812229384032e-06
1.814,-0.32729026799833,-0.90134716010304,9.2777024978745e-06,1.7472566044659e-06
1.81425,-0.33357505119877,-0.89886760634182,9.4244337106596e-06,1.7135112416598e-06
1.8145,-0.33984807014486,-0.89633955267624,9.5745821528255e-06,1.6800419574424e-06
1.81475,-0.34610900814235,-0.89376292299929,9.7282401887751e-06,1.6469078846455e-06
1.815,-0.35235754702144,-0.89113764054925,9.8855020008376e-06,1.6141724179683e-06
1.81525,-0.35859336709346,-0.88846362785878,1.0046463525533e-05,1.5819034610693e-06
1.8155,-0.36481614710572,-0.88574080670296,1.021122237581e-05,1.5501736843098e-06
1.81575,-0.37102556419441,-0.88296909804599,1.0379877747806e-05,1.51906079313e-06
1.816,-0.37722129383545,-0.88014842198663,1.0552530310558e-05,1.4886478069487e-06
1.81625,-0.38340300979328,-0.87727869770244,1.0729282077011e-05,1.4590233483816e-06
1.8165,-0.38957038406757,-0.87435984339251,1.0910236254513e-05,1.4302819424507e-06
1.81675,-0.39572308683749,-0.87139177621902,1.1095497072912e-05,1.4025243253284e-06
1.817,-0.40186078640386,-0.86837441224725,1.1285169588228e-05,1.3758577619994e-06
1.81725,-0.40798314912874,-0.86530766638429,1.1479359459766e-05,1.3503963720531e-06
1.8175,-0.41408983937256,-0.86219145231615,1.1678172698421e-05,1.326261462615e-06
1.81775,-0.42018051942865,-0.85902568244349,1.1881715383825e-05,1.3035818672028e-06
1.818,-0.42625484945502,-0.85581026781575,1.2090093347874e-05,1.2824942890398e-06
1.81825,-0.43231248740334,-0.85254511806372,1.2303411822103e-05,1.2631436470764e-06
1.8185,-0.43835308894507,-0.84923014133048,1.2521775046278e-05,1.2456834226533e-06
1.81875,-0.44437630739436,-0.84586524420072,1.2745285835543e-05,1.2302760043991e-06
1.819,-0.45038179362803,-0.84245033162832,1.2974045103405e-05,1.2170930285672e-06
1.81925,-0.45636919600204,-0.83898530686226,1.3208151337856e-05,1.2063157116019e-06
1.8195,-0.46233816026468,-0.83547007137068,1.3447700027955e-05,1.1981351712709e-06
1.81975,-0.46828832946617,-0.83190452476316,1.3692783038255e-05,1.1927527322059e-06
1.82,-0.47421934386448,-0.82828856471115,1.3943487928604e-05,1.1903802111703e-06
1.82025,-0.48013084082744,-0.82462208686642,1.4199897217014e-05,1.1912401768074e-06
1.8205,-0.48602245473072,-0.82090498477762,1.446208758355e-05,1.195566178029e-06
1.82075,-0.49189381685166,-0.81713714980481,1.4730129013509e-05,1.2036029345836e-06
1.821,-0.49774455525878,-0.81331847103196,1.5004083878576e-05,1.2156064826938e-06
1.82125,-0.50357429469674,-0.80944883517725,1.5284005955153e-05,1.2318442679944e-06
1.8215,-0.50938265646657,-0.80552812650139,1.5569939379676e-05,1.2525951773331e-06
1.82175,-0.51516925830103,-0.80155622671355,1.586191754148e-05,1.2781495003347e-06
1.822,-0.52093371423474,-0.79753301487518,1.6159961914631e-05,1.3088088109832e-06
1.82225,-0.52667563446907,-0.79345836730145,1.6464080831183e-05,1.3448857588758e-06
1.8225,-0.53239462523142,-0.78933215746031,1.6774268199434e-05,1.386703759246e-06
1.82275,-0.53809028862862,-0.78515425586923,1.7090502172129e-05,1.4345965703889e-06
1.823,-0.54376222249441,-0.78092452998933,1.7412743771001e-05,1.4889077467577e-06
1.82325,-0.54941002023043,-0.77664284411716,1.7740935475695e-05,1.5499899557745e-06
1.8235,-0.55503327064069,-0.77230905927373,1.8074999786936e-05,1.6182041463457e-06
1.82375,-0.56063155775916,-0.76792303309099,1.8414837775743e-05,1.6939185572236e-06
1.824,-0.56620446067007,-0.76348461969568,1.8760327632599e-05,1.7775075537534e-06
1.82425,-0.57175155332078,-0.75899366959027,1.9111323232696e-05,1.8693502822324e-06
1.8245,-0.57727240432677,-0.75445002953125,1.9467652735675e-05,1.9698291321136e-06
1.82475,-0.58276657676832,-0.74985354240452,1.9829117240642e-05,2.0793279976723e-06
1.825,-0.58823362797878,-0.74520404709782,2.0195489519598e-05,2.1982303325361e-06
1.82525,-0.59367310932374,-0.74050137837025,2.0566512854689e-05,2.3269169927037e-06
1.8255,-0.59908456597083,-0.73574536671876,2.0941900006922e-05,2.4657638663789e-06
1.82575,-0.60446753664976,-0.73093583824155,2.132133234588e-05,2.6151392921228e-06
1.826,-0.60982155340206,-0.7260726144984,2.1704459171714e-05,2.7754012705056e-06
1.82625,-0.61514614132009,-0.72115551236778,2.2090897261908e-05,2.9468944786081e-06
1.8265,-0.6204408182748,-0.71618434390073,2.2480230676132e-05,3.1299471013439e-06
1.82675,-0.6257050946317,-0.71115891617161,2.2872010852621e-05,3.3248674986165e-06
1.827,-0.6309384729546,-0.70607903112537,2.3265757028987e-05,3.5319407327181e-06
1.82725,-0.63614044769631,-0.70094448542165,2.3660957018947e-05,3.7514249860119e-06
1.8275,-0.64131050487591,-0.69575507027543,2.4057068374165e-05,3.9835479047183e-06
1.82775,-0.64644812174187,-0.69051057129428,2.4453519957039e-05,4.2285029103776e-06
1.828,-0.65155276642021,-0.68521076831229,2.4849713945871e-05,4.4864455261278e-06
1.82825,-0.65662389754724,-0.67985543522042,2.524502828838e-05,4.7574897701246e-06
1.8285,-0.66166096388588,-0.6744443397936,2.5638819612853e-05,5.0417046730039e-06
1.82875,-0.66666340392488,-0.66897724351422,2.6030426598643e-05,5.3391109800502e-06
1.829,-0.67163064546013,-0.66345390139229,2.6419173799049e-05,5.6496781014357e-06
1.82925,-0.67656210515707,-0.6578740617822,2.6804375900205e-05,5.9733213753073e-06
1.8295,-0.68145718809334,-0.65223746619604,2.7185342389545e-05,6.3098997084486e-06
1.82975,-0.68631528728073,-0.64654384911364,2.7561382596982e-05,6.6592136575049e-06
1.83,-0.69113578316521,-0.64079293778932,2.7931811061401e-05,7.0210040102358e-06
1.83025,-0.6959180431042,-0.63498445205545,2.8295953164827e-05,7.3949509208665e-06
1.8305,-0.70066142081971,-0.62911810412286,2.8653150966942e-05,7.780673646306e-06
1.83075,-0.70536525582621,-0.62319359837832,2.9002769163934e-05,8.1777309208755e-06
1.831,-0.71002887283197,-0.6172106311791,2.9344201088353e-05,8.5856219963823e-06
1.83125,-0.71465158111248,-0.61116889064484,2.9676874660984e-05,9.003788362064e-06
1.8315,-0.71923267385445,-0.60506805644696,3.000025820214e-05,9.4316161454819e-06
1.83175,-0.72377142746905,-0.59890779959563,3.0313866008435e-05,9.868439181158e-06
1.832,-0.72826710087253,-0.59268778222486,3.0617263602152e-05,1.0313542719102e-05
1.83225,-0.73271893473277,-0.58640765737567,3.0910072564001e-05,1.076616773083e-05
1.8325,-0.7371261506798,-0.58006706877789,3.1191974866149e-05,1.1225515756477e-05
1.83275,-0.74148795047848,-0.5736656506309,3.1462716631018e-05,1.1690754223716e-05
1.833,-0.74580351516131,-0.56720302738368,3.1722111252058e-05,1.21610221578e-05
1.83325,-0.75007200411924,-0.5606788135147,3.1970041825368e-05,1.2635436192609e-05
1.8335,-0.75429255414824,-0.55409261331219,3.2206462855107e-05,1.3113096785405e-05
1.83375,-0.75846427844935,-0.54744402065531,3.2431401210823e-05,1.3593094533394e-05
1.834,-0.76258626557949,-0.54073261879707,3.2644956330438e-05,1.4074516488191e-05
1.83425,-0.76665757835061,-0.5339579801496,3.2847299678279e-05,1.4556452365091e-05
1.8345,-0.77067725267424,-0.52711966607258,3.3038673482664e-05,1.5038000547423e-05
1.83475,-0.77464429634851,-0.52021722666605,3.3219388791637e-05,1.5518273792156e-05
1.835,-0.77855768778444,-0.5132502005683,3.3389822898111e-05,1.5996404551e-05
1.83525,-0.78241637466823,-0.50621811476031,3.3550416196486e-05,1.6471549831165e-05
1.8355,-0.78621927255604,-0.49912048437789,3.3701668541607e-05,1.6942895531347e-05
1.83575,-0.7899652633974,-0.49195681253296,3.3844135187356e-05,1.7409660200864e-05
1.836,-0.79365319398348,-0.48472659014576,3.3978422386331e-05,1.7871098182824e-05
1.83625,-0.79728187431585,-0.47742929578954,3.4105182733838e-05,1.8326502115252e-05
1.8365,-0.80085007589144,-0.47006439554994,3.4225110338939e-05,1.8775204776807e-05
1.83675,-0.80435652989887,-0.46263134290114,3.433893590274e-05,1.9216580275809e-05
1.837,-0.80779992532136,-0.45512957860119,3.4447421779686e-05,1.9650044592288e-05
1.83725,-0.81117890694074,-0.44755853060936,3.4551357091634e-05,2.0075055492571e-05
1.8375,-0.81449207323712,-0.43991761402844,3.4651552957181e-05,2.0491111844271e-05
1.83775,-0.81773797417828,-0.43220623107512,3.4748837890472e-05,2.0897752366317e-05
1.838,-0.82091510889256,-0.42442377108248,3.4844053414778e-05,2.129455385388e-05
1.83825,-0.82402192321855,-0.41656961053828,3.493804992683e-05,2.1681128921671e-05
1.8385,-0.82705680712466,-0.40864311316367,3.5031682838482e-05,2.2057123311208e-05
1.83875,-0.83001809199108,-0.40064363003729,3.5125809012957e-05,2.242221280837e-05
1.839,-0.83290404774642,-0.39257049977009,3.5221283503913e-05,2.2776099817056e-05
1.83925,-0.83571287985055,-0.38442304873702,3.5318956596999e-05,2.3118509633192e-05
1.8395,-0.83844272611501,-0.37620059137216,3.5419671145556e-05,2.3449186460848e-05
1.83975,-0.84109165335175,-0.36790243053459,3.5524260184665e-05,2.3767889209115e-05
1.84,-0.84365765384019,-0.35952785795321,3.5633544800968e-05,2.4074387104758e-05
1.84025,-0.8461386416026,-0.35107615475937,3.5748332229505e-05,2.4368455151725e-05
1.8405,-0.84853244847657,-0.34254659211718,3.586941414319e-05,2.4649869464615e-05
1.84075,-0.85083681997328,-0.33393843196244,3.5997565095469e-05,2.4918402499209e-05
1.841,-0.85304941090941,-0.32525092786216,3.6133541072042e-05,2.5173818199484e-05
1.84125,-0.85516778079984,-0.31648332600794,3.6278078103204e-05,2.5415867077186e-05
1.8415,-0.85718938899785,-0.30763486635789,3.6431890884316e-05,2.5644281237275e-05
1.84175,-0.85911158956871,-0.29870478394318,3.6595671347957e-05,2.5858769360438e-05
1.842,-0.86093162588171,-0.28969231035712,3.6770087127472e-05,2.6059011652605e-05
1.84225,-0.86264662490547,-0.2805966754464,3.6955779847703e-05,2.6244654771107e-05
1.8425,-0.86425359119,-0.27141710922619,3.7153363174715e-05,2.6415306737963e-05
1.84275,-0.86574940051884,-0.26215284404311,3.7363420552152e-05,2.6570531852888e-05
1.843,-0.86713079321355,-0.25280311701249,3.7586502547591e-05,2.6709845622247e-05
1.84325,-0.86839436707236,-0.2433671727591,3.7823123727782e-05,2.6832709725457e-05
1.8435,-0.86953656992397,-0.23384426649357,3.8073758977128e-05,2.6938527047534e-05
1.84375,-0.870553691777,-0.22423366746005,3.8338839169328e-05,2.7026636815831e-05
1.844,-0.87144185654497,-0.21453466279436,3.8618746097776e-05,2.7096309890805e-05
1.84425,-0.8721970133263,-0.20474656183581,3.8913806566677e-05,2.7146744275147e-05
1.8445,-0.87281492721832,-0.1948687009407,3.9224285541935e-05,2.7177060923159e-05
1.84475,-0.87329116964421,-0.1849004488499,3.9550378259544e-05,2.7186299953171e-05
1.845,-0.87362110817167,-0.17484121266894,3.9892201189824e-05,2.7173417390312e-05
1.84525,-0.87379989580226,-0.16469044452461,4.024978175949e-05,2.7137282595414e-05
1.8455,-0.87382245971072,-0.15444764896889,4.0623046741074e-05,2.7076676568327e-05
1.84575,-0.87368348941451,-0.14411239120817,4.1011809231997e-05,2.6990291350529e-05
1.846,-0.87337742435475,-0.13368430624405,4.141575416511e-05,2.6876730792477e-05
1.84625,-0.87289844087131,-0.12316310902011,4.1834422320477e-05,2.6734512995133e-05
1.8465,-0.87224043855729,-0.11254860567965,4.2267192846667e-05,2.6562074781726e-05
1.84675,-0.87139702598045,-0.10184070604912,4.2713264350948e-05,2.6357778603656e-05
1.847,-0.87036150576335,-0.091039437474057,4.3171634683947e-05,2.6119922331385e-05
1.84725,-0.86912685901811,-0.080144960147172,4.3641079627838e-05,2.5846752424387e-05
1.8475,-0.86768572913781,-0.069157584081448,4.4120130800155e-05,2.5536481009653e-05
1.84775,-0.86603040495336,-0.058077787897217,4.4607053209519e-05,2.518730742094e-05
1.848,-0.86415280327359,-0.046906239607825,4.5099823045828e-05,2.4797444754285e-05
1.84825,-0.86204445083668,-0.035643819606893,4.5596106455227e-05,2.43651519718e-05
1.8485,-0.859696465714,-0.024291646079548,4.6093240237047e-05,2.388877202621e-05
1.84875,-0.85709953822259,-0.012851103080655,4.65882156008e-05,2.3366776373211e-05
1.849,-0.85424391142084,-0.0013238715458815,4.707766632767e-05,2.279781607717e-05
1.84925,-0.85111936128406,0.010288036474481,4.755786288021e-05,2.2180779488111e-05
1.8495,-0.84771517668211,0.021982240043612,4.8024714178623e-05,2.1514856166388e-05
1.84975,-0.84402013931229,0.033755947685433,4.8473778889733e-05,2.0799606351496e-05
1.85,-0.84002250377673,0.045605911479787,4.8900288128259e-05,2.0035034814554e-05
1.85025,-0.83570997803587,0.057528376504975,4.9299181418476e-05,1.9221667409561e-05
1.8505,-0.83106970451972,0.069519025196085,4.9665157575098e-05,1.8360628067032e-05
1.85075,-0.82608824223646,0.081572916157268,4.9992741804631e-05,1.7453713388111e-05
1.851,-0.82075155028593,0.093684416935206,5.027636977802e-05,1.65034614452e-05
1.85125,-0.81504497326429,0.10584713023148,5.0510488669904e-05,1.5513210937287e-05
1.8515,-0.8089532291372,0.11805381300454,5.0689674205639e-05,1.4487146556666e-05
1.85175,-0.80246040026416,0.13029628788772,5.080876163499e-05,1.3430326376023e-05
1.852,-0.79554992837784,0.14256534633151,5.0862987321082e-05,1.2348687335116e-05
1.85225,-0.78820461446051,0.15485064286731,5.0848136384392e-05,1.1249025554677e-05
1.8525,-0.78040662461858,0.16714057988913,5.0760690690962e-05,1.0138949264463e-05
1.85275,-0.7721375032354,0.17942218236313,5.0597970555502e-05,9.0268035966418e-06
1.853,-0.76337819488603,0.19168096190605,5.0358262979869e-05,7.921568310867e-06
1.85325,-0.75410907672595,0.20390076972814,5.0040929184391e-05,6.832731579176e-06
1.8535,-0.74431000332032,0.21606363802051,4.9646484692898e-05,5.7701451184517e-06
1.85375,-0.73396036616248,0.22814960948801,4.9176646321566e-05,4.7438680385081e-06
1.854,-0.72303917044025,0.2401365548958,4.8634342042059e-05,3.7640085941912e-06
1.85425,-0.71152513194405,0.25199997872207,4.8023681706988e-05,2.8405744373035e-06
1.8545,-0.69939679737084,0.26371281330133,4.7349888833924e-05,1.9833428666478e-06
1.85475,-0.68663269165604,0.27524520221849,4.6619195780107e-05,1.2017629698727e-06
1.855,-0.67321149635534,0.28656427418711,4.5838706406614e-05,5.0490154904955e-07
1.85525,-0.65911226348836,0.29763390923526,4.5016231415301e-05,-9.8555443747618e-08
1.8555,-0.6443146696286,0.3084144997466,4.4160101621608e-05,-6.0023420320743e-07
1.85575,-0.6287993153608,0.31886270978318,4.3278963144156e-05,-9.9192462328778e-07
1.856,-0.6125480754945,0.32893123717004,4.2381555384135e-05,-1.2653375928253e-06
1.85625,-0.59554450558707,0.33856858406721,4.1476467011155e-05,-1.4117493712451e-06
1.8565,-0.57777431034171,0.34771884320929,4.0571855697016e-05,-1.4215070960328e-06
1.85675,-0.55922587924624,0.35632150866466,3.9675101691805e-05,-1.2833577283198e-06
1.857,-0.53989089433788,0.36431132185661,3.8792339078147e-05,-9.8354484569832e-07
1.85725,-0.51976501413064,0.37161816568405,3.7927763213035e-05,-5.0459169731493e-07
1.8575,-0.4988486364294,0.37816702184831,3.7082532210483e-05,1.7634656144844e-07
1.85775,-0.47714774087044,0.38387800887642,3.625293271862e-05,1.0897214483044e-06
1.858,-0.45467480945657,0.38866652073954,3.5427203705913e-05,2.2766157707392e-06
1.85825,-0.43144981997813,0.3924434882669,3.4579884989845e-05,3.7927200683018e-06
1.8585,-0.40750130292656,0.39511578756652,3.3661547565835e-05,5.7131478421228e-06
1.85875,-0.38286744722596,0.39658682114953,3.2579865039891e-05,8.1368842678419e-06
1.859,-0.35759723379446,0.39675729811288,3.1164698852964e-05,1.1186098299837e-05
1.85925,-0.331751568625,0.39552623920854,2.9105695093915e-05,1.4984898011142e-05
1.8595,-0.30540437886615,0.39279223050166,2.585344147248e-05,1.9573350509443e-05
1.85975,-0.27864362654198,0.38845494514909,2.0523798903709e-05,2.4651750562683e-05
1.86,-0.2515721854821,0.38241694616134,1.2063633257933e-05,2.9017817732164e-05
1.86025,-0.22430851834304,0.37458577344134,3.723075645065e-07,3.0021529783079e-05
1.8605,-0.19698708309378,0.36487630562624,-1.1669351710096e-05,2.4921171434953e-05
1.86075,-0.16975839301594,0.35321337119451,-1.9198493665595e-05,1.4792827642188e-05
1.861,-0.14278865231189,0.3395345641293,-2.06269133602e-05,4.3231147817216e-06
1.86125,-0.11625889208649,0.32379319772625,-1.8310530343822e-05,-3.3714772440923e-06
1.8615,-0.090363540013213,0.30596130694576,-1.4826915400757e-05,-8.0780177483044e-06
1.86175,-0.065308372462017,0.2860325866063,-1.1466625780328e-05,-1.0664166913119e-05
1.862,-0.041307820892526,0.26402513177254,-8.6335607723177e-06,-1.1945350291128e-05
1.86225,-0.018581634910909,0.23998383040446,-6.3624928452626e-06,-1.246018891737e-05
1.8625,0.0026490582895974,0.21398224941822,-4.5751591810986e-06,-1.2529520760607e-05
1.86275,0.022166216186009,0.18612385639418,-3.1755582277247e-06,-1.233946373601e-05
1.863,0.039759738775319,0.15654243241649,-2.0789234026528e-06,-1.199826920722e-05
1.86325,0.055232553557464,0.12540155819449,-1.217381084319e-06,-1.1569753363608e-05
1.8635,0.068405723108163,0.092893095642473,-5.3848041895097e-07,-1.109215963624e-05
1.86375,0.079123345443812,0.059234638829492,-2.1482183437515e-09,-1.0588767155672e-05
1.864,0.087257007017028,0.024665968307646,4.2221169613122e-07,-1.0073928970382e-05
1.86425,0.092709555587481,-0.010555393553544,7.5806148906913e-07,-9.5565711291229e-06
1.8645,0.095417986504198,-0.046159367337021,1.0235123102222e-06,-9.0422608526801e-06
1.86475,0.095355280078392,-0.081869029850693,1.2326501674298e-06,-8.5344532422458e-06
1.865,0.092531086477141,-0.11740660578915,1.3965149416852e-06,-8.0352569650338e-06
1.86525,0.086991222781568,-0.15249946763347,1.5238238667043e-06,-7.545912689767e-06
1.8655,0.07881601811645,-0.18688587429868,1.6215087640685e-06,-7.0670967473089e-06
1.86575,0.068117610267969,-0.22032020022264,1.6951177419941e-06,-6.5991165765221e-06
1.866,0.055036354707936,-0.25257744577092,1.7491179305239e-06,-6.1420380787652e-06
1.86625,0.039736549564138,-0.28345687253873,1.7871255268741e-06,-5.6957694920164e-06
1.8665,0.022401704907359,-0.3127846676543,1.8120820575768e-06,-5.2601171266535e-06
1.86675,0.0032295910436776,-0.34041560343961,1.8263905280723e-06,-4.8348226707333e-06
1.867,-0.017572710347418,-0.36623371710138,1.832021409155e-06,-4.41958829247e-06
1.86725,-0.039793553413114,-0.39015208495433,1.8305957555108e-06,-4.0140935856087e-06
1.8675,-0.063221110015453,-0.41211180397159,1.8234508478204e-06,-3.6180070162055e-06
1.86775,-0.087647263535616,-0.43208031879821,1.8116923750557e-06,-3.230993636116e-06
1.868,-0.11287093418902,-0.45004924486159,1.7962361733236e-06,-2.8527202464721e-06
1.86825,-0.13870079571679,-0.46603183917323,1.7778418042102e-06,-2.482858811084e-06
1.8685,-0.16495737882709,-0.48006026196691,1.7571397136469e-06,-2.1210886646648e-06
1.86875,-0.19147458583547,-0.49218275698206,1.7346533087619e-06,-1.7670978895347e-06
1.869,-0.21810066286461,-0.50246085853986,1.7108169873763e-06,-1.4205841185542e-06
1.86925,-0.24469869076749,-0.51096671190599,1.6859909259242e-06,-1.0812549429558e-06
1.8695,-0.27114666426257,-0.51778057171352,1.6604732573315e-06,-7.4882804942939e-07
1.86975,-0.29733723160457,-0.52298852287533,1.6345101368289e-06,-4.2303117329318e-07
1.87,-0.32317716562234,-0.5266804504086,1.608304090622e-06,-1.0360192850135e-07
1.87025,-0.34858663231042,-0.52894826945119,1.582020962324e-06,2.0971244297437e-07
1.8705,-0.37349831644624,-0.52988441464245,1.5557957095557e-06,5.1715537260131e-07
1.87075,-0.39785645585091,-0.52958057888109,1.5297372540062e-06,8.1896129678851e-07
1.871,-0.42161582765661,-0.52812668499239,1.5039325494575e-06,1.1153560039642e-06
1.87125,-0.44474072184462,-0.52561006966982,1.478450001467e-06,1.4065569872344e-06
1.8715,-0.46720392975834,-0.52211485679365,1.4533423478156e-06,1.6927737958048e-06
1.87175,-0.48898576850817,-0.51772149646494,1.428649089114e-06,1.9742083805719e-06
1.872,-0.51007315629525,-0.51250644645209,1.4043985430766e-06,2.2510554308889e-06
1.87225,-0.5304587487152,-0.50654197390086,1.3806095831251e-06,2.5235027006193e-06
1.8725,-0.55014014203525,-0.49989605683266,1.3572931115477e-06,2.7917313223736e-06
1.87275,-0.56911914619782,-0.49263236693021,1.3344533089269e-06,3.0559161093796e-06
1.873,-0.58740112779803,-0.48481031721579,1.3120886945864e-06,3.3162258448076e-06
1.87325,-0.60499442141087,-0.47648516033996,1.2901930270797e-06,3.5728235586292e-06
1.8735,-0.62190980630444,-0.46770812523117,1.2687560690338e-06,3.8258667922678e-06
1.87375,-0.63816004467091,-0.45852658175185,1.2477642367564e-06,4.0755078514006e-06
1.874,-0.65375947694971,-0.44898422473181,1.2272011517838e-06,4.3218940473453e-06
1.87425,-0.66872366953301,-0.43912127028773,1.207048108859e-06,4.5651679275062e-06
1.8745,-0.68306911006315,-0.42897465868801,1.1872844725812e-06,4.8054674953616e-06
1.87475,-0.69681294560487,-0.41857825918807,1.1678880130976e-06,5.0429264204901e-06
1.875,-0.70997275915463,-0.4079630732569,1.1488351896313e-06,5.2776742391174e-06
1.87525,-0.72256638020134,-0.39715743345399,1.1301013893215e-06,5.5098365456553e-06
1.8755,-0.7346117253499,-0.38618719591431,1.1116611277351e-06,5.7395351756915e-06
1.87575,-0.74612666533835,-0.37507592497459,1.093488216473e-06,5.9668883808612e-06
1.876,-0.75712891510812,-0.36384506894234,1.0755559024977e-06,6.192010996021e-06
1.87625,-0.7676359439103,-0.35251412638589,1.0578369831342e-06,6.4150145991183e-06
1.8765,-0.77766490274345,-0.34110080262317,1.0403039001282e-06,6.6360076641288e-06
1.87675,-0.78723256671418,-0.32962115632059,1.0229288156542e-06,6.8550957074201e-06
1.877,-0.79635529018629,-0.31808973629356,1.005683672755e-06,7.0723814278743e-06
1.87725,-0.80504897283781,-0.30651970873555,9.8854024233871e-07,7.2879648410855e-06
1.8775,-0.81332903497563,-0.29492297520109,9.7147015855731e-07,7.5019434079338e-06
1.87775,-0.82121040066598,-0.28331028173844,9.5444494413067e-07,7.7144121578138e-06
1.878,-0.82870748742572,-0.27169131961298,9.3743602695925e-07,7.9254638067885e-06
1.87825,-0.83583420138624,-0.26007481809018,9.204147491763e-07,8.1351888709165e-06
1.8785,-0.84260393698937,-0.24846862976016,9.0335236962775e-07,8.3436757749898e-06
1.87875,-0.84902958040557,-0.23687980888682,8.8622006062466e-07,8.5510109569089e-06
1.879,-0.85512351597895,-0.2253146832588,8.6898889969337e-07,8.7572789679009e-06
1.87925,-0.86089763510461,-0.2137789200056,8.5162985694052e-07,8.9625625687851e-06
1.8795,-0.8663633470312,-0.20227758582526,8.3411377856215e-07,9.1669428224711e-06
1.87975,-0.87153159115817,-0.19081520204955,8.164113669436e-07,9.3704991828642e-06
1.88,-0.87641285046344,-0.17939579494959,7.9849315773129e-07,9.5733095803486e-06
1.88025,-0.88101716575436,-0.16802294166186,7.8032949419638e-07,9.7754505040032e-06
1.8805,-0.88535415048471,-0.15669981209041,7.6189049915931e-07,9.976997080695e-06
1.88075,-0.88943300592272,-0.14542920711709,7.4314604469787e-07,1.0178023151193e-05
1.881,-0.89326253649202,-0.13421359342851,7.2406571982335e-07,1.0378601343427e-05
1.88125,-0.89685116513861,-0.12305513524573,7.0461879627402e-07,1.0578803143018e-05
1.8815,-0.90020694860385,-0.11195572322109,6.8477419254422e-07,1.0778698961186e-05
1.88175,-0.90333759250627,-0.10091700074598,6.6450043624191e-07,1.0978358200149e-05
1.882,-0.90625046615443,-0.089940387894161,6.4376562484285e-07,1.1177849316104e-05
1.88225,-0.90895261702964,-0.079027103206597,6.2253738488885e-07,1.1377239879882e-05
1.8825,-0.911450784891,-0.068178183507466,6.0078282965928e-07,1.1576596635363e-05
1.88275,-0.91375141546728,-0.057394501924339,5.7846851532769e-07,1.1775985555717e-05
1.883,-0.91586067370974,-0.046676784271658,5.5556039560123e-07,1.1975471897558e-05
1.88325,-0.91778445658819,-0.036025623942411,5.3202377482623e-07,1.2175120253045e-05
1.8835,-0.91952840541968,-0.025441495440801,5.0782325953121e-07,1.2374994600012e-05
1.88375,-0.9210979177245,-0.014924766677061,4.8292270836809e-07,1.2575158350154e-05
1.884,-0.92249815860903,-0.0044757101348525,4.5728518040059e-07,1.2775674395316e-05
1.88425,-0.92373407167864,0.0059054869879051,4.3087288168037e-07,1.2976605151923e-05
1.8845,-0.92481038948703,0.016218713572738,4.0364711004207e-07,1.3178012603561e-05
1.88475,-0.92573164353046,0.02646392622527,3.7556819803934e-07,1.3379958341745e-05
1.885,-0.92650217379779,0.036641141694417,3.4659545393681e-07,1.3582503604866e-05
1.88525,-0.92712613788805,0.046750429996515,3.1668710066458e-07,1.3785709315331e-05
1.8855,-0.92760751970894,0.056791908181295,2.8580021263405e-07,1.3989636114887e-05
1.88575,-0.92795013777001,0.066765734681803,2.5389065030763e-07,1.4194344398108e-05
1.886,-0.92815765308503,0.076672104196002,2.2091299240633e-07,1.4399894344022e-05
1.88625,-0.92823357669829,0.086511243052184,1.868204656332e-07,1.4606345945855e-05
1.8865,-0.92818127684971,0.096283405014621,1.5156487178347e-07,1.4813759038833e-05
1.88675,-0.92800398579357,0.10598886749008,1.1509651210432e-07,1.5022193325994e-05
1.887,-0.92770480628578,0.11562792809889,7.736410876175e-08,1.523170840195e-05
1.88725,-0.92728671775393,0.12520090157801,3.8314723263475e-08,1.5442363774512e-05
1.8875,-0.9267525821647,0.13470811698606,-2.1063283193564e-09,1.56542188841e-05
1.88775,-0.92610514960218,0.14414991518317,-4.3955563495811e-08,1.5867333120824e-05
1.888,-0.92534706357081,0.15352664656092,-8.7291425036512e-08,1.6081765839125e-05
1.88825,-0.92448086603591,0.16283866899988,-1.3217437637134e-07,1.6297576369845e-05
1.8885,-0.92350900221439,0.17208634603395,-1.7866700088928e-07,1.6514824029575e-05
1.88875,-0.9224338251278,0.18127004520326,-2.2683410533464e-07,1.6733568127118e-05
1.889,-0.92125759992943,0.19039013657823,-2.7674282750009e-07,1.6953867966879e-05
1.88925,-0.91998250801657,0.19944699143935,-3.2846274842429e-07,1.7175782848984e-05
1.8895,-0.91861065093868,0.20844098109879,-3.8206600931045e-07,1.7399372065896e-05
1.88975,-0.91714405411174,0.2173724758506,-4.3762743338722e-07,1.7624694895282e-05
1.89,-0.91558467034851,0.22624184403807,-4.9522465294256e-07,1.785181058886e-05
1.89025,-0.91393438321399,0.23504945122749,-5.5493824176653e-07,1.8080778356921e-05
1.8905,-0.9121950102152,0.24379565947841,-6.1685185324571e-07,1.8311657348198e-05
1.89075,-0.91036830583336,0.25248082670181,-6.8105236435926e-07,1.8544506624727e-05
1.891,-0.90845596440685,0.26110530609777,-7.476300258303e-07,1.8779385131289e-05
1.89125,-0.90645962287247,0.26966944566557,-8.1667861869345e-07,1.9016351659027e-05
1.8915,-0.90438086337221,0.2781735877793,-8.8829561754253e-07,1.9255464802748e-05
1.89175,-0.90222121573255,0.28661806882284,-9.6258236072506e-07,1.9496782911404e-05
1.892,-0.89998215982276,0.2950032188788,-1.0396442277547e-06,1.97403640312e-05
1.89225,-0.89766512779841,0.30332936146617,-1.1195908242119e-06,1.9986265840714e-05
1.8925,-0.89527150623607,0.31159681332199,-1.2025361744015e-06,2.0234545577373e-05
1.89275,-0.8928026381646,0.31980588422304,-1.2885989220366e-06,2.048525995457e-05
1.893,-0.89025982499857,0.3279568768434,-1.3779025392104e-06,2.0738465068637e-05
1.89325,-0.88764432837861,0.33605008664459,-1.4705755439102e-06,2.0994216294835e-05
1.8935,-0.88495737192355,0.34408580179491,-1.5667517263191e-06,2.1252568171444e-05
1.89375,-0.88220014289884,0.35206430311519,-1.6665703841356e-06,2.1513574270954e-05
1.894,-0.87937379380549,0.35998586404815,-1.7701765671227e-06,2.1777287057289e-05
1.89425,-0.87647944389353,0.36785075064905,-1.8777213310766e-06,2.2043757727895e-05
1.8945,-0.873518180604,0.37565922159537,-1.989362001374e-06,2.2313036039429e-05
1.89475,-0.87049106094278,0.38341152821345,-2.1052624462261e-06,2.2585170115697e-05
1.895,-0.86739911278997,0.39110791452033,-2.2255933597213e-06,2.2860206236358e-05
1.89525,-0.86424333614795,0.39874861727907,-2.3505325546909e-06,2.3138188604812e-05
1.8955,-0.86102470433113,0.40633386606601,-2.4802652653727e-06,2.3419159093565e-05
1.89575,-0.85774416510048,0.41386388334863,-2.6149844597743e-06,2.3703156965207e-05
1.896,-0.85440264174542,0.42133888457267,-2.7548911615587e-06,2.3990218567039e-05
1.89625,-0.85100103411573,0.42875907825744,-2.9001947811769e-06,2.4280376997197e-05
1.8965,-0.84754021960609,0.43612466609822,-3.0511134558587e-06,2.4573661739973e-05
1.89675,-0.84402105409535,0.44343584307477,-3.2078743979462e-06,2.4870098267887e-05
1.897,-0.84044437284294,0.45069279756519,-3.3707142509043e-06,2.5169707607856e-05
1.89725,-0.83681099134453,0.45789571146425,-3.5398794521662e-06,2.5472505868631e-05
1.8975,-0.83312170614872,0.46504476030545,-3.715626601783e-06,2.5778503726499e-05
1.89775,-0.82937729563692,0.47214011338632,-3.8982228356111e-06,2.6087705866015e-05
1.898,-0.82557852076809,0.47918193389619,-4.0879462015228e-06,2.6400110372347e-05
1.89825,-0.82172612578989,0.48617037904601,-4.285086036828e-06,2.6715708071588e-05
1.8985,-0.81782083891821,0.4931056001997,-4.4899433447612e-06,2.7034481815179e-05
1.89875,-0.81386337298625,0.49998774300665,-4.7028311675219e-06,2.7356405704373e-05
1.899,-0.80985442606474,0.50681694753482,-4.9240749529168e-06,2.7681444250438e-05
1.89925,-0.80579468205477,0.51359334840433,-5.1540129111901e-06,2.8009551466101e-05
1.8995,-0.80168481125435,0.52031707492104,-5.3929963580813e-06,2.8340669883513e-05
1.89975,-0.79752547090005,0.52698825120984,-5.6413900395469e-06,2.8674729493836e-05
1.9,-0.79331730568492,0.5336069963475,-5.8995724329173e-06,2.9011646603367e-05
1.90025,-0.78906094825365,0.5401734244948,-6.1679360185001e-06,2.935132260099e-05
1.9005,-0.78475701967623,0.54668764502765,-6.4468875148072e-06,2.9693642631593e-05
1.90075,-0.78040612990099,0.55314976266713,-6.7368480696609e-06,3.0038474170075e-05
1.901,-0.77600887818797,0.55955987760833,-7.0382533984043e-06,3.0385665490506e-05
1.90125,-0.77156585352361,0.5659180856476,-7.3515538593099e-06,3.0735044025102e-05
1.9015,-0.76707763501752,0.57222447830841,-7.67721445505e-06,3.1086414607803e-05
1.90175,-0.76254479228226,0.57847914296543,-8.0157147477222e-06,3.1439557597514e-05
1.902,-0.75796788579684,0.58468216296692,-8.3675486734606e-06,3.1794226876443e-05
1.90225,-0.75334746725462,0.59083361775528,-8.733224241054e-06,3.2150147719506e-05
1.9025,-0.74868407989649,0.59693358298559,-9.1132630972696e-06,3.2507014531499e-05
1.90275,-0.74397825882984,0.60298213064232,-9.5081999397431e-06,3.2864488449679e-05
1.903,-0.73923053133409,0.60897932915385,-9.9185817563181e-06,3.3222194810541e-05
1.90325,-0.73444141715317,0.61492524350507,-1.0344966867668e-05,3.3579720481123e-05
1.9035,-0.72961142877582,0.62081993534771,-1.0787923747854e-05,3.3936611056916e-05
1.90375,-0.72474107170406,0.62666346310869,-1.1248029595261e-05,3.4292367930703e-05
1.904,-0.71983084471043,0.63245588209617,-1.172586862407e-05,3.464644523926e-05
1.90425,-0.71488124008437,0.63819724460355,-1.2222030044179e-05,3.4998246697993e-05
1.9045,-0.70989274386855,0.64388760001116,-1.2737105695259e-05,3.5347122337254e-05
1.90475,-0.70486583608516,0.64952699488581,-1.327168729855e-05,3.5692365158383e-05
1.905,-0.69980099095291,0.65511547307825,-1.3826363288132e-05,3.6033207732472e-05
1.90525,-0.69469867709509,0.66065307581819,-1.4401715181791e-05,3.636881877055e-05
1.9055,-0.68955935773898,0.66613984180742,-1.4998313450499e-05,3.6698299700346e-05
1.90575,-0.68438349090712,0.67157580731053,-1.5616712844898e-05,3.7020681292099e-05
1.906,-0.67917152960067,0.67696100624358,-1.6257447137365e-05,3.7334920384008e-05
1.90625,-0.67392392197532,0.68229547026063,-1.6921023239318e-05,3.7639896766953e-05
1.9065,-0.66864111151003,0.68757922883805,-1.7607914655677e-05,3.7934410297931e-05
1.90675,-0.66332353716887,0.6928123093568,-1.8318554242064e-05,3.8217178322347e-05
1.907,-0.6579716335563,0.69799473718257,-1.9053326235636e-05,3.8486833496596e-05
1.90725,-0.65258583106625,0.7031265357439,-1.9812557537807e-05,3.8741922114317e-05
1.9075,-0.64716655602504,0.70820772660821,-2.0596508236709e-05,3.8980903051893e-05
1.90775,-0.64171423082874,0.71323832955582,-2.1405361369429e-05,3.9202147461067e-05
1.908,-0.63622927407488,0.71821836265197,-2.2239211939249e-05,3.9403939348493e-05
1.90825,-0.63071210068901,0.72314784231693,-2.3098055221433e-05,3.9584477193146e-05
1.9085,-0.62516312204614,0.72802678339408,-2.3981774412869e-05,3.9741876762247e-05
1.90875,-0.61958274608744,0.73285519921618,-2.4890127706355e-05,3.9874175293964e-05
1.909,-0.61397137743236,0.73763310166965,-2.5822734899322e-05,3.9979337219809e-05
1.90925,-0.60832941748622,0.7423605012571,-2.6779063679567e-05,4.005526160044e-05
1.9095,-0.60265726454373,0.74703740715801,-2.7758415766527e-05,4.0099791444468e-05
1.90975,-0.5969553138884,0.75166382728759,-2.8759913125582e-05,4.0110725069726e-05
1.91,-0.59122395788816,0.75623976835392,-2.9782484513788e-05,4.0085829649153e-05
1.91025,-0.58546358608724,0.76076523591332,-3.0824852657468e-05,4.0022857057892e-05
1.9105,-0.57967458529455,0.76524023442409,-3.1885522403626e-05,3.9919562103309e-05
1.91075,-0.57385733966872,0.76966476729855,-3.2962770226533e-05,3.9773723174621e-05
1.911,-0.56801223079989,0.77403883695343,-3.4054635505802e-05,3.9583165293125e-05
1.91125,-0.56213963778846,0.77836244485867,-3.5158914020425e-05,3.9345785477416e-05
1.9115,-0.55623993732085,0.7826355915847,-3.6273154121707e-05,3.9059580261016e-05
1.91175,-0.55031350374253,0.78685827684812,-3.7394656053916e-05,3.8722675113373e-05
1.912,-0.5443607091283,0.79103049955587,-3.8520474881736e-05,3.8333355421194e-05
1.91225,-0.53838192335002,0.79515225784801,-3.9647427455465e-05,3.7890098588102e-05
1.9125,-0.53237751414198,0.79922354913892,-4.0772103795791e-05,3.7391606710307e-05
1.91275,-0.52634784716382,0.80324437015728,-4.1890883208295e-05,3.6836839188633e-05
1.913,-0.52029328606131,0.80721471698441,-4.2999955342386e-05,3.6225044548231e-05
1.91325,-0.51421419252498,0.81113458509151,-4.4095346290924e-05,3.5555790662139e-05
1.9135,-0.50811092634673,0.81500396937546,-4.5172949686624e-05,3.4828992519808e-05
1.91375,-0.50198384547452,0.81882286419327,-4.6228562593292e-05,3.4044936652608e-05
1.914,-0.49583330606522,0.82259126339543,-4.7257925818814e-05,3.3204301330596e-05
1.91425,-0.48965966253572,0.82630916035786,-4.8256768099424e-05,3.230817168299e-05
1.9145,-0.4834632676124,0.82997654801281,-4.9220853429241e-05,3.1358048971469e-05
1.91475,-0.47724447237894,0.83359341887849,-5.0146030644563e-05,3.0355853361734e-05
1.915,-0.47100362632274,0.83715976508754,-5.1028284228482e-05,2.9303919692966e-05
1.91525,-0.46474107737987,0.84067557841451,-5.1863785187799e-05,2.8204985932944e-05
1.9155,-0.45845717197858,0.84414085030214,-5.2648940779217e-05,2.7062174222041e-05
1.91575,-0.4521522550817,0.8475555718866,-5.3380441832705e-05,2.587896464293e-05
1.916,-0.44582667022768,0.85091973402175,-5.4055306441073e-05,2.4659162093866e-05
1.91625,-0.43948075957053,0.8542333273024,-5.4670918858061e-05,2.340685687974e-05
1.9165,-0.43311486391871,0.85749634208652,-5.5225062571173e-05,2.2126379854196e-05
1.91675,-0.42672932277289,0.86070876851661,-5.5715946685202e-05,2.0822253136061e-05
1.917,-0.4203244743629,0.86387059654004,-5.6142224960314e-05,1.9499137573868e-05
1.91725,-0.41390065568356,0.86698181592863,-5.6503007084202e-05,1.8161778234917e-05
1.9175,-0.40745820252988,0.87004241629727,-5.6797862009237e-05,1.6814949245285e-05
1.91775,-0.40099744953121,0.87305238712175,-5.702681343966e-05,1.5463399302314e-05
1.918,-0.39451873018488,0.87601171775574,-5.7190327797868e-05,1.411179912304e-05
1.91825,-0.38802237688891,0.87892039744705,-5.7289295220812e-05,1.2764691985567e-05
1.9185,-0.38150872097422,0.88177841535311,-5.7325004327573e-05,1.1426448372871e-05
1.91875,-0.37497809273608,0.88458576055564,-5.7299111649622e-05,1.0101225549573e-05
1.919,-0.36843082146513,0.88734242207479,-5.7213606721544e-05,8.7929327026051e-06
1.91925,-0.36186723547776,0.89004838888243,-5.7070773890342e-05,7.5052020673477e-06
1.9195,-0.35528766214602,0.89270364991488,-5.6873151916831e-05,6.2413662527188e-06
1.91975,-0.34869242792708,0.89530819408501,-5.6623492416721e-05,5.0044417812191e-06
1.92,-0.34208185839232,0.89786201029368,-5.6324718127122e-05,3.7971186810803e-06
1.92025,-0.3354562782559,0.9003650874407,-5.5979881893222e-05,2.6217558135185e-06
1.9205,-0.32881601140315,0.90281741443513,-5.5592127157366e-05,1.4803814924518e-06
1.92075,-0.32216138091851,0.90521898020517,-5.5164650606221e-05,3.7469885875608e-07
1.921,-0.31549270911327,0.90756977370745,-5.4700667498617e-05,-6.9390459366728e-07
1.92125,-0.308810317553,0.90986978393587,-5.4203380063416e-05,-1.7243439788336e-06
1.9215,-0.30211452708477,0.91211899993006,-5.3675949228962e-05,-2.7158211154007e-06
1.92175,-0.29540565786422,0.91431741078329,-5.3121469827624e-05,-3.6678063955063e-06
1.922,-0.28868402938238,0.91646500565009,-5.2542949313779e-05,-4.5800190312629e-06
1.92225,-0.28194996049239,0.91856177375342,-5.1943289943291e-05,-5.4524062394658e-06
1.9225,-0.27520376943613,0.92060770439153,-5.1325274287955e-05,-6.2851218701618e-06
1.92275,-0.26844577387067,0.92260278694443,-5.0691553899639e-05,-7.078504923516e-06
1.923,-0.26167629089474,0.92454701088015,-5.0044640895139e-05,-7.8330583353717e-06
1.92325,-0.25489563707513,0.92644036576061,-4.9386902202999e-05,-8.5494283478045e-06
1.9235,-0.24810412847293,0.92828284124733,-4.8720556196059e-05,-9.2283847190196e-06
1.92375,-0.24130208067002,0.93007442710684,-4.8047671426641e-05,-9.8708019688972e-06
1.924,-0.23448980879531,0.93181511321588,-4.7370167183133e-05,-1.0477641803516e-05
1.92425,-0.22766762755115,0.93350488956647,-4.6689815595629e-05,-1.1049936814775e-05
1.9245,-0.22083585123979,0.93514374627074,-4.6008245032446e-05,-1.1588775510188e-05
1.92475,-0.21399479378979,0.9367316735657,-4.532694454733e-05,-1.209528869307e-05
1.925,-0.20714476878264,0.93826866181783,-4.4647269157632e-05,-1.2570637184431e-05
1.92525,-0.20028608947942,0.9397547015276,-4.3970445755602e-05,-1.3016000854665e-05
1.9255,-0.19341906884748,0.94118978333392,-4.329757947722e-05,-1.3432568914943e-05
1.92575,-0.18654401958745,0.94257389801856,-4.2629660375047e-05,-1.3821531404693e-05
1.926,-0.17966125416011,0.9439070365105,-4.1967570262772e-05,-1.4184071801965e-05
1.92625,-0.17277108481367,0.94518918989036,-4.131208961915e-05,-1.4521360677327e-05
1.9265,-0.16587382361101,0.94642034939477,-4.0663904457494e-05,-1.4834550308632e-05
1.92675,-0.15896978245713,0.9476005064208,-4.00236130838e-05,-1.5124770173041e-05
1.927,-0.1520592731269,0.94872965253056,-3.9391732681679e-05,-1.5393123233554e-05
1.92725,-0.14514260729278,0.94980777945572,-3.8768705675712e-05,-1.5640682939668e-05
1.9275,-0.13822009655292,0.95083487910233,-3.8154905836562e-05,-1.5868490865196e-05
1.92775,-0.13129205245933,0.9518109435556,-3.7550644101354e-05,-1.607755491046e-05
1.928,-0.12435878654637,0.952735965085,-3.6956174091452e-05,-1.6268848000789e-05
1.92825,-0.11742061035928,0.95360993614946,-3.6371697317092e-05,-1.6443307218266e-05
1.9285,-0.11047783548316,0.95443284940276,-3.5797368064377e-05,-1.6601833308764e-05
1.92875,-0.10353077357191,0.95520469769923,-3.523329796512e-05,-1.6745290511473e-05
1.929,-0.096579736377654,0.9559254740996,-3.4679560254025e-05,-1.6874506663085e-05
1.92925,-0.089625035780164,0.95659517187725,-3.4136193720835e-05,-1.6990273533658e-05
1.9295,-0.082666983816646,0.95721378452464,-3.3603206367541e-05,-1.7093347355716e-05
1.92975,-0.075705892711746,0.95778130576011,-3.3080578782525e-05,-1.718444951246e-05
1.93,-0.068742074907719,0.95829772953508,-3.2568267244806e-05,-1.726426735492e-05
1.93025,-0.06177584309492,0.95876305004149,-3.2066206572414e-05,-1.733345512158e-05
1.9305,-0.054807510242467,0.95917726171976,-3.1574312729383e-05,-1.7392634937337e-05
1.93075,-0.047837389629133,0.95954035926706,-3.1092485206055e-05,-1.744239787172e-05
1.931,-0.040865794874526,0.95985233764607,-3.0620609187333e-05,-1.7483305039046e-05
1.93125,-0.033893039970438,0.9601131920942,-3.0158557523289e-05,-1.7515888725643e-05
1.9315,-0.026919439312425,0.96032291813326,-2.9706192516131e-05,-1.7540653531513e-05
1.93175,-0.019945307731649,0.96048151157961,-2.9263367537076e-05,-1.7558077515714e-05
1.932,-0.0129709605269,0.96058896855491,-2.8829928486067e-05,-1.7568613336525e-05
1.93225,-0.0059967134968238,0.96064528549733,-2.8405715106672e-05,-1.7572689378947e-05
1.9325,0.00097711702759788,0.96065045917341,-2.7990562167827e-05,-1.7570710863438e-05
1.93275,0.0079502141504386,0.96060448669041,-2.758430052342e-05,-1.7563060930966e-05
1.933,0.014922260377946,0.96050736550934,-2.7186758060014e-05,-1.7550101700427e-05
1.93325,0.021892937585528,0.96035909345865,-2.6797760542349e-05,-1.7532175295411e-05
1.9335,0.02886192698457,0.96015966874847,-2.6417132365587e-05,-1.7509604837999e-05
1.93375,0.035828909089026,0.9599090899856,-2.6044697222631e-05,-1.7482695407936e-05
1.934,0.04279356368193,0.9596073561892,-2.5680278694224e-05,-1.7451734966092e-05
1.93425,0.049755569781681,0.95925446680715,-2.5323700768957e-05,-1.7416995241543e-05
1.9345,0.056714605608234,0.95885042173321,-2.4974788299749e-05,-1.7378732582032e-05
1.93475,0.063670348549212,0.95839522132487,-2.4633367402829e-05,-1.7337188767867e-05
1.935,0.07062247512578,0.95788886642202,-2.4299265804779e-05,-1.7292591789603e-05
1.93525,0.077570660958534,0.95733135836645,-2.3972313142702e-05,-1.7245156590044e-05
1.9355,0.084514580733297,0.9567226990221,-2.365234122217e-05,-1.7195085771311e-05
1.93575,0.091453908166743,0.95606289079618,-2.3339184237198e-05,-1.7142570267828e-05
1.936,0.098388315972078,0.9553519366612,-2.3032678956119e-05,-1.7087789986221e-05
1.93625,0.10531747582467,0.95458984017782,-2.273266487688e-05,-1.7030914413164e-05
1.9365,0.11224105832755,0.95377660551858,-2.2438984354986e-05,-1.697210319231e-05
1.93675,0.11915873297707,0.95291223749267,-2.2151482706994e-05,-1.6911506671455e-05
1.937,0.12607016812843,0.95199674157148,-2.1870008292225e-05,-1.6849266421111e-05
1.93725,0.13297503096131,0.95103012391521,-2.1594412575071e-05,-1.6785515725686e-05
1.9375,0.13987298744556,0.95001239140045,-2.1324550170103e-05,-1.6720380048447e-05
1.93775,0.14676370230694,0.94894355164872,-2.1060278871926e-05,-1.6653977471467e-05
1.938,0.15364683899296,0.94782361305599,-2.0801459671568e-05,-1.6586419111685e-05
1.93825,0.1605220596388,0.94665258482335,-2.0547956761017e-05,-1.6517809514254e-05
1.9385,0.16738902503346,0.94543047698862,-2.0299637527342e-05,-1.6448247024243e-05
1.93875,0.17424739458597,0.944157300459,-2.0056372537717e-05,-1.637782413781e-05
1.939,0.18109682629185,0.94283306704493,-1.9818035516514e-05,-1.6306627833859e-05
1.93925,0.18793697669977,0.9414577894949,-1.9584503315524e-05,-1.6234739887199e-05
1.9395,0.19476750087842,0.94003148153148,-1.9355655878258e-05,-1.6162237164168e-05
1.93975,0.20158805238368,0.93855415788841,-1.9131376199179e-05,-1.6089191901649e-05
1.94,0.20839828322607,0.93702583434886,-1.8911550278615e-05,-1.6015671970373e-05
1.94025,0.21519784383846,0.93544652778479,-1.8696067074058e-05,-1.5941741123345e-05
1.9405,0.22198638304428,0.93381625619761,-1.8484818448432e-05,-1.5867459230221e-05
1.94075,0.22876354802592,0.93213503875985,-1.8277699115896e-05,-1.5792882498392e-05
1.941,0.23552898429365,0.93040289585813,-1.8074606585648e-05,-1.571806368152e-05
1.94125,0.242282335655,0.92861984913732,-1.7875441104172e-05,-1.5643052276229e-05
1.9415,0.2490232441845,0.9267859215459,-1.7680105596303e-05,-1.5567894707594e-05
1.94175,0.25575135019401,0.92490113738254,-1.7488505605447e-05,-1.5492634504088e-05
1.942,0.26246629220361,0.92296552234395,-1.730054923326e-05,-1.5417312462552e-05
1.94225,0.26916770691296,0.92097910357392,-1.7116147079043e-05,-1.5341966803778e-05
1.9425,0.27585522917336,0.91894190971366,-1.6935212179085e-05,-1.5266633319223e-05
1.94275,0.2825284919604,0.91685397095341,-1.6757659946155e-05,-1.5191345509369e-05
1.943,0.28918712634729,0.91471531908527,-1.6583408109325e-05,-1.5116134714203e-05
1.94325,0.29583076147896,0.91252598755731,-1.6412376654264e-05,-1.5041030236269e-05
1.9435,0.30245902454685,0.91028601152906,-1.6244487764149e-05,-1.4966059456716e-05
1.94375,0.30907154076449,0.90799542792812,-1.6079665761297e-05,-1.4891247944749e-05
1.944,0.315667933344,0.90565427550819,-1.5917837049618e-05,-1.4816619560859e-05
1.94425,0.32224782347334,0.90326259490831,-1.575893005797e-05,-1.4742196554194e-05
1.9445,0.32881083029455,0.90082042871349,-1.560287518449e-05,-1.4667999654397e-05
1.94475,0.33535657088292,0.8983278215165,-1.5449604741939e-05,-1.4594048158252e-05
1.945,0.34188466022718,0.89578481998103,-1.5299052904137e-05,-1.4520360011408e-05
1.94525,0.34839471121071,0.89319147290619,-1.5151155653496e-05,-1.4446951885494e-05
1.9455,0.3548863345938,0.89054783129218,-1.5005850729697e-05,-1.4373839250866e-05
1.94575,0.36135913899709,0.88785394840733,-1.4863077579524e-05,-1.4301036445254e-05
1.946,0.36781273088616,0.88510987985639,-1.4722777307873e-05,-1.4228556738538e-05
1.94625,0.37424671455736,0.8823156836501,-1.4584892629942e-05,-1.4156412393875e-05
1.9465,0.38066069212481,0.87947142027605,-1.444936782461e-05,-1.4084614725387e-05
1.94675,0.38705426350888,0.87657715277072,-1.4316148689001e-05,-1.4013174152615e-05
1.947,0.39342702642583,0.87363294679286,-1.4185182494223e-05,-1.3942100251909e-05
1.94725,0.39977857637899,0.87063887069811,-1.405641794229e-05,-1.3871401804946e-05
1.9475,0.40610850665137,0.86759499561469,-1.3929805124199e-05,-1.380108684453e-05
1.94775,0.41241640829968,0.86450139552054,-1.3805295479159e-05,-1.3731162697831e-05
1.948,0.41870187015008,0.86135814732143,-1.3682841754952e-05,-1.3661636027211e-05
1.94825,0.42496447879527,0.85816533093042,-1.3562397969411e-05,-1.3592512868775e-05
1.9485,0.43120381859351,0.85492302934837,-1.3443919372997e-05,-1.3523798668776e-05
1.94875,0.43741947166912,0.85163132874562,-1.3327362412449e-05,-1.3455498317991e-05
1.949,0.44361101791482,0.84829031854484,-1.32126846955e-05,-1.3387616184188e-05
1.94925,0.44977803499587,0.84490009150487,-1.3099844956612e-05,-1.3320156142797e-05
1.9495,0.45592009835606,0.84146074380573,-1.298880302374e-05,-1.3253121605872e-05
1.94975,0.46203678122551,0.83797237513465,-1.2879519786075e-05,-1.3186515549457e-05
1.95,0.46812765463061,0.83443508877302,-1.2771957162752e-05,-1.3120340539429e-05
